
***** Phase 1 differential defect constraints *****
LOWER		G(X)		UPPER		SCALING
0.000000e+00	4.202194e-15	0.000000e+00	5.000000e-02 ***
0.000000e+00	-4.685141e-15	0.000000e+00	1.000000e-01 ***
0.000000e+00	-1.179612e-15	0.000000e+00	5.000000e-02 ***
0.000000e+00	-8.951173e-16	0.000000e+00	1.000000e-01 ***
0.000000e+00	-7.549517e-16	0.000000e+00	5.000000e-02 ***
0.000000e+00	-3.635980e-16	0.000000e+00	1.000000e-01 ***
0.000000e+00	7.382983e-16	0.000000e+00	5.000000e-02 ***
0.000000e+00	8.618106e-16	0.000000e+00	1.000000e-01 ***
0.000000e+00	1.471046e-16	0.000000e+00	5.000000e-02 ***
0.000000e+00	6.980527e-16	0.000000e+00	1.000000e-01 ***
0.000000e+00	-1.942890e-16	0.000000e+00	5.000000e-02 ***
0.000000e+00	3.705369e-16	0.000000e+00	1.000000e-01 ***
0.000000e+00	-2.664535e-16	0.000000e+00	5.000000e-02 ***
0.000000e+00	-9.658940e-16	0.000000e+00	1.000000e-01 ***
0.000000e+00	-9.714451e-17	0.000000e+00	5.000000e-02 ***
0.000000e+00	5.467848e-16	0.000000e+00	1.000000e-01 ***
0.000000e+00	-2.914335e-16	0.000000e+00	5.000000e-02 ***
0.000000e+00	-5.231926e-16	0.000000e+00	1.000000e-01 ***
0.000000e+00	3.830269e-16	0.000000e+00	5.000000e-02 ***
0.000000e+00	3.511080e-16	0.000000e+00	1.000000e-01 ***
0.000000e+00	-2.081668e-16	0.000000e+00	5.000000e-02 ***
0.000000e+00	-6.661338e-17	0.000000e+00	1.000000e-01 ***
0.000000e+00	2.026157e-16	0.000000e+00	5.000000e-02 ***
0.000000e+00	-1.623701e-16	0.000000e+00	1.000000e-01 ***
0.000000e+00	1.110223e-17	0.000000e+00	5.000000e-02 ***
0.000000e+00	-3.247402e-16	0.000000e+00	1.000000e-01 ***
0.000000e+00	-6.661338e-17	0.000000e+00	5.000000e-02 ***
0.000000e+00	3.400058e-16	0.000000e+00	1.000000e-01 ***
0.000000e+00	1.887379e-16	0.000000e+00	5.000000e-02 ***
0.000000e+00	-6.938894e-18	0.000000e+00	1.000000e-01 ***
0.000000e+00	-4.302114e-16	0.000000e+00	5.000000e-02 ***
0.000000e+00	1.804112e-17	0.000000e+00	1.000000e-01 ***
0.000000e+00	1.665335e-16	0.000000e+00	5.000000e-02 ***
0.000000e+00	4.024558e-17	0.000000e+00	1.000000e-01 ***
0.000000e+00	-3.275158e-16	0.000000e+00	5.000000e-02 ***
0.000000e+00	-3.524958e-16	0.000000e+00	1.000000e-01 ***
0.000000e+00	3.552714e-16	0.000000e+00	5.000000e-02 ***
0.000000e+00	2.040035e-16	0.000000e+00	1.000000e-01 ***
0.000000e+00	-1.471046e-16	0.000000e+00	5.000000e-02 ***
0.000000e+00	1.665335e-16	0.000000e+00	1.000000e-01 ***
0.000000e+00	1.859624e-16	0.000000e+00	5.000000e-02 ***
0.000000e+00	3.053113e-16	0.000000e+00	1.000000e-01 ***
0.000000e+00	-3.524958e-16	0.000000e+00	5.000000e-02 ***
0.000000e+00	-1.776357e-16	0.000000e+00	1.000000e-01 ***
0.000000e+00	1.249001e-16	0.000000e+00	5.000000e-02 ***
0.000000e+00	8.881784e-17	0.000000e+00	1.000000e-01 ***
0.000000e+00	-1.915135e-16	0.000000e+00	5.000000e-02 ***
0.000000e+00	9.714451e-17	0.000000e+00	1.000000e-01 ***
0.000000e+00	3.053113e-16	0.000000e+00	5.000000e-02 ***
0.000000e+00	-2.969847e-16	0.000000e+00	1.000000e-01 ***
0.000000e+00	-4.829470e-16	0.000000e+00	5.000000e-02 ***
0.000000e+00	1.082467e-16	0.000000e+00	1.000000e-01 ***
0.000000e+00	2.609024e-16	0.000000e+00	5.000000e-02 ***
0.000000e+00	-1.276756e-16	0.000000e+00	1.000000e-01 ***
0.000000e+00	-4.052314e-16	0.000000e+00	5.000000e-02 ***
0.000000e+00	-2.442491e-16	0.000000e+00	1.000000e-01 ***
0.000000e+00	3.330669e-16	0.000000e+00	5.000000e-02 ***
0.000000e+00	1.026956e-16	0.000000e+00	1.000000e-01 ***
0.000000e+00	-8.298917e-16	0.000000e+00	5.000000e-02 ***
0.000000e+00	6.106227e-17	0.000000e+00	1.000000e-01 ***
0.000000e+00	7.799317e-16	0.000000e+00	5.000000e-02 ***
0.000000e+00	-3.552714e-16	0.000000e+00	1.000000e-01 ***
0.000000e+00	-6.161738e-16	0.000000e+00	5.000000e-02 ***
0.000000e+00	-5.551115e-17	0.000000e+00	1.000000e-01 ***
0.000000e+00	7.965850e-16	0.000000e+00	5.000000e-02 ***
0.000000e+00	6.106227e-17	0.000000e+00	1.000000e-01 ***
0.000000e+00	-2.803313e-16	0.000000e+00	5.000000e-02 ***
0.000000e+00	-2.664535e-16	0.000000e+00	1.000000e-01 ***
0.000000e+00	3.330669e-16	0.000000e+00	5.000000e-02 ***
0.000000e+00	4.607426e-16	0.000000e+00	1.000000e-01 ***
0.000000e+00	-6.106227e-16	0.000000e+00	5.000000e-02 ***
0.000000e+00	-3.441691e-16	0.000000e+00	1.000000e-01 ***
0.000000e+00	3.053113e-17	0.000000e+00	5.000000e-02 ***
0.000000e+00	-5.051515e-16	0.000000e+00	1.000000e-01 ***
0.000000e+00	-1.665335e-16	0.000000e+00	5.000000e-02 ***
0.000000e+00	-4.385381e-16	0.000000e+00	1.000000e-01 ***
0.000000e+00	-2.942091e-16	0.000000e+00	5.000000e-02 ***
0.000000e+00	5.939693e-16	0.000000e+00	1.000000e-01 ***
0.000000e+00	4.346523e-15	0.000000e+00	5.000000e-02 ***
0.000000e+00	-1.189604e-14	0.000000e+00	1.000000e-01 ***
***** Phase 1 path constraints *****
LOWER		G(X)		UPPER		SCALING
-7.499999e-01	-2.250000e-02	0.000000e+00	7.499999e-03
-7.499993e-01	-2.243834e-02	0.000000e+00	7.499993e-03
-7.500000e-01	-2.232156e-02	0.000000e+00	7.500000e-03
-7.499997e-01	-2.217776e-02	0.000000e+00	7.499997e-03
-7.499999e-01	-2.203981e-02	0.000000e+00	7.499999e-03
-7.499999e-01	-2.193304e-02	0.000000e+00	7.499999e-03
-7.499999e-01	-2.188554e-02	0.000000e+00	7.499999e-03
-7.499999e-01	-2.191771e-02	0.000000e+00	7.499999e-03
-7.499999e-01	-2.205096e-02	0.000000e+00	7.499999e-03
-7.499999e-01	-2.229932e-02	0.000000e+00	7.499999e-03
-7.499999e-01	-2.267639e-02	0.000000e+00	7.499999e-03
-7.499999e-01	-2.318921e-02	0.000000e+00	7.499999e-03
-7.499999e-01	-2.384321e-02	0.000000e+00	7.499999e-03
-7.499999e-01	-2.463855e-02	0.000000e+00	7.499999e-03
-7.499999e-01	-2.557287e-02	0.000000e+00	7.499999e-03
-7.499999e-01	-2.664032e-02	0.000000e+00	7.499999e-03
-7.499999e-01	-2.783199e-02	0.000000e+00	7.499999e-03
-7.499999e-01	-2.913749e-02	0.000000e+00	7.499999e-03
-7.499999e-01	-3.054331e-02	0.000000e+00	7.499999e-03
-7.499999e-01	-3.203634e-02	0.000000e+00	7.499999e-03
-7.499999e-01	-3.360058e-02	0.000000e+00	7.499999e-03
-7.499999e-01	-3.522181e-02	0.000000e+00	7.499999e-03
-7.499999e-01	-3.688319e-02	0.000000e+00	7.499999e-03
-7.499999e-01	-3.857033e-02	0.000000e+00	7.499999e-03
-7.499999e-01	-4.026642e-02	0.000000e+00	7.499999e-03
-7.499999e-01	-4.195706e-02	0.000000e+00	7.499999e-03
-7.499999e-01	-4.362569e-02	0.000000e+00	7.499999e-03
-7.499999e-01	-4.525774e-02	0.000000e+00	7.499999e-03
-7.499999e-01	-4.683694e-02	0.000000e+00	7.499999e-03
-7.499999e-01	-4.834854e-02	0.000000e+00	7.499999e-03
-7.499999e-01	-4.977687e-02	0.000000e+00	7.499999e-03
-7.499999e-01	-5.110752e-02	0.000000e+00	7.499999e-03
-7.499999e-01	-5.232608e-02	0.000000e+00	7.499999e-03
-7.499999e-01	-5.341935e-02	0.000000e+00	7.499999e-03
-7.499999e-01	-5.437502e-02	0.000000e+00	7.499999e-03
-7.499999e-01	-5.518210e-02	0.000000e+00	7.499999e-03
-7.500000e-01	-5.583111e-02	0.000000e+00	7.500000e-03
-7.499998e-01	-5.631399e-02	0.000000e+00	7.499998e-03
-7.499997e-01	-5.662459e-02	0.000000e+00	7.499997e-03
-7.499999e-01	-5.675749e-02	0.000000e+00	7.499999e-03
***** Phase 1 event constraints *****
LOWER		G(X)		UPPER		SCALING
5.000000e-02	5.000000e-02	5.000000e-02	5.000000e-02 ***
1.000000e-01	1.000000e-01	1.000000e-01	1.000000e-01 ***
***** Phase 1 tf >= t0 constraint *****
LOWER		G(X)		UPPER		SCALING
-7.071068e-01	-7.071068e-01	0.000000e+00	7.071068e-01
***** Phase 2 differential defect constraints *****
LOWER		G(X)		UPPER		SCALING
0.000000e+00	-4.458941e-16	0.000000e+00	7.023884e-05 ***
0.000000e+00	-5.416050e-17	0.000000e+00	1.405053e-04 ***
0.000000e+00	-4.744752e-16	0.000000e+00	2.966400e-04 ***
0.000000e+00	-6.162687e-17	0.000000e+00	5.930401e-04 ***
0.000000e+00	-6.603176e-16	0.000000e+00	4.539469e-04 ***
0.000000e+00	-8.257490e-17	0.000000e+00	9.070348e-04 ***
0.000000e+00	-6.061408e-16	0.000000e+00	6.202717e-04 ***
0.000000e+00	-8.689051e-17	0.000000e+00	1.238355e-03 ***
0.000000e+00	-6.946321e-16	0.000000e+00	7.851778e-04 ***
0.000000e+00	-8.344915e-17	0.000000e+00	1.565923e-03 ***
0.000000e+00	-6.511794e-16	0.000000e+00	9.462455e-04 ***
0.000000e+00	-6.193771e-17	0.000000e+00	1.884748e-03 ***
0.000000e+00	-6.983065e-16	0.000000e+00	1.102045e-03 ***
0.000000e+00	-1.946785e-17	0.000000e+00	2.191885e-03 ***
0.000000e+00	-6.754210e-16	0.000000e+00	1.251426e-03 ***
0.000000e+00	9.711432e-17	0.000000e+00	2.485023e-03 ***
0.000000e+00	-7.161576e-16	0.000000e+00	1.393363e-03 ***
0.000000e+00	3.704495e-16	0.000000e+00	2.762179e-03 ***
0.000000e+00	-6.785953e-16	0.000000e+00	1.526916e-03 ***
0.000000e+00	9.446733e-16	0.000000e+00	3.021613e-03 ***
0.000000e+00	-7.199040e-16	0.000000e+00	1.651214e-03 ***
0.000000e+00	1.872945e-15	0.000000e+00	3.261792e-03 ***
0.000000e+00	-6.813141e-16	0.000000e+00	1.765458e-03 ***
0.000000e+00	3.172479e-15	0.000000e+00	3.481378e-03 ***
0.000000e+00	-7.399137e-16	0.000000e+00	1.868915e-03 ***
0.000000e+00	4.919666e-15	0.000000e+00	3.679211e-03 ***
0.000000e+00	-6.692294e-16	0.000000e+00	1.960925e-03 ***
0.000000e+00	6.904806e-15	0.000000e+00	3.854299e-03 ***
0.000000e+00	-7.336844e-16	0.000000e+00	2.040902e-03 ***
0.000000e+00	8.981852e-15	0.000000e+00	4.005809e-03 ***
0.000000e+00	-6.769382e-16	0.000000e+00	2.108339e-03 ***
0.000000e+00	1.087685e-14	0.000000e+00	4.133055e-03 ***
0.000000e+00	-7.213206e-16	0.000000e+00	2.162809e-03 ***
0.000000e+00	1.231587e-14	0.000000e+00	4.235483e-03 ***
0.000000e+00	-6.743638e-16	0.000000e+00	2.203966e-03 ***
0.000000e+00	1.289797e-14	0.000000e+00	4.312666e-03 ***
0.000000e+00	-7.145159e-16	0.000000e+00	2.231549e-03 ***
0.000000e+00	1.251161e-14	0.000000e+00	4.364291e-03 ***
0.000000e+00	-6.765669e-16	0.000000e+00	2.245384e-03 ***
0.000000e+00	1.098416e-14	0.000000e+00	4.390153e-03 ***
0.000000e+00	-7.144586e-16	0.000000e+00	2.245384e-03 ***
0.000000e+00	8.286859e-15	0.000000e+00	4.390153e-03 ***
0.000000e+00	-6.852812e-16	0.000000e+00	2.231549e-03 ***
0.000000e+00	4.687863e-15	0.000000e+00	4.364291e-03 ***
0.000000e+00	-7.301530e-16	0.000000e+00	2.203966e-03 ***
0.000000e+00	4.021938e-16	0.000000e+00	4.312666e-03 ***
0.000000e+00	-6.925062e-16	0.000000e+00	2.162809e-03 ***
0.000000e+00	-4.037421e-15	0.000000e+00	4.235483e-03 ***
0.000000e+00	-7.476282e-16	0.000000e+00	2.108339e-03 ***
0.000000e+00	-8.191592e-15	0.000000e+00	4.133055e-03 ***
0.000000e+00	-7.151043e-16	0.000000e+00	2.040902e-03 ***
0.000000e+00	-1.147592e-14	0.000000e+00	4.005809e-03 ***
0.000000e+00	-7.654556e-16	0.000000e+00	1.960925e-03 ***
0.000000e+00	-1.355372e-14	0.000000e+00	3.854299e-03 ***
0.000000e+00	-7.295391e-16	0.000000e+00	1.868915e-03 ***
0.000000e+00	-1.416099e-14	0.000000e+00	3.679211e-03 ***
0.000000e+00	-7.801008e-16	0.000000e+00	1.765458e-03 ***
0.000000e+00	-1.345057e-14	0.000000e+00	3.481378e-03 ***
0.000000e+00	-7.415360e-16	0.000000e+00	1.651214e-03 ***
0.000000e+00	-1.156938e-14	0.000000e+00	3.261792e-03 ***
0.000000e+00	-7.918358e-16	0.000000e+00	1.526916e-03 ***
0.000000e+00	-9.017337e-15	0.000000e+00	3.021613e-03 ***
0.000000e+00	-7.419916e-16	0.000000e+00	1.393363e-03 ***
0.000000e+00	-6.291507e-15	0.000000e+00	2.762179e-03 ***
0.000000e+00	-7.906859e-16	0.000000e+00	1.251426e-03 ***
0.000000e+00	-3.769801e-15	0.000000e+00	2.485023e-03 ***
0.000000e+00	-7.286344e-16	0.000000e+00	1.102045e-03 ***
0.000000e+00	-1.740426e-15	0.000000e+00	2.191885e-03 ***
0.000000e+00	-7.745001e-16	0.000000e+00	9.462455e-04 ***
0.000000e+00	-3.013186e-16	0.000000e+00	1.884748e-03 ***
0.000000e+00	-6.938584e-16	0.000000e+00	7.851778e-04 ***
0.000000e+00	6.095265e-16	0.000000e+00	1.565923e-03 ***
0.000000e+00	-7.366962e-16	0.000000e+00	6.202717e-04 ***
0.000000e+00	1.127927e-15	0.000000e+00	1.238355e-03 ***
0.000000e+00	-6.148997e-16	0.000000e+00	4.539469e-04 ***
0.000000e+00	1.376584e-15	0.000000e+00	9.070348e-04 ***
0.000000e+00	-5.971561e-16	0.000000e+00	2.966400e-04 ***
0.000000e+00	1.358161e-15	0.000000e+00	5.930401e-04 ***
0.000000e+00	-2.911059e-16	0.000000e+00	7.023884e-05 ***
0.000000e+00	1.014110e-15	0.000000e+00	1.404437e-04 ***
***** Phase 2 path constraints *****
LOWER		G(X)		UPPER		SCALING
***** Phase 2 event constraints *****
LOWER		G(X)		UPPER		SCALING
***** Phase 2 tf >= t0 constraint *****
LOWER		G(X)		UPPER		SCALING
-4.632769e-01	-4.632769e-01	0.000000e+00	7.071068e-01
***** Phase linkage constraints *****
LOWER		G(X)		UPPER		SCALING
0.000000e+00	5.573828e-16	0.000000e+00	3.535534e-02 ***
0.000000e+00	8.635509e-17	0.000000e+00	7.071068e-02 ***
0.000000e+00	0.000000e+00	0.000000e+00	3.259907e-01
***** Scaled Decision Variables ******************************
J	LOWER		X(J)		UPPER		SCALING		DESCRIPTION
1	-1.000000e+00	9.617549e-03	1.000000e+00	1.000000e+00	CONTROL 1 PHASE 1
2	-1.000000e+00	5.746419e-02	1.000000e+00	1.000000e+00	CONTROL 1 PHASE 1
3	-1.000000e+00	1.002543e-01	1.000000e+00	1.000000e+00	CONTROL 1 PHASE 1
4	-1.000000e+00	1.390103e-01	1.000000e+00	1.000000e+00	CONTROL 1 PHASE 1
5	-1.000000e+00	1.749177e-01	1.000000e+00	1.000000e+00	CONTROL 1 PHASE 1
6	-1.000000e+00	2.062166e-01	1.000000e+00	1.000000e+00	CONTROL 1 PHASE 1
7	-1.000000e+00	2.345994e-01	1.000000e+00	1.000000e+00	CONTROL 1 PHASE 1
8	-1.000000e+00	2.580656e-01	1.000000e+00	1.000000e+00	CONTROL 1 PHASE 1
9	-1.000000e+00	2.786093e-01	1.000000e+00	1.000000e+00	CONTROL 1 PHASE 1
10	-1.000000e+00	2.941762e-01	1.000000e+00	1.000000e+00	CONTROL 1 PHASE 1
11	-1.000000e+00	3.069084e-01	1.000000e+00	1.000000e+00	CONTROL 1 PHASE 1
12	-1.000000e+00	3.148282e-01	1.000000e+00	1.000000e+00	CONTROL 1 PHASE 1
13	-1.000000e+00	3.200949e-01	1.000000e+00	1.000000e+00	CONTROL 1 PHASE 1
14	-1.000000e+00	3.209058e-01	1.000000e+00	1.000000e+00	CONTROL 1 PHASE 1
15	-1.000000e+00	3.193235e-01	1.000000e+00	1.000000e+00	CONTROL 1 PHASE 1
16	-1.000000e+00	3.137980e-01	1.000000e+00	1.000000e+00	CONTROL 1 PHASE 1
17	-1.000000e+00	3.062034e-01	1.000000e+00	1.000000e+00	CONTROL 1 PHASE 1
18	-1.000000e+00	2.953060e-01	1.000000e+00	1.000000e+00	CONTROL 1 PHASE 1
19	-1.000000e+00	2.827199e-01	1.000000e+00	1.000000e+00	CONTROL 1 PHASE 1
20	-1.000000e+00	2.675758e-01	1.000000e+00	1.000000e+00	CONTROL 1 PHASE 1
21	-1.000000e+00	2.511747e-01	1.000000e+00	1.000000e+00	CONTROL 1 PHASE 1
22	-1.000000e+00	2.330367e-01	1.000000e+00	1.000000e+00	CONTROL 1 PHASE 1
23	-1.000000e+00	2.141119e-01	1.000000e+00	1.000000e+00	CONTROL 1 PHASE 1
24	-1.000000e+00	1.943069e-01	1.000000e+00	1.000000e+00	CONTROL 1 PHASE 1
25	-1.000000e+00	1.741999e-01	1.000000e+00	1.000000e+00	CONTROL 1 PHASE 1
26	-1.000000e+00	1.540538e-01	1.000000e+00	1.000000e+00	CONTROL 1 PHASE 1
27	-1.000000e+00	1.340754e-01	1.000000e+00	1.000000e+00	CONTROL 1 PHASE 1
28	-1.000000e+00	1.148311e-01	1.000000e+00	1.000000e+00	CONTROL 1 PHASE 1
29	-1.000000e+00	9.618354e-02	1.000000e+00	1.000000e+00	CONTROL 1 PHASE 1
30	-1.000000e+00	7.893375e-02	1.000000e+00	1.000000e+00	CONTROL 1 PHASE 1
31	-1.000000e+00	6.265384e-02	1.000000e+00	1.000000e+00	CONTROL 1 PHASE 1
32	-1.000000e+00	4.829966e-02	1.000000e+00	1.000000e+00	CONTROL 1 PHASE 1
33	-1.000000e+00	3.522993e-02	1.000000e+00	1.000000e+00	CONTROL 1 PHASE 1
34	-1.000000e+00	2.446480e-02	1.000000e+00	1.000000e+00	CONTROL 1 PHASE 1
35	-1.000000e+00	1.523979e-02	1.000000e+00	1.000000e+00	CONTROL 1 PHASE 1
36	-1.000000e+00	8.529901e-03	1.000000e+00	1.000000e+00	CONTROL 1 PHASE 1
37	-1.000000e+00	3.521436e-03	1.000000e+00	1.000000e+00	CONTROL 1 PHASE 1
38	-1.000000e+00	9.439098e-04	1.000000e+00	1.000000e+00	CONTROL 1 PHASE 1
39	-1.000000e+00	-1.881547e-04	1.000000e+00	1.000000e+00	CONTROL 1 PHASE 1
40	-1.000000e+00	-3.229459e-05	1.000000e+00	1.000000e+00	CONTROL 1 PHASE 1
41	-1.000000e+00	5.000000e-02	5.000000e-01	5.000000e-02	STATE 1 PHASE 1
42	-8.000000e-02	1.000000e-01	1.000000e+00	1.000000e-01	STATE 2 PHASE 1
43	-1.000000e+00	5.011751e-02	5.000000e-01	5.000000e-02	STATE 1 PHASE 1
44	-8.000000e-02	9.993796e-02	1.000000e+00	1.000000e-01	STATE 2 PHASE 1
45	-1.000000e+00	5.039296e-02	5.000000e-01	5.000000e-02	STATE 1 PHASE 1
46	-8.000000e-02	9.981711e-02	1.000000e+00	1.000000e-01	STATE 2 PHASE 1
47	-1.000000e+00	5.082323e-02	5.000000e-01	5.000000e-02	STATE 1 PHASE 1
48	-8.000000e-02	9.965850e-02	1.000000e+00	1.000000e-01	STATE 2 PHASE 1
49	-1.000000e+00	5.140496e-02	5.000000e-01	5.000000e-02	STATE 1 PHASE 1
50	-8.000000e-02	9.948430e-02	1.000000e+00	1.000000e-01	STATE 2 PHASE 1
51	-1.000000e+00	5.213391e-02	5.000000e-01	5.000000e-02	STATE 1 PHASE 1
52	-8.000000e-02	9.930608e-02	1.000000e+00	1.000000e-01	STATE 2 PHASE 1
53	-1.000000e+00	5.300497e-02	5.000000e-01	5.000000e-02	STATE 1 PHASE 1
54	-8.000000e-02	9.913551e-02	1.000000e+00	1.000000e-01	STATE 2 PHASE 1
55	-1.000000e+00	5.401222e-02	5.000000e-01	5.000000e-02	STATE 1 PHASE 1
56	-8.000000e-02	9.897430e-02	1.000000e+00	1.000000e-01	STATE 2 PHASE 1
57	-1.000000e+00	5.514896e-02	5.000000e-01	5.000000e-02	STATE 1 PHASE 1
58	-8.000000e-02	9.882361e-02	1.000000e+00	1.000000e-01	STATE 2 PHASE 1
59	-1.000000e+00	5.640770e-02	5.000000e-01	5.000000e-02	STATE 1 PHASE 1
60	-8.000000e-02	9.867613e-02	1.000000e+00	1.000000e-01	STATE 2 PHASE 1
61	-1.000000e+00	5.778011e-02	5.000000e-01	5.000000e-02	STATE 1 PHASE 1
62	-8.000000e-02	9.852392e-02	1.000000e+00	1.000000e-01	STATE 2 PHASE 1
63	-1.000000e+00	5.925700e-02	5.000000e-01	5.000000e-02	STATE 1 PHASE 1
64	-8.000000e-02	9.835292e-02	1.000000e+00	1.000000e-01	STATE 2 PHASE 1
65	-1.000000e+00	6.082829e-02	5.000000e-01	5.000000e-02	STATE 1 PHASE 1
66	-8.000000e-02	9.814885e-02	1.000000e+00	1.000000e-01	STATE 2 PHASE 1
67	-1.000000e+00	6.248300e-02	5.000000e-01	5.000000e-02	STATE 1 PHASE 1
68	-8.000000e-02	9.789432e-02	1.000000e+00	1.000000e-01	STATE 2 PHASE 1
69	-1.000000e+00	6.420923e-02	5.000000e-01	5.000000e-02	STATE 1 PHASE 1
70	-8.000000e-02	9.757240e-02	1.000000e+00	1.000000e-01	STATE 2 PHASE 1
71	-1.000000e+00	6.599428e-02	5.000000e-01	5.000000e-02	STATE 1 PHASE 1
72	-8.000000e-02	9.716635e-02	1.000000e+00	1.000000e-01	STATE 2 PHASE 1
73	-1.000000e+00	6.782467e-02	5.000000e-01	5.000000e-02	STATE 1 PHASE 1
74	-8.000000e-02	9.666066e-02	1.000000e+00	1.000000e-01	STATE 2 PHASE 1
75	-1.000000e+00	6.968633e-02	5.000000e-01	5.000000e-02	STATE 1 PHASE 1
76	-8.000000e-02	9.604312e-02	1.000000e+00	1.000000e-01	STATE 2 PHASE 1
77	-1.000000e+00	7.156478e-02	5.000000e-01	5.000000e-02	STATE 1 PHASE 1
78	-8.000000e-02	9.530343e-02	1.000000e+00	1.000000e-01	STATE 2 PHASE 1
79	-1.000000e+00	7.344533e-02	5.000000e-01	5.000000e-02	STATE 1 PHASE 1
80	-8.000000e-02	9.443700e-02	1.000000e+00	1.000000e-01	STATE 2 PHASE 1
81	-1.000000e+00	7.531334e-02	5.000000e-01	5.000000e-02	STATE 1 PHASE 1
82	-8.000000e-02	9.344147e-02	1.000000e+00	1.000000e-01	STATE 2 PHASE 1
83	-1.000000e+00	7.715448e-02	5.000000e-01	5.000000e-02	STATE 1 PHASE 1
84	-8.000000e-02	9.232163e-02	1.000000e+00	1.000000e-01	STATE 2 PHASE 1
85	-1.000000e+00	7.895500e-02	5.000000e-01	5.000000e-02	STATE 1 PHASE 1
86	-8.000000e-02	9.108418e-02	1.000000e+00	1.000000e-01	STATE 2 PHASE 1
87	-1.000000e+00	8.070197e-02	5.000000e-01	5.000000e-02	STATE 1 PHASE 1
88	-8.000000e-02	8.974316e-02	1.000000e+00	1.000000e-01	STATE 2 PHASE 1
89	-1.000000e+00	8.238348e-02	5.000000e-01	5.000000e-02	STATE 1 PHASE 1
90	-8.000000e-02	8.831373e-02	1.000000e+00	1.000000e-01	STATE 2 PHASE 1
91	-1.000000e+00	8.398885e-02	5.000000e-01	5.000000e-02	STATE 1 PHASE 1
92	-8.000000e-02	8.681736e-02	1.000000e+00	1.000000e-01	STATE 2 PHASE 1
93	-1.000000e+00	8.550872e-02	5.000000e-01	5.000000e-02	STATE 1 PHASE 1
94	-8.000000e-02	8.527547e-02	1.000000e+00	1.000000e-01	STATE 2 PHASE 1
95	-1.000000e+00	8.693514e-02	5.000000e-01	5.000000e-02	STATE 1 PHASE 1
96	-8.000000e-02	8.371393e-02	1.000000e+00	1.000000e-01	STATE 2 PHASE 1
97	-1.000000e+00	8.826156e-02	5.000000e-01	5.000000e-02	STATE 1 PHASE 1
98	-8.000000e-02	8.215738e-02	1.000000e+00	1.000000e-01	STATE 2 PHASE 1
99	-1.000000e+00	8.948281e-02	5.000000e-01	5.000000e-02	STATE 1 PHASE 1
100	-8.000000e-02	8.063267e-02	1.000000e+00	1.000000e-01	STATE 2 PHASE 1
101	-1.000000e+00	9.059498e-02	5.000000e-01	5.000000e-02	STATE 1 PHASE 1
102	-8.000000e-02	7.916453e-02	1.000000e+00	1.000000e-01	STATE 2 PHASE 1
103	-1.000000e+00	9.159528e-02	5.000000e-01	5.000000e-02	STATE 1 PHASE 1
104	-8.000000e-02	7.777779e-02	1.000000e+00	1.000000e-01	STATE 2 PHASE 1
105	-1.000000e+00	9.248193e-02	5.000000e-01	5.000000e-02	STATE 1 PHASE 1
106	-8.000000e-02	7.649460e-02	1.000000e+00	1.000000e-01	STATE 2 PHASE 1
107	-1.000000e+00	9.325392e-02	5.000000e-01	5.000000e-02	STATE 1 PHASE 1
108	-8.000000e-02	7.533556e-02	1.000000e+00	1.000000e-01	STATE 2 PHASE 1
109	-1.000000e+00	9.391085e-02	5.000000e-01	5.000000e-02	STATE 1 PHASE 1
110	-8.000000e-02	7.431843e-02	1.000000e+00	1.000000e-01	STATE 2 PHASE 1
111	-1.000000e+00	9.445276e-02	5.000000e-01	5.000000e-02	STATE 1 PHASE 1
112	-8.000000e-02	7.345828e-02	1.000000e+00	1.000000e-01	STATE 2 PHASE 1
113	-1.000000e+00	9.487993e-02	5.000000e-01	5.000000e-02	STATE 1 PHASE 1
114	-8.000000e-02	7.276732e-02	1.000000e+00	1.000000e-01	STATE 2 PHASE 1
115	-1.000000e+00	9.519275e-02	5.000000e-01	5.000000e-02	STATE 1 PHASE 1
116	-8.000000e-02	7.225453e-02	1.000000e+00	1.000000e-01	STATE 2 PHASE 1
117	-1.000000e+00	9.539157e-02	5.000000e-01	5.000000e-02	STATE 1 PHASE 1
118	-8.000000e-02	7.192609e-02	1.000000e+00	1.000000e-01	STATE 2 PHASE 1
119	-1.000000e+00	9.547604e-02	5.000000e-01	5.000000e-02	STATE 1 PHASE 1
120	-8.000000e-02	7.178606e-02	1.000000e+00	1.000000e-01	STATE 2 PHASE 1
121	0.000000e+00	0.000000e+00	0.000000e+00	1.000000e+00	t0 PHASE 1
122	1.000000e+00	1.000000e+00	1.000000e+00	1.000000e+00	tf PHASE 1
123	-1.000000e+00	-6.097922e-03	1.000000e+00	2.000000e-02	CONTROL 1 PHASE 2
124	-1.000000e+00	-3.674778e-02	1.000000e+00	2.000000e-02	CONTROL 1 PHASE 2
125	-1.000000e+00	-6.379160e-02	1.000000e+00	2.000000e-02	CONTROL 1 PHASE 2
126	-1.000000e+00	-8.590507e-02	1.000000e+00	2.000000e-02	CONTROL 1 PHASE 2
127	-1.000000e+00	-1.028022e-01	1.000000e+00	2.000000e-02	CONTROL 1 PHASE 2
128	-1.000000e+00	-1.129702e-01	1.000000e+00	2.000000e-02	CONTROL 1 PHASE 2
129	-1.000000e+00	-1.177826e-01	1.000000e+00	2.000000e-02	CONTROL 1 PHASE 2
130	-1.000000e+00	-1.167554e-01	1.000000e+00	2.000000e-02	CONTROL 1 PHASE 2
131	-1.000000e+00	-1.121991e-01	1.000000e+00	2.000000e-02	CONTROL 1 PHASE 2
132	-1.000000e+00	-1.039487e-01	1.000000e+00	2.000000e-02	CONTROL 1 PHASE 2
133	-1.000000e+00	-9.438045e-02	1.000000e+00	2.000000e-02	CONTROL 1 PHASE 2
134	-1.000000e+00	-8.309393e-02	1.000000e+00	2.000000e-02	CONTROL 1 PHASE 2
135	-1.000000e+00	-7.204724e-02	1.000000e+00	2.000000e-02	CONTROL 1 PHASE 2
136	-1.000000e+00	-6.049102e-02	1.000000e+00	2.000000e-02	CONTROL 1 PHASE 2
137	-1.000000e+00	-4.989975e-02	1.000000e+00	2.000000e-02	CONTROL 1 PHASE 2
138	-1.000000e+00	-3.934561e-02	1.000000e+00	2.000000e-02	CONTROL 1 PHASE 2
139	-1.000000e+00	-2.992442e-02	1.000000e+00	2.000000e-02	CONTROL 1 PHASE 2
140	-1.000000e+00	-2.072960e-02	1.000000e+00	2.000000e-02	CONTROL 1 PHASE 2
141	-1.000000e+00	-1.256165e-02	1.000000e+00	2.000000e-02	CONTROL 1 PHASE 2
142	-1.000000e+00	-4.653066e-03	1.000000e+00	2.000000e-02	CONTROL 1 PHASE 2
143	-1.000000e+00	2.461419e-03	1.000000e+00	2.000000e-02	CONTROL 1 PHASE 2
144	-1.000000e+00	9.355147e-03	1.000000e+00	2.000000e-02	CONTROL 1 PHASE 2
145	-1.000000e+00	1.573787e-02	1.000000e+00	2.000000e-02	CONTROL 1 PHASE 2
146	-1.000000e+00	2.194659e-02	1.000000e+00	2.000000e-02	CONTROL 1 PHASE 2
147	-1.000000e+00	2.788140e-02	1.000000e+00	2.000000e-02	CONTROL 1 PHASE 2
148	-1.000000e+00	3.358745e-02	1.000000e+00	2.000000e-02	CONTROL 1 PHASE 2
149	-1.000000e+00	3.906135e-02	1.000000e+00	2.000000e-02	CONTROL 1 PHASE 2
150	-1.000000e+00	4.400023e-02	1.000000e+00	2.000000e-02	CONTROL 1 PHASE 2
151	-1.000000e+00	4.840090e-02	1.000000e+00	2.000000e-02	CONTROL 1 PHASE 2
152	-1.000000e+00	5.161544e-02	1.000000e+00	2.000000e-02	CONTROL 1 PHASE 2
153	-1.000000e+00	5.362632e-02	1.000000e+00	2.000000e-02	CONTROL 1 PHASE 2
154	-1.000000e+00	5.359752e-02	1.000000e+00	2.000000e-02	CONTROL 1 PHASE 2
155	-1.000000e+00	5.165491e-02	1.000000e+00	2.000000e-02	CONTROL 1 PHASE 2
156	-1.000000e+00	4.713654e-02	1.000000e+00	2.000000e-02	CONTROL 1 PHASE 2
157	-1.000000e+00	4.061776e-02	1.000000e+00	2.000000e-02	CONTROL 1 PHASE 2
158	-1.000000e+00	3.205130e-02	1.000000e+00	2.000000e-02	CONTROL 1 PHASE 2
159	-1.000000e+00	2.266555e-02	1.000000e+00	2.000000e-02	CONTROL 1 PHASE 2
160	-1.000000e+00	1.324260e-02	1.000000e+00	2.000000e-02	CONTROL 1 PHASE 2
161	-1.000000e+00	5.394963e-03	1.000000e+00	2.000000e-02	CONTROL 1 PHASE 2
162	-1.000000e+00	5.727877e-04	1.000000e+00	2.000000e-02	CONTROL 1 PHASE 2
163	-1.000000e+00	9.547604e-02	5.000000e-01	5.000000e-02	STATE 1 PHASE 2
164	-1.000000e+00	7.178606e-02	1.000000e+00	1.000000e-01	STATE 2 PHASE 2
165	-1.000000e+00	9.563562e-02	5.000000e-01	5.000000e-02	STATE 1 PHASE 2
166	-1.000000e+00	7.100058e-02	1.000000e+00	1.000000e-01	STATE 2 PHASE 2
167	-1.000000e+00	9.599941e-02	5.000000e-01	5.000000e-02	STATE 1 PHASE 2
168	-1.000000e+00	6.762977e-02	1.000000e+00	1.000000e-01	STATE 2 PHASE 2
169	-1.000000e+00	9.652596e-02	5.000000e-01	5.000000e-02	STATE 1 PHASE 2
170	-1.000000e+00	6.056081e-02	1.000000e+00	1.000000e-01	STATE 2 PHASE 2
171	-1.000000e+00	9.713513e-02	5.000000e-01	5.000000e-02	STATE 1 PHASE 2
172	-1.000000e+00	4.891566e-02	1.000000e+00	1.000000e-01	STATE 2 PHASE 2
173	-1.000000e+00	9.770596e-02	5.000000e-01	5.000000e-02	STATE 1 PHASE 2
174	-1.000000e+00	3.284116e-02	1.000000e+00	1.000000e-01	STATE 2 PHASE 2
175	-1.000000e+00	9.808703e-02	5.000000e-01	5.000000e-02	STATE 1 PHASE 2
176	-1.000000e+00	1.281314e-02	1.000000e+00	1.000000e-01	STATE 2 PHASE 2
177	-1.000000e+00	9.811326e-02	5.000000e-01	5.000000e-02	STATE 1 PHASE 2
178	-1.000000e+00	-9.934400e-03	1.000000e+00	1.000000e-01	STATE 2 PHASE 2
179	-1.000000e+00	9.762812e-02	5.000000e-01	5.000000e-02	STATE 1 PHASE 2
180	-1.000000e+00	-3.417682e-02	1.000000e+00	1.000000e-01	STATE 2 PHASE 2
181	-1.000000e+00	9.650058e-02	5.000000e-01	5.000000e-02	STATE 1 PHASE 2
182	-1.000000e+00	-5.843812e-02	1.000000e+00	1.000000e-01	STATE 2 PHASE 2
183	-1.000000e+00	9.464119e-02	5.000000e-01	5.000000e-02	STATE 1 PHASE 2
184	-1.000000e+00	-8.160767e-02	1.000000e+00	1.000000e-01	STATE 2 PHASE 2
185	-1.000000e+00	9.200501e-02	5.000000e-01	5.000000e-02	STATE 1 PHASE 2
186	-1.000000e+00	-1.026859e-01	1.000000e+00	1.000000e-01	STATE 2 PHASE 2
187	-1.000000e+00	8.859505e-02	5.000000e-01	5.000000e-02	STATE 1 PHASE 2
188	-1.000000e+00	-1.211205e-01	1.000000e+00	1.000000e-01	STATE 2 PHASE 2
189	-1.000000e+00	8.445234e-02	5.000000e-01	5.000000e-02	STATE 1 PHASE 2
190	-1.000000e+00	-1.365553e-01	1.000000e+00	1.000000e-01	STATE 2 PHASE 2
191	-1.000000e+00	7.965275e-02	5.000000e-01	5.000000e-02	STATE 1 PHASE 2
192	-1.000000e+00	-1.489206e-01	1.000000e+00	1.000000e-01	STATE 2 PHASE 2
193	-1.000000e+00	7.429309e-02	5.000000e-01	5.000000e-02	STATE 1 PHASE 2
194	-1.000000e+00	-1.582826e-01	1.000000e+00	1.000000e-01	STATE 2 PHASE 2
195	-1.000000e+00	6.848855e-02	5.000000e-01	5.000000e-02	STATE 1 PHASE 2
196	-1.000000e+00	-1.647794e-01	1.000000e+00	1.000000e-01	STATE 2 PHASE 2
197	-1.000000e+00	6.236079e-02	5.000000e-01	5.000000e-02	STATE 1 PHASE 2
198	-1.000000e+00	-1.686356e-01	1.000000e+00	1.000000e-01	STATE 2 PHASE 2
199	-1.000000e+00	5.603799e-02	5.000000e-01	5.000000e-02	STATE 1 PHASE 2
200	-1.000000e+00	-1.699957e-01	1.000000e+00	1.000000e-01	STATE 2 PHASE 2
201	-1.000000e+00	4.964603e-02	5.000000e-01	5.000000e-02	STATE 1 PHASE 2
202	-1.000000e+00	-1.690957e-01	1.000000e+00	1.000000e-01	STATE 2 PHASE 2
203	-1.000000e+00	4.330978e-02	5.000000e-01	5.000000e-02	STATE 1 PHASE 2
204	-1.000000e+00	-1.660169e-01	1.000000e+00	1.000000e-01	STATE 2 PHASE 2
205	-1.000000e+00	3.714657e-02	5.000000e-01	5.000000e-02	STATE 1 PHASE 2
206	-1.000000e+00	-1.609675e-01	1.000000e+00	1.000000e-01	STATE 2 PHASE 2
207	-1.000000e+00	3.126674e-02	5.000000e-01	5.000000e-02	STATE 1 PHASE 2
208	-1.000000e+00	-1.539823e-01	1.000000e+00	1.000000e-01	STATE 2 PHASE 2
209	-1.000000e+00	2.576865e-02	5.000000e-01	5.000000e-02	STATE 1 PHASE 2
210	-1.000000e+00	-1.452633e-01	1.000000e+00	1.000000e-01	STATE 2 PHASE 2
211	-1.000000e+00	2.073745e-02	5.000000e-01	5.000000e-02	STATE 1 PHASE 2
212	-1.000000e+00	-1.348607e-01	1.000000e+00	1.000000e-01	STATE 2 PHASE 2
213	-1.000000e+00	1.624128e-02	5.000000e-01	5.000000e-02	STATE 1 PHASE 2
214	-1.000000e+00	-1.230250e-01	1.000000e+00	1.000000e-01	STATE 2 PHASE 2
215	-1.000000e+00	1.232835e-02	5.000000e-01	5.000000e-02	STATE 1 PHASE 2
216	-1.000000e+00	-1.099056e-01	1.000000e+00	1.000000e-01	STATE 2 PHASE 2
217	-1.000000e+00	9.024600e-03	5.000000e-01	5.000000e-02	STATE 1 PHASE 2
218	-1.000000e+00	-9.586981e-02	1.000000e+00	1.000000e-01	STATE 2 PHASE 2
219	-1.000000e+00	6.330694e-03	5.000000e-01	5.000000e-02	STATE 1 PHASE 2
220	-1.000000e+00	-8.124119e-02	1.000000e+00	1.000000e-01	STATE 2 PHASE 2
221	-1.000000e+00	4.222423e-03	5.000000e-01	5.000000e-02	STATE 1 PHASE 2
222	-1.000000e+00	-6.654096e-02	1.000000e+00	1.000000e-01	STATE 2 PHASE 2
223	-1.000000e+00	2.650391e-03	5.000000e-01	5.000000e-02	STATE 1 PHASE 2
224	-1.000000e+00	-5.226815e-02	1.000000e+00	1.000000e-01	STATE 2 PHASE 2
225	-1.000000e+00	1.545002e-03	5.000000e-01	5.000000e-02	STATE 1 PHASE 2
226	-1.000000e+00	-3.902669e-02	1.000000e+00	1.000000e-01	STATE 2 PHASE 2
227	-1.000000e+00	8.211619e-04	5.000000e-01	5.000000e-02	STATE 1 PHASE 2
228	-1.000000e+00	-2.733982e-02	1.000000e+00	1.000000e-01	STATE 2 PHASE 2
229	-1.000000e+00	3.878742e-04	5.000000e-01	5.000000e-02	STATE 1 PHASE 2
230	-1.000000e+00	-1.766387e-02	1.000000e+00	1.000000e-01	STATE 2 PHASE 2
231	-1.000000e+00	1.565663e-04	5.000000e-01	5.000000e-02	STATE 1 PHASE 2
232	-1.000000e+00	-1.025410e-02	1.000000e+00	1.000000e-01	STATE 2 PHASE 2
233	-1.000000e+00	5.076444e-05	5.000000e-01	5.000000e-02	STATE 1 PHASE 2
234	-1.000000e+00	-5.132544e-03	1.000000e+00	1.000000e-01	STATE 2 PHASE 2
235	-1.000000e+00	1.180470e-05	5.000000e-01	5.000000e-02	STATE 1 PHASE 2
236	-1.000000e+00	-2.060720e-03	1.000000e+00	1.000000e-01	STATE 2 PHASE 2
237	-1.000000e+00	1.554454e-06	5.000000e-01	5.000000e-02	STATE 1 PHASE 2
238	-1.000000e+00	-5.694093e-04	1.000000e+00	1.000000e-01	STATE 2 PHASE 2
239	-1.000000e+00	5.770994e-08	5.000000e-01	5.000000e-02	STATE 1 PHASE 2
240	-1.000000e+00	-6.986820e-05	1.000000e+00	1.000000e-01	STATE 2 PHASE 2
241	-1.000000e+00	-3.638341e-10	5.000000e-01	5.000000e-02	STATE 1 PHASE 2
242	-1.000000e+00	2.956283e-09	1.000000e+00	1.000000e-01	STATE 2 PHASE 2
243	3.448276e-01	3.448276e-01	3.448276e-01	3.448276e-01	t0 PHASE 2
244	1.000000e+00	1.000000e+00	1.000000e+00	3.448276e-01	tf PHASE 2