
***** Phase 1 differential defect constraints *****
LOWER		G(X)		UPPER		SCALING
0.000000e+00	-9.769963e-17	0.000000e+00	1.000000e-02 ***
0.000000e+00	1.383314e-08	0.000000e+00	1.000000e-02 ***
0.000000e+00	9.521273e-15	0.000000e+00	1.000000e-02 ***
0.000000e+00	1.950280e-08	0.000000e+00	1.000000e-02 ***
0.000000e+00	-1.076569e-15	0.000000e+00	1.000000e-02 ***
0.000000e+00	2.248661e-09	0.000000e+00	1.000000e-02 ***
0.000000e+00	-2.069733e-15	0.000000e+00	1.000000e-02 ***
0.000000e+00	3.137582e-09	0.000000e+00	1.000000e-02 ***
0.000000e+00	7.692735e-15	0.000000e+00	1.000000e-02 ***
0.000000e+00	2.183109e-09	0.000000e+00	1.000000e-02 ***
0.000000e+00	-6.560863e-15	0.000000e+00	1.000000e-02 ***
0.000000e+00	2.985073e-09	0.000000e+00	1.000000e-02 ***
0.000000e+00	8.568701e-15	0.000000e+00	1.000000e-02 ***
0.000000e+00	1.491147e-10	0.000000e+00	1.000000e-02 ***
0.000000e+00	-2.806089e-15	0.000000e+00	1.000000e-02 ***
0.000000e+00	1.982547e-10	0.000000e+00	1.000000e-02 ***
0.000000e+00	8.477108e-15	0.000000e+00	1.000000e-02 ***
0.000000e+00	3.830181e-12	0.000000e+00	1.000000e-02 ***
0.000000e+00	-8.331114e-15	0.000000e+00	1.000000e-02 ***
0.000000e+00	4.944418e-12	0.000000e+00	1.000000e-02 ***
0.000000e+00	-5.603296e-15	0.000000e+00	1.000000e-02 ***
0.000000e+00	6.559536e-09	0.000000e+00	1.000000e-02 ***
0.000000e+00	7.932544e-15	0.000000e+00	1.000000e-02 ***
0.000000e+00	7.841754e-09	0.000000e+00	1.000000e-02 ***
0.000000e+00	-1.849632e-14	0.000000e+00	1.000000e-02 ***
0.000000e+00	2.234326e-09	0.000000e+00	1.000000e-02 ***
0.000000e+00	1.567191e-14	0.000000e+00	1.000000e-02 ***
0.000000e+00	2.473892e-09	0.000000e+00	1.000000e-02 ***
0.000000e+00	2.452039e-14	0.000000e+00	1.000000e-02 ***
0.000000e+00	1.450439e-08	0.000000e+00	1.000000e-02 ***
0.000000e+00	-2.255751e-14	0.000000e+00	1.000000e-02 ***
0.000000e+00	1.463166e-08	0.000000e+00	1.000000e-02 ***
0.000000e+00	4.045209e-14	0.000000e+00	1.000000e-02 ***
0.000000e+00	1.067641e-09	0.000000e+00	1.000000e-02 ***
0.000000e+00	-4.249934e-14	0.000000e+00	1.000000e-02 ***
0.000000e+00	9.614641e-10	0.000000e+00	1.000000e-02 ***
0.000000e+00	3.182787e-14	0.000000e+00	1.000000e-02 ***
0.000000e+00	5.691844e-10	0.000000e+00	1.000000e-02 ***
0.000000e+00	-2.979839e-14	0.000000e+00	1.000000e-02 ***
0.000000e+00	4.425695e-10	0.000000e+00	1.000000e-02 ***
0.000000e+00	5.110135e-14	0.000000e+00	1.000000e-02 ***
0.000000e+00	1.874399e-09	0.000000e+00	1.000000e-02 ***
0.000000e+00	-5.734524e-14	0.000000e+00	1.000000e-02 ***
0.000000e+00	1.216389e-09	0.000000e+00	1.000000e-02 ***
0.000000e+00	4.583445e-14	0.000000e+00	1.000000e-02 ***
0.000000e+00	5.878352e-09	0.000000e+00	1.000000e-02 ***
0.000000e+00	-4.920953e-14	0.000000e+00	1.000000e-02 ***
0.000000e+00	3.019517e-09	0.000000e+00	1.000000e-02 ***
0.000000e+00	2.017053e-14	0.000000e+00	1.000000e-02 ***
0.000000e+00	9.768976e-09	0.000000e+00	1.000000e-02 ***
0.000000e+00	1.318501e-14	0.000000e+00	1.000000e-02 ***
0.000000e+00	3.626162e-09	0.000000e+00	1.000000e-02 ***
0.000000e+00	4.698464e-15	0.000000e+00	1.000000e-02 ***
0.000000e+00	3.878390e-09	0.000000e+00	1.000000e-02 ***
0.000000e+00	6.108891e-14	0.000000e+00	1.000000e-02 ***
0.000000e+00	8.711723e-10	0.000000e+00	1.000000e-02 ***
0.000000e+00	3.197442e-16	0.000000e+00	1.000000e-02 ***
0.000000e+00	4.113798e-10	0.000000e+00	1.000000e-02 ***
0.000000e+00	8.953727e-14	0.000000e+00	1.000000e-02 ***
0.000000e+00	3.131889e-11	0.000000e+00	1.000000e-02 ***
0.000000e+00	3.552714e-17	0.000000e+00	1.000000e-02 ***
0.000000e+00	4.056089e-10	0.000000e+00	1.000000e-02 ***
0.000000e+00	9.017231e-14	0.000000e+00	1.000000e-02 ***
0.000000e+00	-3.088275e-11	0.000000e+00	1.000000e-02 ***
0.000000e+00	-4.609646e-15	0.000000e+00	1.000000e-02 ***
0.000000e+00	4.082498e-09	0.000000e+00	1.000000e-02 ***
0.000000e+00	6.120882e-14	0.000000e+00	1.000000e-02 ***
0.000000e+00	-9.169944e-10	0.000000e+00	1.000000e-02 ***
0.000000e+00	-2.010836e-14	0.000000e+00	1.000000e-02 ***
0.000000e+00	9.568820e-09	0.000000e+00	1.000000e-02 ***
0.000000e+00	8.877343e-15	0.000000e+00	1.000000e-02 ***
0.000000e+00	-3.551850e-09	0.000000e+00	1.000000e-02 ***
0.000000e+00	-4.556355e-14	0.000000e+00	1.000000e-02 ***
0.000000e+00	5.686317e-09	0.000000e+00	1.000000e-02 ***
0.000000e+00	-4.609202e-14	0.000000e+00	1.000000e-02 ***
0.000000e+00	-2.920904e-09	0.000000e+00	1.000000e-02 ***
0.000000e+00	-5.009326e-14	0.000000e+00	1.000000e-02 ***
0.000000e+00	2.179641e-09	0.000000e+00	1.000000e-02 ***
0.000000e+00	-5.745626e-14	0.000000e+00	1.000000e-02 ***
0.000000e+00	-1.414570e-09	0.000000e+00	1.000000e-02 ***
0.000000e+00	-3.026912e-14	0.000000e+00	1.000000e-02 ***
0.000000e+00	4.539760e-10	0.000000e+00	1.000000e-02 ***
0.000000e+00	-2.776446e-14	0.000000e+00	1.000000e-02 ***
0.000000e+00	-3.529183e-10	0.000000e+00	1.000000e-02 ***
0.000000e+00	-4.046541e-14	0.000000e+00	1.000000e-02 ***
0.000000e+00	1.352301e-09	0.000000e+00	1.000000e-02 ***
0.000000e+00	-4.276135e-14	0.000000e+00	1.000000e-02 ***
0.000000e+00	-1.217669e-09	0.000000e+00	1.000000e-02 ***
0.000000e+00	-2.504663e-14	0.000000e+00	1.000000e-02 ***
0.000000e+00	1.505694e-08	0.000000e+00	1.000000e-02 ***
0.000000e+00	-2.521539e-14	0.000000e+00	1.000000e-02 ***
0.000000e+00	-1.518889e-08	0.000000e+00	1.000000e-02 ***
0.000000e+00	1.888267e-14	0.000000e+00	1.000000e-02 ***
0.000000e+00	2.234130e-09	0.000000e+00	1.000000e-02 ***
0.000000e+00	1.529887e-14	0.000000e+00	1.000000e-02 ***
0.000000e+00	-2.473685e-09	0.000000e+00	1.000000e-02 ***
0.000000e+00	5.471179e-15	0.000000e+00	1.000000e-02 ***
0.000000e+00	6.559762e-09	0.000000e+00	1.000000e-02 ***
0.000000e+00	7.599477e-15	0.000000e+00	1.000000e-02 ***
0.000000e+00	-7.842077e-09	0.000000e+00	1.000000e-02 ***
0.000000e+00	-8.526513e-15	0.000000e+00	1.000000e-02 ***
0.000000e+00	2.333991e-12	0.000000e+00	1.000000e-02 ***
0.000000e+00	-6.006307e-15	0.000000e+00	1.000000e-02 ***
0.000000e+00	-3.028049e-12	0.000000e+00	1.000000e-02 ***
0.000000e+00	-8.277823e-15	0.000000e+00	1.000000e-02 ***
0.000000e+00	1.559482e-10	0.000000e+00	1.000000e-02 ***
0.000000e+00	-1.734723e-15	0.000000e+00	1.000000e-02 ***
0.000000e+00	-2.073295e-10	0.000000e+00	1.000000e-02 ***
0.000000e+00	-8.526513e-15	0.000000e+00	1.000000e-02 ***
0.000000e+00	2.167322e-09	0.000000e+00	1.000000e-02 ***
0.000000e+00	-8.974488e-15	0.000000e+00	1.000000e-02 ***
0.000000e+00	-2.963494e-09	0.000000e+00	1.000000e-02 ***
0.000000e+00	2.327027e-15	0.000000e+00	1.000000e-02 ***
0.000000e+00	2.128478e-09	0.000000e+00	1.000000e-02 ***
0.000000e+00	-4.211076e-15	0.000000e+00	1.000000e-02 ***
0.000000e+00	-2.969863e-09	0.000000e+00	1.000000e-02 ***
0.000000e+00	-4.973799e-15	0.000000e+00	1.000000e-02 ***
0.000000e+00	1.400187e-08	0.000000e+00	1.000000e-02 ***
0.000000e+00	5.002218e-14	0.000000e+00	1.000000e-02 ***
0.000000e+00	-1.974132e-08	0.000000e+00	1.000000e-02 ***
***** Phase 1 path constraints *****
LOWER		G(X)		UPPER		SCALING
***** Phase 1 event constraints *****
LOWER		G(X)		UPPER		SCALING
0.000000e+00	0.000000e+00	0.000000e+00	1.000000e-02
0.000000e+00	8.661852e-29	0.000000e+00	1.000000e-02 ***
0.000000e+00	0.000000e+00	0.000000e+00	1.000000e-02
0.000000e+00	0.000000e+00	0.000000e+00	1.000000e-02
4.500000e-01	4.500000e-01	4.500000e-01	1.000000e-02
5.000000e-02	5.000000e-02	5.000000e-02	1.000000e-02
0.000000e+00	9.867853e-20	0.000000e+00	1.000000e-02 ***
***** Phase 1 tf >= t0 constraint *****
LOWER		G(X)		UPPER		SCALING
-7.071068e-01	-3.921408e-01	0.000000e+00	7.071068e-01
***** Phase linkage constraints *****
LOWER		G(X)		UPPER		SCALING
***** Scaled Decision Variables ******************************
J	LOWER		X(J)		UPPER		SCALING		DESCRIPTION
1	-1.000000e+00	6.069798e-01	1.000000e+00	6.366198e-01	CONTROL 1 PHASE 1
2	-1.000000e+00	6.044258e-01	1.000000e+00	6.366198e-01	CONTROL 1 PHASE 1
3	-1.000000e+00	5.983077e-01	1.000000e+00	6.366198e-01	CONTROL 1 PHASE 1
4	-1.000000e+00	5.885438e-01	1.000000e+00	6.366198e-01	CONTROL 1 PHASE 1
5	-1.000000e+00	5.747208e-01	1.000000e+00	6.366198e-01	CONTROL 1 PHASE 1
6	-1.000000e+00	5.562765e-01	1.000000e+00	6.366198e-01	CONTROL 1 PHASE 1
7	-1.000000e+00	5.326768e-01	1.000000e+00	6.366198e-01	CONTROL 1 PHASE 1
8	-1.000000e+00	5.030434e-01	1.000000e+00	6.366198e-01	CONTROL 1 PHASE 1
9	-1.000000e+00	4.662999e-01	1.000000e+00	6.366198e-01	CONTROL 1 PHASE 1
10	-1.000000e+00	4.213027e-01	1.000000e+00	6.366198e-01	CONTROL 1 PHASE 1
11	-1.000000e+00	3.668156e-01	1.000000e+00	6.366198e-01	CONTROL 1 PHASE 1
12	-1.000000e+00	3.018224e-01	1.000000e+00	6.366198e-01	CONTROL 1 PHASE 1
13	-1.000000e+00	2.260167e-01	1.000000e+00	6.366198e-01	CONTROL 1 PHASE 1
14	-1.000000e+00	1.403669e-01	1.000000e+00	6.366198e-01	CONTROL 1 PHASE 1
15	-1.000000e+00	4.765104e-02	1.000000e+00	6.366198e-01	CONTROL 1 PHASE 1
16	-1.000000e+00	-4.765065e-02	1.000000e+00	6.366198e-01	CONTROL 1 PHASE 1
17	-1.000000e+00	-1.403671e-01	1.000000e+00	6.366198e-01	CONTROL 1 PHASE 1
18	-1.000000e+00	-2.260155e-01	1.000000e+00	6.366198e-01	CONTROL 1 PHASE 1
19	-1.000000e+00	-3.018235e-01	1.000000e+00	6.366198e-01	CONTROL 1 PHASE 1
20	-1.000000e+00	-3.668174e-01	1.000000e+00	6.366198e-01	CONTROL 1 PHASE 1
21	-1.000000e+00	-4.213011e-01	1.000000e+00	6.366198e-01	CONTROL 1 PHASE 1
22	-1.000000e+00	-4.662984e-01	1.000000e+00	6.366198e-01	CONTROL 1 PHASE 1
23	-1.000000e+00	-5.030412e-01	1.000000e+00	6.366198e-01	CONTROL 1 PHASE 1
24	-1.000000e+00	-5.326778e-01	1.000000e+00	6.366198e-01	CONTROL 1 PHASE 1
25	-1.000000e+00	-5.562787e-01	1.000000e+00	6.366198e-01	CONTROL 1 PHASE 1
26	-1.000000e+00	-5.747205e-01	1.000000e+00	6.366198e-01	CONTROL 1 PHASE 1
27	-1.000000e+00	-5.885466e-01	1.000000e+00	6.366198e-01	CONTROL 1 PHASE 1
28	-1.000000e+00	-5.983085e-01	1.000000e+00	6.366198e-01	CONTROL 1 PHASE 1
29	-1.000000e+00	-6.044279e-01	1.000000e+00	6.366198e-01	CONTROL 1 PHASE 1
30	-1.000000e+00	-6.069889e-01	1.000000e+00	6.366198e-01	CONTROL 1 PHASE 1
31	-1.000000e+00	0.000000e+00	1.000000e+00	1.000000e-02	STATE 1 PHASE 1
32	-1.000000e+00	8.661852e-29	1.000000e+00	1.000000e-02	STATE 2 PHASE 1
33	-1.000000e+00	0.000000e+00	1.000000e+00	1.000000e-02	STATE 3 PHASE 1
34	-1.000000e+00	0.000000e+00	1.000000e+00	1.000000e-02	STATE 4 PHASE 1
35	-1.000000e+00	1.582972e-06	1.000000e+00	1.000000e-02	STATE 1 PHASE 1
36	-1.000000e+00	1.356312e-03	1.000000e+00	1.000000e-02	STATE 2 PHASE 1
37	-1.000000e+00	2.223514e-06	1.000000e+00	1.000000e-02	STATE 3 PHASE 1
38	-1.000000e+00	1.902442e-03	1.000000e+00	1.000000e-02	STATE 4 PHASE 1
39	-1.000000e+00	1.775034e-05	1.000000e+00	1.000000e-02	STATE 1 PHASE 1
40	-1.000000e+00	4.561966e-03	1.000000e+00	1.000000e-02	STATE 2 PHASE 1
41	-1.000000e+00	2.476678e-05	1.000000e+00	1.000000e-02	STATE 3 PHASE 1
42	-1.000000e+00	6.334776e-03	1.000000e+00	1.000000e-02	STATE 4 PHASE 1
43	-1.000000e+00	7.821924e-05	1.000000e+00	1.000000e-02	STATE 1 PHASE 1
44	-1.000000e+00	9.643007e-03	1.000000e+00	1.000000e-02	STATE 2 PHASE 1
45	-1.000000e+00	1.079927e-04	1.000000e+00	1.000000e-02	STATE 3 PHASE 1
46	-1.000000e+00	1.317909e-02	1.000000e+00	1.000000e-02	STATE 4 PHASE 1
47	-1.000000e+00	2.289986e-04	1.000000e+00	1.000000e-02	STATE 1 PHASE 1
48	-1.000000e+00	1.665542e-02	1.000000e+00	1.000000e-02	STATE 2 PHASE 1
49	-1.000000e+00	3.116346e-04	1.000000e+00	1.000000e-02	STATE 3 PHASE 1
50	-1.000000e+00	2.226963e-02	1.000000e+00	1.000000e-02	STATE 4 PHASE 1
51	-1.000000e+00	5.314639e-04	1.000000e+00	1.000000e-02	STATE 1 PHASE 1
52	-1.000000e+00	2.567781e-02	1.000000e+00	1.000000e-02	STATE 2 PHASE 1
53	-1.000000e+00	7.100134e-04	1.000000e+00	1.000000e-02	STATE 3 PHASE 1
54	-1.000000e+00	3.337354e-02	1.000000e+00	1.000000e-02	STATE 4 PHASE 1
55	-1.000000e+00	1.061061e-03	1.000000e+00	1.000000e-02	STATE 1 PHASE 1
56	-1.000000e+00	3.680816e-02	1.000000e+00	1.000000e-02	STATE 2 PHASE 1
57	-1.000000e+00	1.385750e-03	1.000000e+00	1.000000e-02	STATE 3 PHASE 1
58	-1.000000e+00	4.618544e-02	1.000000e+00	1.000000e-02	STATE 4 PHASE 1
59	-1.000000e+00	1.905525e-03	1.000000e+00	1.000000e-02	STATE 1 PHASE 1
60	-1.000000e+00	5.015981e-02	1.000000e+00	1.000000e-02	STATE 2 PHASE 1
61	-1.000000e+00	2.422228e-03	1.000000e+00	1.000000e-02	STATE 3 PHASE 1
62	-1.000000e+00	6.031905e-02	1.000000e+00	1.000000e-02	STATE 4 PHASE 1
63	-1.000000e+00	3.162538e-03	1.000000e+00	1.000000e-02	STATE 1 PHASE 1
64	-1.000000e+00	6.585637e-02	1.000000e+00	1.000000e-02	STATE 2 PHASE 1
65	-1.000000e+00	3.895024e-03	1.000000e+00	1.000000e-02	STATE 3 PHASE 1
66	-1.000000e+00	7.529325e-02	1.000000e+00	1.000000e-02	STATE 4 PHASE 1
67	-1.000000e+00	4.936580e-03	1.000000e+00	1.000000e-02	STATE 1 PHASE 1
68	-1.000000e+00	8.401465e-02	1.000000e+00	1.000000e-02	STATE 2 PHASE 1
69	-1.000000e+00	5.862665e-03	1.000000e+00	1.000000e-02	STATE 3 PHASE 1
70	-1.000000e+00	9.052011e-02	1.000000e+00	1.000000e-02	STATE 4 PHASE 1
71	-1.000000e+00	7.334561e-03	1.000000e+00	1.000000e-02	STATE 1 PHASE 1
72	-1.000000e+00	1.047156e-01	1.000000e+00	1.000000e-02	STATE 2 PHASE 1
73	-1.000000e+00	8.357194e-03	1.000000e+00	1.000000e-02	STATE 3 PHASE 1
74	-1.000000e+00	1.052943e-01	1.000000e+00	1.000000e-02	STATE 4 PHASE 1
75	-1.000000e+00	1.045970e-02	1.000000e+00	1.000000e-02	STATE 1 PHASE 1
76	-1.000000e+00	1.279579e-01	1.000000e+00	1.000000e-02	STATE 2 PHASE 1
77	-1.000000e+00	1.137529e-02	1.000000e+00	1.000000e-02	STATE 3 PHASE 1
78	-1.000000e+00	1.187926e-01	1.000000e+00	1.000000e-02	STATE 4 PHASE 1
79	-1.000000e+00	1.440301e-02	1.000000e+00	1.000000e-02	STATE 1 PHASE 1
80	-1.000000e+00	1.535903e-01	1.000000e+00	1.000000e-02	STATE 2 PHASE 1
81	-1.000000e+00	1.487122e-02	1.000000e+00	1.000000e-02	STATE 3 PHASE 1
82	-1.000000e+00	1.301045e-01	1.000000e+00	1.000000e-02	STATE 4 PHASE 1
83	-1.000000e+00	1.923207e-02	1.000000e+00	1.000000e-02	STATE 1 PHASE 1
84	-1.000000e+00	1.812363e-01	1.000000e+00	1.000000e-02	STATE 2 PHASE 1
85	-1.000000e+00	1.875357e-02	1.000000e+00	1.000000e-02	STATE 3 PHASE 1
86	-1.000000e+00	1.383138e-01	1.000000e+00	1.000000e-02	STATE 4 PHASE 1
87	-1.000000e+00	2.497772e-02	1.000000e+00	1.000000e-02	STATE 1 PHASE 1
88	-1.000000e+00	2.102497e-01	1.000000e+00	1.000000e-02	STATE 2 PHASE 1
89	-1.000000e+00	2.288853e-02	1.000000e+00	1.000000e-02	STATE 3 PHASE 1
90	-1.000000e+00	1.426452e-01	1.000000e+00	1.000000e-02	STATE 4 PHASE 1
91	-1.000000e+00	3.162156e-02	1.000000e+00	1.000000e-02	STATE 1 PHASE 1
92	-1.000000e+00	2.397503e-01	1.000000e+00	1.000000e-02	STATE 2 PHASE 1
93	-1.000000e+00	2.711146e-02	1.000000e+00	1.000000e-02	STATE 3 PHASE 1
94	-1.000000e+00	1.426453e-01	1.000000e+00	1.000000e-02	STATE 4 PHASE 1
95	-1.000000e+00	3.908832e-02	1.000000e+00	1.000000e-02	STATE 1 PHASE 1
96	-1.000000e+00	2.687637e-01	1.000000e+00	1.000000e-02	STATE 2 PHASE 1
97	-1.000000e+00	3.124642e-02	1.000000e+00	1.000000e-02	STATE 3 PHASE 1
98	-1.000000e+00	1.383139e-01	1.000000e+00	1.000000e-02	STATE 4 PHASE 1
99	-1.000000e+00	4.724669e-02	1.000000e+00	1.000000e-02	STATE 1 PHASE 1
100	-1.000000e+00	2.964097e-01	1.000000e+00	1.000000e-02	STATE 2 PHASE 1
101	-1.000000e+00	3.512878e-02	1.000000e+00	1.000000e-02	STATE 3 PHASE 1
102	-1.000000e+00	1.301045e-01	1.000000e+00	1.000000e-02	STATE 4 PHASE 1
103	-1.000000e+00	5.591867e-02	1.000000e+00	1.000000e-02	STATE 1 PHASE 1
104	-1.000000e+00	3.220421e-01	1.000000e+00	1.000000e-02	STATE 2 PHASE 1
105	-1.000000e+00	3.862470e-02	1.000000e+00	1.000000e-02	STATE 3 PHASE 1
106	-1.000000e+00	1.187927e-01	1.000000e+00	1.000000e-02	STATE 4 PHASE 1
107	-1.000000e+00	6.489376e-02	1.000000e+00	1.000000e-02	STATE 1 PHASE 1
108	-1.000000e+00	3.452844e-01	1.000000e+00	1.000000e-02	STATE 2 PHASE 1
109	-1.000000e+00	4.164280e-02	1.000000e+00	1.000000e-02	STATE 3 PHASE 1
110	-1.000000e+00	1.052943e-01	1.000000e+00	1.000000e-02	STATE 4 PHASE 1
111	-1.000000e+00	7.394384e-02	1.000000e+00	1.000000e-02	STATE 1 PHASE 1
112	-1.000000e+00	3.659854e-01	1.000000e+00	1.000000e-02	STATE 2 PHASE 1
113	-1.000000e+00	4.413733e-02	1.000000e+00	1.000000e-02	STATE 3 PHASE 1
114	-1.000000e+00	9.052009e-02	1.000000e+00	1.000000e-02	STATE 4 PHASE 1
115	-1.000000e+00	8.283597e-02	1.000000e+00	1.000000e-02	STATE 1 PHASE 1
116	-1.000000e+00	3.841437e-01	1.000000e+00	1.000000e-02	STATE 2 PHASE 1
117	-1.000000e+00	4.610497e-02	1.000000e+00	1.000000e-02	STATE 3 PHASE 1
118	-1.000000e+00	7.529328e-02	1.000000e+00	1.000000e-02	STATE 4 PHASE 1
119	-1.000000e+00	9.134240e-02	1.000000e+00	1.000000e-02	STATE 1 PHASE 1
120	-1.000000e+00	3.998403e-01	1.000000e+00	1.000000e-02	STATE 2 PHASE 1
121	-1.000000e+00	4.757777e-02	1.000000e+00	1.000000e-02	STATE 3 PHASE 1
122	-1.000000e+00	6.031912e-02	1.000000e+00	1.000000e-02	STATE 4 PHASE 1
123	-1.000000e+00	9.924803e-02	1.000000e+00	1.000000e-02	STATE 1 PHASE 1
124	-1.000000e+00	4.131920e-01	1.000000e+00	1.000000e-02	STATE 2 PHASE 1
125	-1.000000e+00	4.861425e-02	1.000000e+00	1.000000e-02	STATE 3 PHASE 1
126	-1.000000e+00	4.618553e-02	1.000000e+00	1.000000e-02	STATE 4 PHASE 1
127	-1.000000e+00	1.063560e-01	1.000000e+00	1.000000e-02	STATE 1 PHASE 1
128	-1.000000e+00	4.243223e-01	1.000000e+00	1.000000e-02	STATE 2 PHASE 1
129	-1.000000e+00	4.928999e-02	1.000000e+00	1.000000e-02	STATE 3 PHASE 1
130	-1.000000e+00	3.337359e-02	1.000000e+00	1.000000e-02	STATE 4 PHASE 1
131	-1.000000e+00	1.124921e-01	1.000000e+00	1.000000e-02	STATE 1 PHASE 1
132	-1.000000e+00	4.333446e-01	1.000000e+00	1.000000e-02	STATE 2 PHASE 1
133	-1.000000e+00	4.968836e-02	1.000000e+00	1.000000e-02	STATE 3 PHASE 1
134	-1.000000e+00	2.226967e-02	1.000000e+00	1.000000e-02	STATE 4 PHASE 1
135	-1.000000e+00	1.175078e-01	1.000000e+00	1.000000e-02	STATE 1 PHASE 1
136	-1.000000e+00	4.403570e-01	1.000000e+00	1.000000e-02	STATE 2 PHASE 1
137	-1.000000e+00	4.989201e-02	1.000000e+00	1.000000e-02	STATE 3 PHASE 1
138	-1.000000e+00	1.317912e-02	1.000000e+00	1.000000e-02	STATE 4 PHASE 1
139	-1.000000e+00	1.212833e-01	1.000000e+00	1.000000e-02	STATE 1 PHASE 1
140	-1.000000e+00	4.454381e-01	1.000000e+00	1.000000e-02	STATE 2 PHASE 1
141	-1.000000e+00	4.997523e-02	1.000000e+00	1.000000e-02	STATE 3 PHASE 1
142	-1.000000e+00	6.334789e-03	1.000000e+00	1.000000e-02	STATE 4 PHASE 1
143	-1.000000e+00	1.237287e-01	1.000000e+00	1.000000e-02	STATE 1 PHASE 1
144	-1.000000e+00	4.486437e-01	1.000000e+00	1.000000e-02	STATE 2 PHASE 1
145	-1.000000e+00	4.999778e-02	1.000000e+00	1.000000e-02	STATE 3 PHASE 1
146	-1.000000e+00	1.902452e-03	1.000000e+00	1.000000e-02	STATE 4 PHASE 1
147	-1.000000e+00	1.247785e-01	1.000000e+00	1.000000e-02	STATE 1 PHASE 1
148	-1.000000e+00	4.500000e-01	1.000000e+00	1.000000e-02	STATE 2 PHASE 1
149	-1.000000e+00	5.000000e-02	1.000000e+00	1.000000e-02	STATE 3 PHASE 1
150	-1.000000e+00	9.867853e-20	1.000000e+00	1.000000e-02	STATE 4 PHASE 1
151	0.000000e+00	0.000000e+00	0.000000e+00	1.000000e+00	t0 PHASE 1
152	0.000000e+00	5.545709e-01	1.000000e+00	1.000000e+00	tf PHASE 1