
***** Phase 1 differential defect constraints *****
LOWER		G(X)		UPPER		SCALING
0.000000e+00	-1.364242e-15	0.000000e+00	6.666667e-04 ***
0.000000e+00	2.093943e-10	0.000000e+00	6.666667e-02 ***
0.000000e+00	-1.102956e-13	0.000000e+00	9.090909e-04 ***
0.000000e+00	-7.872280e-09	0.000000e+00	2.500000e-01 ***
0.000000e+00	1.955414e-14	0.000000e+00	6.666667e-04 ***
0.000000e+00	1.378734e-10	0.000000e+00	6.666667e-02 ***
0.000000e+00	-1.008144e-12	0.000000e+00	9.090909e-04 ***
0.000000e+00	-3.403033e-09	0.000000e+00	2.500000e-01 ***
0.000000e+00	1.376369e-13	0.000000e+00	6.666667e-04 ***
0.000000e+00	2.444782e-10	0.000000e+00	6.666667e-02 ***
0.000000e+00	-2.405135e-12	0.000000e+00	9.090909e-04 ***
0.000000e+00	-2.710875e-09	0.000000e+00	2.500000e-01 ***
0.000000e+00	4.821080e-13	0.000000e+00	6.666667e-04 ***
0.000000e+00	2.163095e-10	0.000000e+00	6.666667e-02 ***
0.000000e+00	-3.733954e-12	0.000000e+00	9.090909e-04 ***
0.000000e+00	-3.488254e-10	0.000000e+00	2.500000e-01 ***
0.000000e+00	9.786921e-13	0.000000e+00	6.666667e-04 ***
0.000000e+00	1.986528e-10	0.000000e+00	6.666667e-02 ***
0.000000e+00	-3.366293e-12	0.000000e+00	9.090909e-04 ***
0.000000e+00	-1.404307e-10	0.000000e+00	2.500000e-01 ***
0.000000e+00	1.640349e-12	0.000000e+00	6.666667e-04 ***
0.000000e+00	2.645213e-10	0.000000e+00	6.666667e-02 ***
0.000000e+00	-4.255931e-12	0.000000e+00	9.090909e-04 ***
0.000000e+00	-1.162435e-10	0.000000e+00	2.500000e-01 ***
0.000000e+00	2.426304e-12	0.000000e+00	6.666667e-04 ***
0.000000e+00	1.592271e-10	0.000000e+00	6.666667e-02 ***
0.000000e+00	-3.231471e-12	0.000000e+00	9.090909e-04 ***
0.000000e+00	8.139785e-10	0.000000e+00	2.500000e-01 ***
0.000000e+00	3.145942e-12	0.000000e+00	6.666667e-04 ***
0.000000e+00	3.163331e-10	0.000000e+00	6.666667e-02 ***
0.000000e+00	-3.963549e-12	0.000000e+00	9.090909e-04 ***
0.000000e+00	-4.532730e-11	0.000000e+00	2.500000e-01 ***
0.000000e+00	4.387933e-12	0.000000e+00	6.666667e-04 ***
0.000000e+00	3.815906e-10	0.000000e+00	6.666667e-02 ***
0.000000e+00	-5.389544e-12	0.000000e+00	9.090909e-04 ***
0.000000e+00	1.037411e-09	0.000000e+00	2.500000e-01 ***
0.000000e+00	6.142197e-12	0.000000e+00	6.666667e-04 ***
0.000000e+00	7.124442e-10	0.000000e+00	6.666667e-02 ***
0.000000e+00	-7.367062e-12	0.000000e+00	9.090909e-04 ***
0.000000e+00	2.019652e-09	0.000000e+00	2.500000e-01 ***
0.000000e+00	9.010895e-12	0.000000e+00	6.666667e-04 ***
0.000000e+00	8.776005e-10	0.000000e+00	6.666667e-02 ***
0.000000e+00	-9.867268e-12	0.000000e+00	9.090909e-04 ***
0.000000e+00	4.704595e-09	0.000000e+00	2.500000e-01 ***
0.000000e+00	1.232790e-11	0.000000e+00	6.666667e-04 ***
0.000000e+00	9.188204e-10	0.000000e+00	6.666667e-02 ***
0.000000e+00	-9.502153e-12	0.000000e+00	9.090909e-04 ***
0.000000e+00	8.463435e-09	0.000000e+00	2.500000e-01 ***
0.000000e+00	1.532059e-11	0.000000e+00	6.666667e-04 ***
0.000000e+00	7.391169e-10	0.000000e+00	6.666667e-02 ***
0.000000e+00	-7.710254e-12	0.000000e+00	9.090909e-04 ***
0.000000e+00	1.182264e-08	0.000000e+00	2.500000e-01 ***
0.000000e+00	1.721363e-11	0.000000e+00	6.666667e-04 ***
0.000000e+00	7.444986e-10	0.000000e+00	6.666667e-02 ***
0.000000e+00	-5.964386e-12	0.000000e+00	9.090909e-04 ***
0.000000e+00	1.644938e-08	0.000000e+00	2.500000e-01 ***
0.000000e+00	1.938361e-11	0.000000e+00	6.666667e-04 ***
0.000000e+00	8.726544e-10	0.000000e+00	6.666667e-02 ***
0.000000e+00	-7.191351e-12	0.000000e+00	9.090909e-04 ***
0.000000e+00	2.003567e-08	0.000000e+00	2.500000e-01 ***
0.000000e+00	2.135077e-11	0.000000e+00	6.666667e-04 ***
0.000000e+00	6.415666e-10	0.000000e+00	6.666667e-02 ***
0.000000e+00	-5.265044e-12	0.000000e+00	9.090909e-04 ***
0.000000e+00	2.469394e-08	0.000000e+00	2.500000e-01 ***
0.000000e+00	2.306948e-11	0.000000e+00	6.666667e-04 ***
0.000000e+00	4.595891e-10	0.000000e+00	6.666667e-02 ***
0.000000e+00	-4.356583e-12	0.000000e+00	9.090909e-04 ***
0.000000e+00	2.874322e-08	0.000000e+00	2.500000e-01 ***
0.000000e+00	2.304296e-11	0.000000e+00	6.666667e-04 ***
0.000000e+00	-3.929908e-10	0.000000e+00	6.666667e-02 ***
0.000000e+00	1.296676e-12	0.000000e+00	9.090909e-04 ***
0.000000e+00	2.931641e-08	0.000000e+00	2.500000e-01 ***
0.000000e+00	1.988572e-11	0.000000e+00	6.666667e-04 ***
0.000000e+00	-1.198882e-09	0.000000e+00	6.666667e-02 ***
0.000000e+00	7.541324e-12	0.000000e+00	9.090909e-04 ***
0.000000e+00	2.237240e-08	0.000000e+00	2.500000e-01 ***
0.000000e+00	1.001945e-11	0.000000e+00	6.666667e-04 ***
0.000000e+00	-1.822600e-09	0.000000e+00	6.666667e-02 ***
0.000000e+00	1.634961e-11	0.000000e+00	9.090909e-04 ***
0.000000e+00	4.693101e-09	0.000000e+00	2.500000e-01 ***
0.000000e+00	3.056281e-13	0.000000e+00	6.666667e-04 ***
0.000000e+00	-5.989676e-10	0.000000e+00	6.666667e-02 ***
0.000000e+00	5.171731e-12	0.000000e+00	9.090909e-04 ***
0.000000e+00	-3.878738e-09	0.000000e+00	2.500000e-01 ***
0.000000e+00	9.547042e-13	0.000000e+00	6.666667e-04 ***
0.000000e+00	-1.156350e-08	0.000000e+00	6.666667e-02 ***
0.000000e+00	-1.747787e-12	0.000000e+00	9.090909e-04 ***
0.000000e+00	4.924704e-07	0.000000e+00	2.500000e-01 ***
0.000000e+00	-9.686876e-13	0.000000e+00	6.666667e-04 ***
0.000000e+00	-1.394581e-08	0.000000e+00	6.666667e-02 ***
0.000000e+00	-3.075358e-14	0.000000e+00	9.090909e-04 ***
0.000000e+00	9.942619e-07	0.000000e+00	2.500000e-01 ***
0.000000e+00	6.713587e-13	0.000000e+00	6.666667e-04 ***
0.000000e+00	-2.189468e-08	0.000000e+00	6.666667e-02 ***
0.000000e+00	-3.939753e-12	0.000000e+00	9.090909e-04 ***
0.000000e+00	1.015551e-06	0.000000e+00	2.500000e-01 ***
0.000000e+00	8.639821e-13	0.000000e+00	6.666667e-04 ***
0.000000e+00	-2.256905e-08	0.000000e+00	6.666667e-02 ***
0.000000e+00	2.601116e-12	0.000000e+00	9.090909e-04 ***
0.000000e+00	1.023371e-06	0.000000e+00	2.500000e-01 ***
0.000000e+00	-6.255050e-13	0.000000e+00	6.666667e-04 ***
0.000000e+00	-1.542456e-08	0.000000e+00	6.666667e-02 ***
0.000000e+00	7.300181e-13	0.000000e+00	9.090909e-04 ***
0.000000e+00	9.347394e-07	0.000000e+00	2.500000e-01 ***
0.000000e+00	1.158545e-12	0.000000e+00	6.666667e-04 ***
0.000000e+00	-2.158602e-08	0.000000e+00	6.666667e-02 ***
0.000000e+00	3.818857e-12	0.000000e+00	9.090909e-04 ***
0.000000e+00	9.750760e-07	0.000000e+00	2.500000e-01 ***
0.000000e+00	-4.915061e-14	0.000000e+00	6.666667e-04 ***
0.000000e+00	1.367694e-10	0.000000e+00	6.666667e-02 ***
0.000000e+00	6.014924e-12	0.000000e+00	9.090909e-04 ***
0.000000e+00	-5.331344e-10	0.000000e+00	2.500000e-01 ***
0.000000e+00	1.850367e-12	0.000000e+00	6.666667e-04 ***
0.000000e+00	4.166106e-10	0.000000e+00	6.666667e-02 ***
0.000000e+00	1.062048e-12	0.000000e+00	9.090909e-04 ***
0.000000e+00	-5.031282e-10	0.000000e+00	2.500000e-01 ***
0.000000e+00	8.027503e-12	0.000000e+00	6.666667e-04 ***
0.000000e+00	1.101689e-09	0.000000e+00	6.666667e-02 ***
0.000000e+00	-6.104854e-12	0.000000e+00	9.090909e-04 ***
0.000000e+00	5.532521e-09	0.000000e+00	2.500000e-01 ***
0.000000e+00	1.930653e-11	0.000000e+00	6.666667e-04 ***
0.000000e+00	2.720060e-09	0.000000e+00	6.666667e-02 ***
0.000000e+00	-1.555254e-11	0.000000e+00	9.090909e-04 ***
0.000000e+00	2.648949e-08	0.000000e+00	2.500000e-01 ***
0.000000e+00	3.320573e-11	0.000000e+00	6.666667e-04 ***
0.000000e+00	3.718362e-09	0.000000e+00	6.666667e-02 ***
0.000000e+00	-1.885693e-11	0.000000e+00	9.090909e-04 ***
0.000000e+00	6.220728e-08	0.000000e+00	2.500000e-01 ***
0.000000e+00	4.323753e-11	0.000000e+00	6.666667e-04 ***
0.000000e+00	3.765999e-09	0.000000e+00	6.666667e-02 ***
0.000000e+00	-1.574623e-11	0.000000e+00	9.090909e-04 ***
0.000000e+00	1.005576e-07	0.000000e+00	2.500000e-01 ***
0.000000e+00	5.068993e-11	0.000000e+00	6.666667e-04 ***
0.000000e+00	3.790249e-09	0.000000e+00	6.666667e-02 ***
0.000000e+00	-1.369730e-11	0.000000e+00	9.090909e-04 ***
0.000000e+00	1.358596e-07	0.000000e+00	2.500000e-01 ***
0.000000e+00	5.507582e-11	0.000000e+00	6.666667e-04 ***
0.000000e+00	3.201755e-09	0.000000e+00	6.666667e-02 ***
0.000000e+00	-9.483969e-12	0.000000e+00	9.090909e-04 ***
0.000000e+00	1.641330e-07	0.000000e+00	2.500000e-01 ***
0.000000e+00	5.728180e-11	0.000000e+00	6.666667e-04 ***
0.000000e+00	3.329298e-09	0.000000e+00	6.666667e-02 ***
0.000000e+00	-8.604744e-12	0.000000e+00	9.090909e-04 ***
0.000000e+00	1.826192e-07	0.000000e+00	2.500000e-01 ***
0.000000e+00	5.801409e-11	0.000000e+00	6.666667e-04 ***
0.000000e+00	3.190766e-09	0.000000e+00	6.666667e-02 ***
0.000000e+00	-7.258633e-12	0.000000e+00	9.090909e-04 ***
0.000000e+00	1.909221e-07	0.000000e+00	2.500000e-01 ***
0.000000e+00	5.872448e-11	0.000000e+00	6.666667e-04 ***
0.000000e+00	3.810922e-09	0.000000e+00	6.666667e-02 ***
0.000000e+00	-9.076880e-12	0.000000e+00	9.090909e-04 ***
0.000000e+00	1.989647e-07	0.000000e+00	2.500000e-01 ***
0.000000e+00	5.977192e-11	0.000000e+00	6.666667e-04 ***
0.000000e+00	3.475406e-09	0.000000e+00	6.666667e-02 ***
0.000000e+00	-7.846265e-12	0.000000e+00	9.090909e-04 ***
0.000000e+00	2.025466e-07	0.000000e+00	2.500000e-01 ***
0.000000e+00	5.906979e-11	0.000000e+00	6.666667e-04 ***
0.000000e+00	3.064763e-09	0.000000e+00	6.666667e-02 ***
0.000000e+00	-6.655079e-12	0.000000e+00	9.090909e-04 ***
0.000000e+00	1.979858e-07	0.000000e+00	2.500000e-01 ***
0.000000e+00	5.610377e-11	0.000000e+00	6.666667e-04 ***
0.000000e+00	1.653158e-09	0.000000e+00	6.666667e-02 ***
0.000000e+00	-2.314677e-12	0.000000e+00	9.090909e-04 ***
0.000000e+00	1.729322e-07	0.000000e+00	2.500000e-01 ***
0.000000e+00	4.916683e-11	0.000000e+00	6.666667e-04 ***
0.000000e+00	6.171999e-10	0.000000e+00	6.666667e-02 ***
0.000000e+00	7.100454e-13	0.000000e+00	9.090909e-04 ***
0.000000e+00	1.347804e-07	0.000000e+00	2.500000e-01 ***
0.000000e+00	4.129348e-11	0.000000e+00	6.666667e-04 ***
0.000000e+00	-3.845749e-11	0.000000e+00	6.666667e-02 ***
0.000000e+00	2.672054e-12	0.000000e+00	9.090909e-04 ***
0.000000e+00	9.323916e-08	0.000000e+00	2.500000e-01 ***
0.000000e+00	3.312524e-11	0.000000e+00	6.666667e-04 ***
0.000000e+00	-8.677720e-11	0.000000e+00	6.666667e-02 ***
0.000000e+00	2.152622e-12	0.000000e+00	9.090909e-04 ***
0.000000e+00	6.258144e-08	0.000000e+00	2.500000e-01 ***
0.000000e+00	2.806473e-11	0.000000e+00	6.666667e-04 ***
0.000000e+00	1.654216e-10	0.000000e+00	6.666667e-02 ***
0.000000e+00	1.254108e-13	0.000000e+00	9.090909e-04 ***
0.000000e+00	4.446003e-08	0.000000e+00	2.500000e-01 ***
0.000000e+00	2.494903e-11	0.000000e+00	6.666667e-04 ***
0.000000e+00	3.803307e-10	0.000000e+00	6.666667e-02 ***
0.000000e+00	-1.567244e-12	0.000000e+00	9.090909e-04 ***
0.000000e+00	3.638036e-08	0.000000e+00	2.500000e-01 ***
0.000000e+00	2.406000e-11	0.000000e+00	6.666667e-04 ***
0.000000e+00	3.984421e-10	0.000000e+00	6.666667e-02 ***
0.000000e+00	-2.158784e-12	0.000000e+00	9.090909e-04 ***
0.000000e+00	3.220647e-08	0.000000e+00	2.500000e-01 ***
0.000000e+00	2.193125e-11	0.000000e+00	6.666667e-04 ***
0.000000e+00	9.504807e-11	0.000000e+00	6.666667e-02 ***
0.000000e+00	-1.928865e-13	0.000000e+00	9.090909e-04 ***
0.000000e+00	2.690491e-08	0.000000e+00	2.500000e-01 ***
0.000000e+00	1.866950e-11	0.000000e+00	6.666667e-04 ***
0.000000e+00	-2.412120e-10	0.000000e+00	6.666667e-02 ***
0.000000e+00	2.226492e-12	0.000000e+00	9.090909e-04 ***
0.000000e+00	1.799595e-08	0.000000e+00	2.500000e-01 ***
0.000000e+00	1.203648e-11	0.000000e+00	6.666667e-04 ***
0.000000e+00	-6.255361e-10	0.000000e+00	6.666667e-02 ***
0.000000e+00	6.364861e-12	0.000000e+00	9.090909e-04 ***
0.000000e+00	7.116341e-09	0.000000e+00	2.500000e-01 ***
0.000000e+00	4.372396e-12	0.000000e+00	6.666667e-04 ***
0.000000e+00	-5.017226e-10	0.000000e+00	6.666667e-02 ***
0.000000e+00	7.779862e-12	0.000000e+00	9.090909e-04 ***
0.000000e+00	7.153725e-10	0.000000e+00	2.500000e-01 ***
0.000000e+00	-4.629328e-12	0.000000e+00	6.666667e-04 ***
0.000000e+00	-3.166588e-10	0.000000e+00	6.666667e-02 ***
0.000000e+00	1.042512e-11	0.000000e+00	9.090909e-04 ***
0.000000e+00	1.015539e-09	0.000000e+00	2.500000e-01 ***
0.000000e+00	-1.248304e-11	0.000000e+00	6.666667e-04 ***
0.000000e+00	1.319253e-10	0.000000e+00	6.666667e-02 ***
0.000000e+00	8.930379e-12	0.000000e+00	9.090909e-04 ***
0.000000e+00	9.475128e-09	0.000000e+00	2.500000e-01 ***
0.000000e+00	-1.914949e-11	0.000000e+00	6.666667e-04 ***
0.000000e+00	4.714336e-10	0.000000e+00	6.666667e-02 ***
0.000000e+00	9.565585e-12	0.000000e+00	9.090909e-04 ***
0.000000e+00	2.089202e-08	0.000000e+00	2.500000e-01 ***
0.000000e+00	-2.356152e-11	0.000000e+00	6.666667e-04 ***
0.000000e+00	6.070745e-10	0.000000e+00	6.666667e-02 ***
0.000000e+00	5.956635e-12	0.000000e+00	9.090909e-04 ***
0.000000e+00	3.051761e-08	0.000000e+00	2.500000e-01 ***
0.000000e+00	-2.554232e-11	0.000000e+00	6.666667e-04 ***
0.000000e+00	7.114552e-10	0.000000e+00	6.666667e-02 ***
0.000000e+00	5.384990e-12	0.000000e+00	9.090909e-04 ***
0.000000e+00	3.695589e-08	0.000000e+00	2.500000e-01 ***
0.000000e+00	-2.603792e-11	0.000000e+00	6.666667e-04 ***
0.000000e+00	5.952916e-10	0.000000e+00	6.666667e-02 ***
0.000000e+00	2.460526e-12	0.000000e+00	9.090909e-04 ***
0.000000e+00	3.685492e-08	0.000000e+00	2.500000e-01 ***
0.000000e+00	-2.513032e-11	0.000000e+00	6.666667e-04 ***
0.000000e+00	5.897195e-10	0.000000e+00	6.666667e-02 ***
0.000000e+00	2.539628e-12	0.000000e+00	9.090909e-04 ***
0.000000e+00	3.609911e-08	0.000000e+00	2.500000e-01 ***
0.000000e+00	-2.382823e-11	0.000000e+00	6.666667e-04 ***
0.000000e+00	4.317373e-10	0.000000e+00	6.666667e-02 ***
0.000000e+00	2.066904e-13	0.000000e+00	9.090909e-04 ***
0.000000e+00	2.994579e-08	0.000000e+00	2.500000e-01 ***
0.000000e+00	-2.144975e-11	0.000000e+00	6.666667e-04 ***
0.000000e+00	3.775451e-10	0.000000e+00	6.666667e-02 ***
0.000000e+00	9.233180e-14	0.000000e+00	9.090909e-04 ***
0.000000e+00	2.597697e-08	0.000000e+00	2.500000e-01 ***
0.000000e+00	-1.875477e-11	0.000000e+00	6.666667e-04 ***
0.000000e+00	2.633323e-10	0.000000e+00	6.666667e-02 ***
0.000000e+00	-2.825887e-12	0.000000e+00	9.090909e-04 ***
0.000000e+00	1.640286e-08	0.000000e+00	2.500000e-01 ***
0.000000e+00	-1.474344e-11	0.000000e+00	6.666667e-04 ***
0.000000e+00	1.991493e-10	0.000000e+00	6.666667e-02 ***
0.000000e+00	-2.801573e-12	0.000000e+00	9.090909e-04 ***
0.000000e+00	1.377771e-08	0.000000e+00	2.500000e-01 ***
0.000000e+00	-1.238133e-11	0.000000e+00	6.666667e-04 ***
0.000000e+00	1.709562e-10	0.000000e+00	6.666667e-02 ***
0.000000e+00	-1.231971e-12	0.000000e+00	9.090909e-04 ***
0.000000e+00	8.439409e-09	0.000000e+00	2.500000e-01 ***
0.000000e+00	-1.084436e-11	0.000000e+00	6.666667e-04 ***
0.000000e+00	1.450084e-10	0.000000e+00	6.666667e-02 ***
0.000000e+00	3.649606e-15	0.000000e+00	9.090909e-04 ***
0.000000e+00	7.911452e-09	0.000000e+00	2.500000e-01 ***
0.000000e+00	-1.026266e-11	0.000000e+00	6.666667e-04 ***
0.000000e+00	1.143422e-10	0.000000e+00	6.666667e-02 ***
0.000000e+00	7.826305e-14	0.000000e+00	9.090909e-04 ***
0.000000e+00	4.781178e-09	0.000000e+00	2.500000e-01 ***
0.000000e+00	-9.164978e-12	0.000000e+00	6.666667e-04 ***
0.000000e+00	1.234979e-10	0.000000e+00	6.666667e-02 ***
0.000000e+00	-9.250814e-13	0.000000e+00	9.090909e-04 ***
0.000000e+00	4.440961e-09	0.000000e+00	2.500000e-01 ***
0.000000e+00	-7.594357e-12	0.000000e+00	6.666667e-04 ***
0.000000e+00	2.118198e-10	0.000000e+00	6.666667e-02 ***
0.000000e+00	-3.419416e-12	0.000000e+00	9.090909e-04 ***
0.000000e+00	7.170599e-10	0.000000e+00	2.500000e-01 ***
0.000000e+00	-4.981302e-12	0.000000e+00	6.666667e-04 ***
0.000000e+00	1.390614e-10	0.000000e+00	6.666667e-02 ***
0.000000e+00	-3.745710e-12	0.000000e+00	9.090909e-04 ***
0.000000e+00	2.983420e-09	0.000000e+00	2.500000e-01 ***
0.000000e+00	-3.753181e-12	0.000000e+00	6.666667e-04 ***
0.000000e+00	8.070159e-11	0.000000e+00	6.666667e-02 ***
0.000000e+00	-1.172169e-12	0.000000e+00	9.090909e-04 ***
0.000000e+00	7.415657e-10	0.000000e+00	2.500000e-01 ***
0.000000e+00	-3.047868e-12	0.000000e+00	6.666667e-04 ***
0.000000e+00	5.310882e-11	0.000000e+00	6.666667e-02 ***
0.000000e+00	-6.426019e-13	0.000000e+00	9.090909e-04 ***
0.000000e+00	1.572861e-09	0.000000e+00	2.500000e-01 ***
0.000000e+00	-2.895376e-12	0.000000e+00	6.666667e-04 ***
0.000000e+00	4.435358e-11	0.000000e+00	6.666667e-02 ***
0.000000e+00	-3.768460e-13	0.000000e+00	9.090909e-04 ***
0.000000e+00	-1.070213e-09	0.000000e+00	2.500000e-01 ***
0.000000e+00	-2.135115e-12	0.000000e+00	6.666667e-04 ***
0.000000e+00	1.341343e-10	0.000000e+00	6.666667e-02 ***
0.000000e+00	-2.535791e-12	0.000000e+00	9.090909e-04 ***
0.000000e+00	2.273479e-10	0.000000e+00	2.500000e-01 ***
0.000000e+00	-1.282236e-12	0.000000e+00	6.666667e-04 ***
0.000000e+00	2.523745e-10	0.000000e+00	6.666667e-02 ***
0.000000e+00	-3.304075e-12	0.000000e+00	9.090909e-04 ***
0.000000e+00	-1.822886e-09	0.000000e+00	2.500000e-01 ***
0.000000e+00	2.986174e-14	0.000000e+00	6.666667e-04 ***
0.000000e+00	1.542003e-10	0.000000e+00	6.666667e-02 ***
0.000000e+00	-4.635704e-12	0.000000e+00	9.090909e-04 ***
0.000000e+00	1.571598e-09	0.000000e+00	2.500000e-01 ***
0.000000e+00	6.440738e-13	0.000000e+00	6.666667e-04 ***
0.000000e+00	5.130781e-11	0.000000e+00	6.666667e-02 ***
0.000000e+00	-1.138587e-12	0.000000e+00	9.090909e-04 ***
0.000000e+00	4.219542e-10	0.000000e+00	2.500000e-01 ***
0.000000e+00	8.662937e-13	0.000000e+00	6.666667e-04 ***
0.000000e+00	3.328139e-11	0.000000e+00	6.666667e-02 ***
0.000000e+00	-9.908195e-13	0.000000e+00	9.090909e-04 ***
0.000000e+00	2.336448e-09	0.000000e+00	2.500000e-01 ***
0.000000e+00	6.702218e-13	0.000000e+00	6.666667e-04 ***
0.000000e+00	-1.342460e-10	0.000000e+00	6.666667e-02 ***
0.000000e+00	3.048558e-12	0.000000e+00	9.090909e-04 ***
0.000000e+00	8.064391e-10	0.000000e+00	2.500000e-01 ***
0.000000e+00	3.682696e-13	0.000000e+00	6.666667e-04 ***
0.000000e+00	-2.350307e-11	0.000000e+00	6.666667e-02 ***
0.000000e+00	1.871311e-12	0.000000e+00	9.090909e-04 ***
0.000000e+00	2.399837e-09	0.000000e+00	2.500000e-01 ***
0.000000e+00	2.016805e-13	0.000000e+00	6.666667e-04 ***
0.000000e+00	-2.933526e-10	0.000000e+00	6.666667e-02 ***
0.000000e+00	5.584149e-12	0.000000e+00	9.090909e-04 ***
0.000000e+00	-1.176846e-10	0.000000e+00	2.500000e-01 ***
0.000000e+00	-3.281002e-13	0.000000e+00	6.666667e-04 ***
0.000000e+00	1.528325e-08	0.000000e+00	6.666667e-02 ***
0.000000e+00	-8.184160e-15	0.000000e+00	9.090909e-04 ***
0.000000e+00	-7.469146e-08	0.000000e+00	2.500000e-01 ***
***** Phase 1 path constraints *****
LOWER		G(X)		UPPER		SCALING
2.518590e-05	4.448516e-01	2.518590e+16	2.518590e-03
2.519321e-05	4.449546e-01	2.519321e+16	2.519321e-03
2.522381e-05	4.457915e-01	2.522381e+16	2.522381e-03
2.527874e-05	4.472261e-01	2.527874e+16	2.527874e-03
2.531917e-05	4.495762e-01	2.531917e+16	2.531917e-03
2.529927e-05	4.513081e-01	2.529927e+16	2.529927e-03
2.523030e-05	4.537606e-01	2.523030e+16	2.523030e-03
2.518369e-05	4.568407e-01	2.518369e+16	2.518369e-03
2.520679e-05	4.625481e-01	2.520679e+16	2.520679e-03
2.523922e-05	4.682400e-01	2.523922e+16	2.523922e-03
2.514025e-05	4.724968e-01	2.514025e+16	2.514025e-03
2.484212e-05	4.723813e-01	2.484212e+16	2.484212e-03
2.447046e-05	4.703461e-01	2.447046e+16	2.447046e-03
2.425966e-05	4.692526e-01	2.425966e+16	2.425966e-03
2.436749e-05	4.698010e-01	2.436749e+16	2.436749e-03
2.479569e-05	4.706248e-01	2.479569e+16	2.479569e-03
2.544203e-05	4.636146e-01	2.544203e+16	2.544203e-03
2.625245e-05	4.459702e-01	2.625245e+16	2.625245e-03
2.740232e-05	4.091662e-01	2.740232e+16	2.740232e-03
2.917063e-05	3.580362e-01	2.917063e+16	2.917063e-03
3.142207e-05	3.096772e-01	3.142207e+16	3.142207e-03
3.334324e-05	2.909917e-01	3.334324e+16	3.334324e-03
3.436153e-05	3.084502e-01	3.436153e+16	3.436153e-03
3.517129e-05	3.211728e-01	3.517129e+16	3.517129e-03
3.555822e-05	3.061329e-01	3.555822e+16	3.555822e-03
3.546156e-05	3.098618e-01	3.546156e+16	3.546156e-03
3.577064e-05	3.068796e-01	3.577064e+16	3.577064e-03
3.462115e-05	2.993032e-01	3.462115e+16	3.462115e-03
3.046673e-05	3.178977e-01	3.046673e+16	3.046673e-03
2.698631e-05	3.775618e-01	2.698631e+16	2.698631e-03
2.577813e-05	4.383803e-01	2.577813e+16	2.577813e-03
2.455297e-05	4.581215e-01	2.455297e+16	2.455297e-03
2.346954e-05	4.564645e-01	2.346954e+16	2.346954e-03
2.350333e-05	4.512744e-01	2.350333e+16	2.350333e-03
2.420928e-05	4.534868e-01	2.420928e+16	2.420928e-03
2.484008e-05	4.509037e-01	2.484008e+16	2.484008e-03
2.498710e-05	4.473497e-01	2.498710e+16	2.498710e-03
2.481920e-05	4.397509e-01	2.481920e+16	2.481920e-03
2.473186e-05	4.379646e-01	2.473186e+16	2.473186e-03
2.488606e-05	4.394400e-01	2.488606e+16	2.488606e-03
2.511983e-05	4.442491e-01	2.511983e+16	2.511983e-03
2.518281e-05	4.446873e-01	2.518281e+16	2.518281e-03
2.503033e-05	4.425390e-01	2.503033e+16	2.503033e-03
2.485425e-05	4.389879e-01	2.485425e+16	2.485425e-03
2.484405e-05	4.391521e-01	2.484405e+16	2.484405e-03
2.499222e-05	4.415133e-01	2.499222e+16	2.499222e-03
2.512427e-05	4.440261e-01	2.512427e+16	2.512427e-03
2.509695e-05	4.434331e-01	2.509695e+16	2.509695e-03
2.495396e-05	4.409528e-01	2.495396e+16	2.495396e-03
2.486030e-05	4.393033e-01	2.486030e+16	2.486030e-03
2.491211e-05	4.401656e-01	2.491211e+16	2.491211e-03
2.504305e-05	4.425680e-01	2.504305e+16	2.504305e-03
2.510527e-05	4.435456e-01	2.510527e+16	2.510527e-03
2.503421e-05	4.424320e-01	2.503421e+16	2.503421e-03
2.491539e-05	4.401715e-01	2.491539e+16	2.491539e-03
2.487929e-05	4.397014e-01	2.487929e+16	2.487929e-03
2.495921e-05	4.409377e-01	2.495921e+16	2.495921e-03
2.506331e-05	4.429508e-01	2.506331e+16	2.506331e-03
2.507765e-05	4.430313e-01	2.507765e+16	2.507765e-03
2.499046e-05	4.416526e-01	2.499046e+16	2.499046e-03
2.489905e-05	4.398840e-01	2.489905e+16	2.489905e-03
2.489819e-05	4.400072e-01	2.489819e+16	2.489819e-03
2.498301e-05	4.413794e-01	2.498301e+16	2.498301e-03
2.506104e-05	4.428679e-01	2.506104e+16	2.506104e-03
2.505217e-05	4.426147e-01	2.505217e+16	2.505217e-03
2.497065e-05	4.412550e-01	2.497065e+16	2.497065e-03
2.490149e-05	4.399674e-01	2.490149e+16	2.490149e-03
2.490771e-05	4.401313e-01	2.490771e+16	2.490771e-03
2.497414e-05	4.412649e-01	2.497414e+16	2.497414e-03
2.503521e-05	4.423758e-01	2.503521e+16	2.503521e-03
2.504739e-05	4.425692e-01	2.504739e+16	2.504739e-03
2.502819e-05	4.422449e-01	2.502819e+16	2.502819e-03
2.502611e-05	4.421965e-01	2.502611e+16	2.502611e-03
2.506513e-05	4.428875e-01	2.506513e+16	2.506513e-03
2.512574e-05	4.439514e-01	2.512574e+16	2.512574e-03
2.517253e-05	4.447751e-01	2.517253e+16	2.517253e-03
2.519024e-05	4.450871e-01	2.519024e+16	2.519024e-03
2.518979e-05	4.450797e-01	2.518979e+16	2.518979e-03
2.518711e-05	4.450350e-01	2.518711e+16	2.518711e-03
2.518678e-05	4.450298e-01	2.518678e+16	2.518678e-03
***** Phase 1 event constraints *****
LOWER		G(X)		UPPER		SCALING
0.000000e+00	0.000000e+00	0.000000e+00	6.666667e-04
8.820000e-01	8.820000e-01	8.820000e-01	6.666667e-02
9.090909e-01	9.090909e-01	9.090909e-01	9.090909e-04
-3.220000e-01	-3.220000e-01	-3.220000e-01	2.500000e-01
8.820000e-01	8.820000e-01	8.820000e-01	6.666667e-02
8.181818e-01	8.181818e-01	8.181818e-01	9.090909e-04
-3.220000e-01	-3.220000e-01	-3.220000e-01	2.500000e-01
***** Phase 1 tf >= t0 constraint *****
LOWER		G(X)		UPPER		SCALING
-7.071068e-01	-3.478786e-01	0.000000e+00	7.071068e-01
***** Phase linkage constraints *****
LOWER		G(X)		UPPER		SCALING
***** Scaled Decision Variables ******************************
J	LOWER		X(J)		UPPER		SCALING		DESCRIPTION
1	0.000000e+00	5.255970e-01	1.000000e+00	7.142857e-01	CONTROL 1 PHASE 1
2	0.000000e+00	4.747352e-01	1.000000e+00	7.142857e-01	CONTROL 1 PHASE 1
3	0.000000e+00	4.957411e-01	1.000000e+00	7.142857e-01	CONTROL 1 PHASE 1
4	0.000000e+00	4.824786e-01	1.000000e+00	7.142857e-01	CONTROL 1 PHASE 1
5	0.000000e+00	4.931464e-01	1.000000e+00	7.142857e-01	CONTROL 1 PHASE 1
6	0.000000e+00	4.858267e-01	1.000000e+00	7.142857e-01	CONTROL 1 PHASE 1
7	0.000000e+00	4.887555e-01	1.000000e+00	7.142857e-01	CONTROL 1 PHASE 1
8	0.000000e+00	4.820879e-01	1.000000e+00	7.142857e-01	CONTROL 1 PHASE 1
9	0.000000e+00	4.790807e-01	1.000000e+00	7.142857e-01	CONTROL 1 PHASE 1
10	0.000000e+00	4.727427e-01	1.000000e+00	7.142857e-01	CONTROL 1 PHASE 1
11	0.000000e+00	4.662715e-01	1.000000e+00	7.142857e-01	CONTROL 1 PHASE 1
12	0.000000e+00	4.629919e-01	1.000000e+00	7.142857e-01	CONTROL 1 PHASE 1
13	0.000000e+00	4.562342e-01	1.000000e+00	7.142857e-01	CONTROL 1 PHASE 1
14	0.000000e+00	4.598981e-01	1.000000e+00	7.142857e-01	CONTROL 1 PHASE 1
15	0.000000e+00	4.594136e-01	1.000000e+00	7.142857e-01	CONTROL 1 PHASE 1
16	0.000000e+00	4.775485e-01	1.000000e+00	7.142857e-01	CONTROL 1 PHASE 1
17	0.000000e+00	4.973070e-01	1.000000e+00	7.142857e-01	CONTROL 1 PHASE 1
18	0.000000e+00	5.482345e-01	1.000000e+00	7.142857e-01	CONTROL 1 PHASE 1
19	0.000000e+00	6.239348e-01	1.000000e+00	7.142857e-01	CONTROL 1 PHASE 1
20	0.000000e+00	7.459364e-01	1.000000e+00	7.142857e-01	CONTROL 1 PHASE 1
21	0.000000e+00	8.949976e-01	1.000000e+00	7.142857e-01	CONTROL 1 PHASE 1
22	0.000000e+00	1.000000e+00	1.000000e+00	7.142857e-01	CONTROL 1 PHASE 1
23	0.000000e+00	1.000000e+00	1.000000e+00	7.142857e-01	CONTROL 1 PHASE 1
24	0.000000e+00	1.000000e+00	1.000000e+00	7.142857e-01	CONTROL 1 PHASE 1
25	0.000000e+00	1.000000e+00	1.000000e+00	7.142857e-01	CONTROL 1 PHASE 1
26	0.000000e+00	1.000000e+00	1.000000e+00	7.142857e-01	CONTROL 1 PHASE 1
27	0.000000e+00	1.000000e+00	1.000000e+00	7.142857e-01	CONTROL 1 PHASE 1
28	0.000000e+00	9.547896e-01	1.000000e+00	7.142857e-01	CONTROL 1 PHASE 1
29	0.000000e+00	7.848657e-01	1.000000e+00	7.142857e-01	CONTROL 1 PHASE 1
30	0.000000e+00	6.148910e-01	1.000000e+00	7.142857e-01	CONTROL 1 PHASE 1
31	0.000000e+00	5.203371e-01	1.000000e+00	7.142857e-01	CONTROL 1 PHASE 1
32	0.000000e+00	4.734635e-01	1.000000e+00	7.142857e-01	CONTROL 1 PHASE 1
33	0.000000e+00	4.638033e-01	1.000000e+00	7.142857e-01	CONTROL 1 PHASE 1
34	0.000000e+00	4.627585e-01	1.000000e+00	7.142857e-01	CONTROL 1 PHASE 1
35	0.000000e+00	4.753122e-01	1.000000e+00	7.142857e-01	CONTROL 1 PHASE 1
36	0.000000e+00	4.840213e-01	1.000000e+00	7.142857e-01	CONTROL 1 PHASE 1
37	0.000000e+00	4.935026e-01	1.000000e+00	7.142857e-01	CONTROL 1 PHASE 1
38	0.000000e+00	4.960277e-01	1.000000e+00	7.142857e-01	CONTROL 1 PHASE 1
39	0.000000e+00	4.987826e-01	1.000000e+00	7.142857e-01	CONTROL 1 PHASE 1
40	0.000000e+00	4.983773e-01	1.000000e+00	7.142857e-01	CONTROL 1 PHASE 1
41	0.000000e+00	4.992612e-01	1.000000e+00	7.142857e-01	CONTROL 1 PHASE 1
42	0.000000e+00	4.987159e-01	1.000000e+00	7.142857e-01	CONTROL 1 PHASE 1
43	0.000000e+00	4.991462e-01	1.000000e+00	7.142857e-01	CONTROL 1 PHASE 1
44	0.000000e+00	4.988538e-01	1.000000e+00	7.142857e-01	CONTROL 1 PHASE 1
45	0.000000e+00	4.990236e-01	1.000000e+00	7.142857e-01	CONTROL 1 PHASE 1
46	0.000000e+00	4.989621e-01	1.000000e+00	7.142857e-01	CONTROL 1 PHASE 1
47	0.000000e+00	4.989252e-01	1.000000e+00	7.142857e-01	CONTROL 1 PHASE 1
48	0.000000e+00	4.990519e-01	1.000000e+00	7.142857e-01	CONTROL 1 PHASE 1
49	0.000000e+00	4.988467e-01	1.000000e+00	7.142857e-01	CONTROL 1 PHASE 1
50	0.000000e+00	4.991262e-01	1.000000e+00	7.142857e-01	CONTROL 1 PHASE 1
51	0.000000e+00	4.987844e-01	1.000000e+00	7.142857e-01	CONTROL 1 PHASE 1
52	0.000000e+00	4.991866e-01	1.000000e+00	7.142857e-01	CONTROL 1 PHASE 1
53	0.000000e+00	4.987364e-01	1.000000e+00	7.142857e-01	CONTROL 1 PHASE 1
54	0.000000e+00	4.992340e-01	1.000000e+00	7.142857e-01	CONTROL 1 PHASE 1
55	0.000000e+00	4.987023e-01	1.000000e+00	7.142857e-01	CONTROL 1 PHASE 1
56	0.000000e+00	4.992678e-01	1.000000e+00	7.142857e-01	CONTROL 1 PHASE 1
57	0.000000e+00	4.986824e-01	1.000000e+00	7.142857e-01	CONTROL 1 PHASE 1
58	0.000000e+00	4.992872e-01	1.000000e+00	7.142857e-01	CONTROL 1 PHASE 1
59	0.000000e+00	4.986777e-01	1.000000e+00	7.142857e-01	CONTROL 1 PHASE 1
60	0.000000e+00	4.992906e-01	1.000000e+00	7.142857e-01	CONTROL 1 PHASE 1
61	0.000000e+00	4.986885e-01	1.000000e+00	7.142857e-01	CONTROL 1 PHASE 1
62	0.000000e+00	4.992768e-01	1.000000e+00	7.142857e-01	CONTROL 1 PHASE 1
63	0.000000e+00	4.987160e-01	1.000000e+00	7.142857e-01	CONTROL 1 PHASE 1
64	0.000000e+00	4.992455e-01	1.000000e+00	7.142857e-01	CONTROL 1 PHASE 1
65	0.000000e+00	4.987590e-01	1.000000e+00	7.142857e-01	CONTROL 1 PHASE 1
66	0.000000e+00	4.991959e-01	1.000000e+00	7.142857e-01	CONTROL 1 PHASE 1
67	0.000000e+00	4.988157e-01	1.000000e+00	7.142857e-01	CONTROL 1 PHASE 1
68	0.000000e+00	4.991296e-01	1.000000e+00	7.142857e-01	CONTROL 1 PHASE 1
69	0.000000e+00	4.988862e-01	1.000000e+00	7.142857e-01	CONTROL 1 PHASE 1
70	0.000000e+00	4.990489e-01	1.000000e+00	7.142857e-01	CONTROL 1 PHASE 1
71	0.000000e+00	4.989708e-01	1.000000e+00	7.142857e-01	CONTROL 1 PHASE 1
72	0.000000e+00	4.989621e-01	1.000000e+00	7.142857e-01	CONTROL 1 PHASE 1
73	0.000000e+00	4.990778e-01	1.000000e+00	7.142857e-01	CONTROL 1 PHASE 1
74	0.000000e+00	4.988667e-01	1.000000e+00	7.142857e-01	CONTROL 1 PHASE 1
75	0.000000e+00	4.991959e-01	1.000000e+00	7.142857e-01	CONTROL 1 PHASE 1
76	0.000000e+00	4.987337e-01	1.000000e+00	7.142857e-01	CONTROL 1 PHASE 1
77	0.000000e+00	4.993064e-01	1.000000e+00	7.142857e-01	CONTROL 1 PHASE 1
78	0.000000e+00	4.985220e-01	1.000000e+00	7.142857e-01	CONTROL 1 PHASE 1
79	0.000000e+00	4.995302e-01	1.000000e+00	7.142857e-01	CONTROL 1 PHASE 1
80	0.000000e+00	4.976466e-01	1.000000e+00	7.142857e-01	CONTROL 1 PHASE 1
81	0.000000e+00	0.000000e+00	1.000000e+00	6.666667e-04	STATE 1 PHASE 1
82	0.000000e+00	8.820000e-01	1.000000e+00	6.666667e-02	STATE 2 PHASE 1
83	0.000000e+00	9.090909e-01	1.000000e+00	9.090909e-04	STATE 3 PHASE 1
84	-1.000000e+00	-3.220000e-01	1.000000e+00	2.500000e-01	STATE 4 PHASE 1
85	0.000000e+00	5.038998e-04	1.000000e+00	6.666667e-04	STATE 1 PHASE 1
86	0.000000e+00	8.819232e-01	1.000000e+00	6.666667e-02	STATE 2 PHASE 1
87	0.000000e+00	9.090240e-01	1.000000e+00	9.090909e-04	STATE 3 PHASE 1
88	-1.000000e+00	-3.241809e-01	1.000000e+00	2.500000e-01	STATE 4 PHASE 1
89	0.000000e+00	1.688415e-03	1.000000e+00	6.666667e-04	STATE 1 PHASE 1
90	0.000000e+00	8.819741e-01	1.000000e+00	6.666667e-02	STATE 2 PHASE 1
91	0.000000e+00	9.088626e-01	1.000000e+00	9.090909e-04	STATE 3 PHASE 1
92	-1.000000e+00	-3.341000e-01	1.000000e+00	2.500000e-01	STATE 4 PHASE 1
93	0.000000e+00	3.548289e-03	1.000000e+00	6.666667e-04	STATE 1 PHASE 1
94	0.000000e+00	8.822532e-01	1.000000e+00	6.666667e-02	STATE 2 PHASE 1
95	0.000000e+00	9.086045e-01	1.000000e+00	9.090909e-04	STATE 3 PHASE 1
96	-1.000000e+00	-3.417838e-01	1.000000e+00	2.500000e-01	STATE 4 PHASE 1
97	0.000000e+00	6.082187e-03	1.000000e+00	6.666667e-04	STATE 1 PHASE 1
98	0.000000e+00	8.834399e-01	1.000000e+00	6.666667e-02	STATE 2 PHASE 1
99	0.000000e+00	9.082370e-01	1.000000e+00	9.090909e-04	STATE 3 PHASE 1
100	-1.000000e+00	-3.589494e-01	1.000000e+00	2.500000e-01	STATE 4 PHASE 1
101	0.000000e+00	9.290649e-03	1.000000e+00	6.666667e-04	STATE 1 PHASE 1
102	0.000000e+00	8.853965e-01	1.000000e+00	6.666667e-02	STATE 2 PHASE 1
103	0.000000e+00	9.077610e-01	1.000000e+00	9.090909e-04	STATE 3 PHASE 1
104	-1.000000e+00	-3.647829e-01	1.000000e+00	2.500000e-01	STATE 4 PHASE 1
105	0.000000e+00	1.317497e-02	1.000000e+00	6.666667e-04	STATE 1 PHASE 1
106	0.000000e+00	8.886522e-01	1.000000e+00	6.666667e-02	STATE 2 PHASE 1
107	0.000000e+00	9.071646e-01	1.000000e+00	9.090909e-04	STATE 3 PHASE 1
108	-1.000000e+00	-3.812019e-01	1.000000e+00	2.500000e-01	STATE 4 PHASE 1
109	0.000000e+00	1.773930e-02	1.000000e+00	6.666667e-04	STATE 1 PHASE 1
110	0.000000e+00	8.926304e-01	1.000000e+00	6.666667e-02	STATE 2 PHASE 1
111	0.000000e+00	9.064554e-01	1.000000e+00	9.090909e-04	STATE 3 PHASE 1
112	-1.000000e+00	-3.814758e-01	1.000000e+00	2.500000e-01	STATE 4 PHASE 1
113	0.000000e+00	2.298512e-02	1.000000e+00	6.666667e-04	STATE 1 PHASE 1
114	0.000000e+00	8.975321e-01	1.000000e+00	6.666667e-02	STATE 2 PHASE 1
115	0.000000e+00	9.056242e-01	1.000000e+00	9.090909e-04	STATE 3 PHASE 1
116	-1.000000e+00	-3.968522e-01	1.000000e+00	2.500000e-01	STATE 4 PHASE 1
117	0.000000e+00	2.891713e-02	1.000000e+00	6.666667e-04	STATE 1 PHASE 1
118	0.000000e+00	9.027625e-01	1.000000e+00	6.666667e-02	STATE 2 PHASE 1
119	0.000000e+00	9.046764e-01	1.000000e+00	9.090909e-04	STATE 3 PHASE 1
120	-1.000000e+00	-3.951836e-01	1.000000e+00	2.500000e-01	STATE 4 PHASE 1
121	0.000000e+00	3.553296e-02	1.000000e+00	6.666667e-04	STATE 1 PHASE 1
122	0.000000e+00	9.083994e-01	1.000000e+00	6.666667e-02	STATE 2 PHASE 1
123	0.000000e+00	9.036008e-01	1.000000e+00	9.090909e-04	STATE 3 PHASE 1
124	-1.000000e+00	-4.146574e-01	1.000000e+00	2.500000e-01	STATE 4 PHASE 1
125	0.000000e+00	4.283642e-02	1.000000e+00	6.666667e-04	STATE 1 PHASE 1
126	0.000000e+00	9.141626e-01	1.000000e+00	6.666667e-02	STATE 2 PHASE 1
127	0.000000e+00	9.023929e-01	1.000000e+00	9.090909e-04	STATE 3 PHASE 1
128	-1.000000e+00	-4.128203e-01	1.000000e+00	2.500000e-01	STATE 4 PHASE 1
129	0.000000e+00	5.081595e-02	1.000000e+00	6.666667e-04	STATE 1 PHASE 1
130	0.000000e+00	9.190283e-01	1.000000e+00	6.666667e-02	STATE 2 PHASE 1
131	0.000000e+00	9.010614e-01	1.000000e+00	9.090909e-04	STATE 3 PHASE 1
132	-1.000000e+00	-4.300434e-01	1.000000e+00	2.500000e-01	STATE 4 PHASE 1
133	0.000000e+00	5.946306e-02	1.000000e+00	6.666667e-04	STATE 1 PHASE 1
134	0.000000e+00	9.226766e-01	1.000000e+00	6.666667e-02	STATE 2 PHASE 1
135	0.000000e+00	8.996048e-01	1.000000e+00	9.090909e-04	STATE 3 PHASE 1
136	-1.000000e+00	-4.174008e-01	1.000000e+00	2.500000e-01	STATE 4 PHASE 1
137	0.000000e+00	6.873434e-02	1.000000e+00	6.666667e-04	STATE 1 PHASE 1
138	0.000000e+00	9.216125e-01	1.000000e+00	6.666667e-02	STATE 2 PHASE 1
139	0.000000e+00	8.980999e-01	1.000000e+00	9.090909e-04	STATE 3 PHASE 1
140	-1.000000e+00	-4.086445e-01	1.000000e+00	2.500000e-01	STATE 4 PHASE 1
141	0.000000e+00	7.857149e-02	1.000000e+00	6.666667e-04	STATE 1 PHASE 1
142	0.000000e+00	9.154232e-01	1.000000e+00	6.666667e-02	STATE 2 PHASE 1
143	0.000000e+00	8.965809e-01	1.000000e+00	9.090909e-04	STATE 3 PHASE 1
144	-1.000000e+00	-3.609823e-01	1.000000e+00	2.500000e-01	STATE 4 PHASE 1
145	0.000000e+00	8.885642e-02	1.000000e+00	6.666667e-04	STATE 1 PHASE 1
146	0.000000e+00	8.978523e-01	1.000000e+00	6.666667e-02	STATE 2 PHASE 1
147	0.000000e+00	8.952472e-01	1.000000e+00	9.090909e-04	STATE 3 PHASE 1
148	-1.000000e+00	-2.874719e-01	1.000000e+00	2.500000e-01	STATE 4 PHASE 1
149	0.000000e+00	9.942130e-02	1.000000e+00	6.666667e-04	STATE 1 PHASE 1
150	0.000000e+00	8.678274e-01	1.000000e+00	6.666667e-02	STATE 2 PHASE 1
151	0.000000e+00	8.942284e-01	1.000000e+00	9.090909e-04	STATE 3 PHASE 1
152	-1.000000e+00	-1.668375e-01	1.000000e+00	2.500000e-01	STATE 4 PHASE 1
153	0.000000e+00	1.099986e-01	1.000000e+00	6.666667e-04	STATE 1 PHASE 1
154	0.000000e+00	8.143919e-01	1.000000e+00	6.666667e-02	STATE 2 PHASE 1
155	0.000000e+00	8.938712e-01	1.000000e+00	9.090909e-04	STATE 3 PHASE 1
156	-1.000000e+00	9.024736e-03	1.000000e+00	2.500000e-01	STATE 4 PHASE 1
157	0.000000e+00	1.202018e-01	1.000000e+00	6.666667e-04	STATE 1 PHASE 1
158	0.000000e+00	7.385050e-01	1.000000e+00	6.666667e-02	STATE 2 PHASE 1
159	0.000000e+00	8.942919e-01	1.000000e+00	9.090909e-04	STATE 3 PHASE 1
160	-1.000000e+00	1.574684e-01	1.000000e+00	2.500000e-01	STATE 4 PHASE 1
161	0.000000e+00	1.297522e-01	1.000000e+00	6.666667e-04	STATE 1 PHASE 1
162	0.000000e+00	6.612291e-01	1.000000e+00	6.666667e-02	STATE 2 PHASE 1
163	0.000000e+00	8.952650e-01	1.000000e+00	9.090909e-04	STATE 3 PHASE 1
164	-1.000000e+00	2.132611e-01	1.000000e+00	2.500000e-01	STATE 4 PHASE 1
165	0.000000e+00	1.387925e-01	1.000000e+00	6.666667e-04	STATE 1 PHASE 1
166	0.000000e+00	6.194025e-01	1.000000e+00	6.666667e-02	STATE 2 PHASE 1
167	0.000000e+00	8.963165e-01	1.000000e+00	9.090909e-04	STATE 3 PHASE 1
168	-1.000000e+00	1.895804e-01	1.000000e+00	2.500000e-01	STATE 4 PHASE 1
169	0.000000e+00	1.479144e-01	1.000000e+00	6.666667e-04	STATE 1 PHASE 1
170	0.000000e+00	6.254252e-01	1.000000e+00	6.666667e-02	STATE 2 PHASE 1
171	0.000000e+00	8.973150e-01	1.000000e+00	9.090909e-04	STATE 3 PHASE 1
172	-1.000000e+00	2.004925e-01	1.000000e+00	2.500000e-01	STATE 4 PHASE 1
173	0.000000e+00	1.575321e-01	1.000000e+00	6.666667e-04	STATE 1 PHASE 1
174	0.000000e+00	6.331737e-01	1.000000e+00	6.666667e-02	STATE 2 PHASE 1
175	0.000000e+00	8.987704e-01	1.000000e+00	9.090909e-04	STATE 3 PHASE 1
176	-1.000000e+00	3.382020e-01	1.000000e+00	2.500000e-01	STATE 4 PHASE 1
177	0.000000e+00	1.673181e-01	1.000000e+00	6.666667e-04	STATE 1 PHASE 1
178	0.000000e+00	6.148527e-01	1.000000e+00	6.666667e-02	STATE 2 PHASE 1
179	0.000000e+00	9.009094e-01	1.000000e+00	9.090909e-04	STATE 3 PHASE 1
180	-1.000000e+00	3.707211e-01	1.000000e+00	2.500000e-01	STATE 4 PHASE 1
181	0.000000e+00	1.772285e-01	1.000000e+00	6.666667e-04	STATE 1 PHASE 1
182	0.000000e+00	6.180014e-01	1.000000e+00	6.666667e-02	STATE 2 PHASE 1
183	0.000000e+00	9.028209e-01	1.000000e+00	9.090909e-04	STATE 3 PHASE 1
184	-1.000000e+00	2.935514e-01	1.000000e+00	2.500000e-01	STATE 4 PHASE 1
185	0.000000e+00	1.874509e-01	1.000000e+00	6.666667e-04	STATE 1 PHASE 1
186	0.000000e+00	6.138603e-01	1.000000e+00	6.666667e-02	STATE 2 PHASE 1
187	0.000000e+00	9.045293e-01	1.000000e+00	9.090909e-04	STATE 3 PHASE 1
188	-1.000000e+00	2.613143e-01	1.000000e+00	2.500000e-01	STATE 4 PHASE 1
189	0.000000e+00	1.977889e-01	1.000000e+00	6.666667e-04	STATE 1 PHASE 1
190	0.000000e+00	6.137441e-01	1.000000e+00	6.666667e-02	STATE 2 PHASE 1
191	0.000000e+00	9.056216e-01	1.000000e+00	9.090909e-04	STATE 3 PHASE 1
192	-1.000000e+00	6.735088e-02	1.000000e+00	2.500000e-01	STATE 4 PHASE 1
193	0.000000e+00	2.087925e-01	1.000000e+00	6.666667e-04	STATE 1 PHASE 1
194	0.000000e+00	6.689628e-01	1.000000e+00	6.666667e-02	STATE 2 PHASE 1
195	0.000000e+00	9.051503e-01	1.000000e+00	9.090909e-04	STATE 3 PHASE 1
196	-1.000000e+00	-2.259400e-01	1.000000e+00	2.500000e-01	STATE 4 PHASE 1
197	0.000000e+00	2.214772e-01	1.000000e+00	6.666667e-04	STATE 1 PHASE 1
198	0.000000e+00	7.735319e-01	1.000000e+00	6.666667e-02	STATE 2 PHASE 1
199	0.000000e+00	9.028074e-01	1.000000e+00	9.090909e-04	STATE 3 PHASE 1
200	-1.000000e+00	-4.714042e-01	1.000000e+00	2.500000e-01	STATE 4 PHASE 1
201	0.000000e+00	2.362134e-01	1.000000e+00	6.666667e-04	STATE 1 PHASE 1
202	0.000000e+00	8.599884e-01	1.000000e+00	6.666667e-02	STATE 2 PHASE 1
203	0.000000e+00	8.995749e-01	1.000000e+00	9.090909e-04	STATE 3 PHASE 1
204	-1.000000e+00	-4.964319e-01	1.000000e+00	2.500000e-01	STATE 4 PHASE 1
205	0.000000e+00	2.523204e-01	1.000000e+00	6.666667e-04	STATE 1 PHASE 1
206	0.000000e+00	9.035081e-01	1.000000e+00	6.666667e-02	STATE 2 PHASE 1
207	0.000000e+00	8.962642e-01	1.000000e+00	9.090909e-04	STATE 3 PHASE 1
208	-1.000000e+00	-5.046251e-01	1.000000e+00	2.500000e-01	STATE 4 PHASE 1
209	0.000000e+00	2.692580e-01	1.000000e+00	6.666667e-04	STATE 1 PHASE 1
210	0.000000e+00	9.249188e-01	1.000000e+00	6.666667e-02	STATE 2 PHASE 1
211	0.000000e+00	8.930486e-01	1.000000e+00	9.090909e-04	STATE 3 PHASE 1
212	-1.000000e+00	-4.345629e-01	1.000000e+00	2.500000e-01	STATE 4 PHASE 1
213	0.000000e+00	2.865337e-01	1.000000e+00	6.666667e-04	STATE 1 PHASE 1
214	0.000000e+00	9.200666e-01	1.000000e+00	6.666667e-02	STATE 2 PHASE 1
215	0.000000e+00	8.903755e-01	1.000000e+00	9.090909e-04	STATE 3 PHASE 1
216	-1.000000e+00	-3.649793e-01	1.000000e+00	2.500000e-01	STATE 4 PHASE 1
217	0.000000e+00	3.038234e-01	1.000000e+00	6.666667e-04	STATE 1 PHASE 1
218	0.000000e+00	9.090593e-01	1.000000e+00	6.666667e-02	STATE 2 PHASE 1
219	0.000000e+00	8.880011e-01	1.000000e+00	9.090909e-04	STATE 3 PHASE 1
220	-1.000000e+00	-3.232148e-01	1.000000e+00	2.500000e-01	STATE 4 PHASE 1
221	0.000000e+00	3.210110e-01	1.000000e+00	6.666667e-04	STATE 1 PHASE 1
222	0.000000e+00	8.947104e-01	1.000000e+00	6.666667e-02	STATE 2 PHASE 1
223	0.000000e+00	8.858482e-01	1.000000e+00	9.090909e-04	STATE 3 PHASE 1
224	-1.000000e+00	-3.095303e-01	1.000000e+00	2.500000e-01	STATE 4 PHASE 1
225	0.000000e+00	3.381148e-01	1.000000e+00	6.666667e-04	STATE 1 PHASE 1
226	0.000000e+00	8.881412e-01	1.000000e+00	6.666667e-02	STATE 2 PHASE 1
227	0.000000e+00	8.836444e-01	1.000000e+00	9.090909e-04	STATE 3 PHASE 1
228	-1.000000e+00	-3.163052e-01	1.000000e+00	2.500000e-01	STATE 4 PHASE 1
229	0.000000e+00	3.552121e-01	1.000000e+00	6.666667e-04	STATE 1 PHASE 1
230	0.000000e+00	8.834241e-01	1.000000e+00	6.666667e-02	STATE 2 PHASE 1
231	0.000000e+00	8.814427e-01	1.000000e+00	9.090909e-04	STATE 3 PHASE 1
232	-1.000000e+00	-3.160264e-01	1.000000e+00	2.500000e-01	STATE 4 PHASE 1
233	0.000000e+00	3.723236e-01	1.000000e+00	6.666667e-04	STATE 1 PHASE 1
234	0.000000e+00	8.829758e-01	1.000000e+00	6.666667e-02	STATE 2 PHASE 1
235	0.000000e+00	8.791744e-01	1.000000e+00	9.090909e-04	STATE 3 PHASE 1
236	-1.000000e+00	-3.229586e-01	1.000000e+00	2.500000e-01	STATE 4 PHASE 1
237	0.000000e+00	3.894672e-01	1.000000e+00	6.666667e-04	STATE 1 PHASE 1
238	0.000000e+00	8.817967e-01	1.000000e+00	6.666667e-02	STATE 2 PHASE 1
239	0.000000e+00	8.769191e-01	1.000000e+00	9.090909e-04	STATE 3 PHASE 1
240	-1.000000e+00	-3.191324e-01	1.000000e+00	2.500000e-01	STATE 4 PHASE 1
241	0.000000e+00	4.066121e-01	1.000000e+00	6.666667e-04	STATE 1 PHASE 1
242	0.000000e+00	8.823423e-01	1.000000e+00	6.666667e-02	STATE 2 PHASE 1
243	0.000000e+00	8.746333e-01	1.000000e+00	9.090909e-04	STATE 3 PHASE 1
244	-1.000000e+00	-3.243649e-01	1.000000e+00	2.500000e-01	STATE 4 PHASE 1
245	0.000000e+00	4.237506e-01	1.000000e+00	6.666667e-04	STATE 1 PHASE 1
246	0.000000e+00	8.817948e-01	1.000000e+00	6.666667e-02	STATE 2 PHASE 1
247	0.000000e+00	8.723684e-01	1.000000e+00	9.090909e-04	STATE 3 PHASE 1
248	-1.000000e+00	-3.193948e-01	1.000000e+00	2.500000e-01	STATE 4 PHASE 1
249	0.000000e+00	4.408407e-01	1.000000e+00	6.666667e-04	STATE 1 PHASE 1
250	0.000000e+00	8.822109e-01	1.000000e+00	6.666667e-02	STATE 2 PHASE 1
251	0.000000e+00	8.700926e-01	1.000000e+00	9.090909e-04	STATE 3 PHASE 1
252	-1.000000e+00	-3.244700e-01	1.000000e+00	2.500000e-01	STATE 4 PHASE 1
253	0.000000e+00	4.578720e-01	1.000000e+00	6.666667e-04	STATE 1 PHASE 1
254	0.000000e+00	8.818967e-01	1.000000e+00	6.666667e-02	STATE 2 PHASE 1
255	0.000000e+00	8.678377e-01	1.000000e+00	9.090909e-04	STATE 3 PHASE 1
256	-1.000000e+00	-3.194735e-01	1.000000e+00	2.500000e-01	STATE 4 PHASE 1
257	0.000000e+00	4.748021e-01	1.000000e+00	6.666667e-04	STATE 1 PHASE 1
258	0.000000e+00	8.821197e-01	1.000000e+00	6.666667e-02	STATE 2 PHASE 1
259	0.000000e+00	8.655866e-01	1.000000e+00	9.090909e-04	STATE 3 PHASE 1
260	-1.000000e+00	-3.243357e-01	1.000000e+00	2.500000e-01	STATE 4 PHASE 1
261	0.000000e+00	4.916199e-01	1.000000e+00	6.666667e-04	STATE 1 PHASE 1
262	0.000000e+00	8.819808e-01	1.000000e+00	6.666667e-02	STATE 2 PHASE 1
263	0.000000e+00	8.633568e-01	1.000000e+00	9.090909e-04	STATE 3 PHASE 1
264	-1.000000e+00	-3.196663e-01	1.000000e+00	2.500000e-01	STATE 4 PHASE 1
265	0.000000e+00	5.082845e-01	1.000000e+00	6.666667e-04	STATE 1 PHASE 1
266	0.000000e+00	8.820464e-01	1.000000e+00	6.666667e-02	STATE 2 PHASE 1
267	0.000000e+00	8.611438e-01	1.000000e+00	9.090909e-04	STATE 3 PHASE 1
268	-1.000000e+00	-3.240914e-01	1.000000e+00	2.500000e-01	STATE 4 PHASE 1
269	0.000000e+00	5.247834e-01	1.000000e+00	6.666667e-04	STATE 1 PHASE 1
270	0.000000e+00	8.820437e-01	1.000000e+00	6.666667e-02	STATE 2 PHASE 1
271	0.000000e+00	8.589539e-01	1.000000e+00	9.090909e-04	STATE 3 PHASE 1
272	-1.000000e+00	-3.199453e-01	1.000000e+00	2.500000e-01	STATE 4 PHASE 1
273	0.000000e+00	5.410786e-01	1.000000e+00	6.666667e-04	STATE 1 PHASE 1
274	0.000000e+00	8.819906e-01	1.000000e+00	6.666667e-02	STATE 2 PHASE 1
275	0.000000e+00	8.567921e-01	1.000000e+00	9.090909e-04	STATE 3 PHASE 1
276	-1.000000e+00	-3.237793e-01	1.000000e+00	2.500000e-01	STATE 4 PHASE 1
277	0.000000e+00	5.571556e-01	1.000000e+00	6.666667e-04	STATE 1 PHASE 1
278	0.000000e+00	8.820872e-01	1.000000e+00	6.666667e-02	STATE 2 PHASE 1
279	0.000000e+00	8.546564e-01	1.000000e+00	9.090909e-04	STATE 3 PHASE 1
280	-1.000000e+00	-3.202767e-01	1.000000e+00	2.500000e-01	STATE 4 PHASE 1
281	0.000000e+00	5.729796e-01	1.000000e+00	6.666667e-04	STATE 1 PHASE 1
282	0.000000e+00	8.819517e-01	1.000000e+00	6.666667e-02	STATE 2 PHASE 1
283	0.000000e+00	8.525586e-01	1.000000e+00	9.090909e-04	STATE 3 PHASE 1
284	-1.000000e+00	-3.234296e-01	1.000000e+00	2.500000e-01	STATE 4 PHASE 1
285	0.000000e+00	5.885344e-01	1.000000e+00	6.666667e-04	STATE 1 PHASE 1
286	0.000000e+00	8.821135e-01	1.000000e+00	6.666667e-02	STATE 2 PHASE 1
287	0.000000e+00	8.504910e-01	1.000000e+00	9.090909e-04	STATE 3 PHASE 1
288	-1.000000e+00	-3.206330e-01	1.000000e+00	2.500000e-01	STATE 4 PHASE 1
289	0.000000e+00	6.037884e-01	1.000000e+00	6.666667e-04	STATE 1 PHASE 1
290	0.000000e+00	8.819281e-01	1.000000e+00	6.666667e-02	STATE 2 PHASE 1
291	0.000000e+00	8.484699e-01	1.000000e+00	9.090909e-04	STATE 3 PHASE 1
292	-1.000000e+00	-3.230665e-01	1.000000e+00	2.500000e-01	STATE 4 PHASE 1
293	0.000000e+00	6.187239e-01	1.000000e+00	6.666667e-04	STATE 1 PHASE 1
294	0.000000e+00	8.821247e-01	1.000000e+00	6.666667e-02	STATE 2 PHASE 1
295	0.000000e+00	8.464838e-01	1.000000e+00	9.090909e-04	STATE 3 PHASE 1
296	-1.000000e+00	-3.209912e-01	1.000000e+00	2.500000e-01	STATE 4 PHASE 1
297	0.000000e+00	6.333125e-01	1.000000e+00	6.666667e-04	STATE 1 PHASE 1
298	0.000000e+00	8.819178e-01	1.000000e+00	6.666667e-02	STATE 2 PHASE 1
299	0.000000e+00	8.445513e-01	1.000000e+00	9.090909e-04	STATE 3 PHASE 1
300	-1.000000e+00	-3.227111e-01	1.000000e+00	2.500000e-01	STATE 4 PHASE 1
301	0.000000e+00	6.475355e-01	1.000000e+00	6.666667e-04	STATE 1 PHASE 1
302	0.000000e+00	8.821234e-01	1.000000e+00	6.666667e-02	STATE 2 PHASE 1
303	0.000000e+00	8.426597e-01	1.000000e+00	9.090909e-04	STATE 3 PHASE 1
304	-1.000000e+00	-3.213326e-01	1.000000e+00	2.500000e-01	STATE 4 PHASE 1
305	0.000000e+00	6.613677e-01	1.000000e+00	6.666667e-04	STATE 1 PHASE 1
306	0.000000e+00	8.819183e-01	1.000000e+00	6.666667e-02	STATE 2 PHASE 1
307	0.000000e+00	8.408276e-01	1.000000e+00	9.090909e-04	STATE 3 PHASE 1
308	-1.000000e+00	-3.223814e-01	1.000000e+00	2.500000e-01	STATE 4 PHASE 1
309	0.000000e+00	6.747895e-01	1.000000e+00	6.666667e-04	STATE 1 PHASE 1
310	0.000000e+00	8.821123e-01	1.000000e+00	6.666667e-02	STATE 2 PHASE 1
311	0.000000e+00	8.390425e-01	1.000000e+00	9.090909e-04	STATE 3 PHASE 1
312	-1.000000e+00	-3.216401e-01	1.000000e+00	2.500000e-01	STATE 4 PHASE 1
313	0.000000e+00	6.877788e-01	1.000000e+00	6.666667e-04	STATE 1 PHASE 1
314	0.000000e+00	8.819269e-01	1.000000e+00	6.666667e-02	STATE 2 PHASE 1
315	0.000000e+00	8.373219e-01	1.000000e+00	9.090909e-04	STATE 3 PHASE 1
316	-1.000000e+00	-3.220929e-01	1.000000e+00	2.500000e-01	STATE 4 PHASE 1
317	0.000000e+00	7.003158e-01	1.000000e+00	6.666667e-04	STATE 1 PHASE 1
318	0.000000e+00	8.820949e-01	1.000000e+00	6.666667e-02	STATE 2 PHASE 1
319	0.000000e+00	8.356547e-01	1.000000e+00	9.090909e-04	STATE 3 PHASE 1
320	-1.000000e+00	-3.219013e-01	1.000000e+00	2.500000e-01	STATE 4 PHASE 1
321	0.000000e+00	7.123808e-01	1.000000e+00	6.666667e-04	STATE 1 PHASE 1
322	0.000000e+00	8.819410e-01	1.000000e+00	6.666667e-02	STATE 2 PHASE 1
323	0.000000e+00	8.340562e-01	1.000000e+00	9.090909e-04	STATE 3 PHASE 1
324	-1.000000e+00	-3.218583e-01	1.000000e+00	2.500000e-01	STATE 4 PHASE 1
325	0.000000e+00	7.239549e-01	1.000000e+00	6.666667e-04	STATE 1 PHASE 1
326	0.000000e+00	8.820745e-01	1.000000e+00	6.666667e-02	STATE 2 PHASE 1
327	0.000000e+00	8.325175e-01	1.000000e+00	9.090909e-04	STATE 3 PHASE 1
328	-1.000000e+00	-3.221062e-01	1.000000e+00	2.500000e-01	STATE 4 PHASE 1
329	0.000000e+00	7.350204e-01	1.000000e+00	6.666667e-04	STATE 1 PHASE 1
330	0.000000e+00	8.819577e-01	1.000000e+00	6.666667e-02	STATE 2 PHASE 1
331	0.000000e+00	8.310510e-01	1.000000e+00	9.090909e-04	STATE 3 PHASE 1
332	-1.000000e+00	-3.216827e-01	1.000000e+00	2.500000e-01	STATE 4 PHASE 1
333	0.000000e+00	7.455593e-01	1.000000e+00	6.666667e-04	STATE 1 PHASE 1
334	0.000000e+00	8.820536e-01	1.000000e+00	6.666667e-02	STATE 2 PHASE 1
335	0.000000e+00	8.296503e-01	1.000000e+00	9.090909e-04	STATE 3 PHASE 1
336	-1.000000e+00	-3.222477e-01	1.000000e+00	2.500000e-01	STATE 4 PHASE 1
337	0.000000e+00	7.555561e-01	1.000000e+00	6.666667e-04	STATE 1 PHASE 1
338	0.000000e+00	8.819742e-01	1.000000e+00	6.666667e-02	STATE 2 PHASE 1
339	0.000000e+00	8.283250e-01	1.000000e+00	9.090909e-04	STATE 3 PHASE 1
340	-1.000000e+00	-3.215741e-01	1.000000e+00	2.500000e-01	STATE 4 PHASE 1
341	0.000000e+00	7.649942e-01	1.000000e+00	6.666667e-04	STATE 1 PHASE 1
342	0.000000e+00	8.820357e-01	1.000000e+00	6.666667e-02	STATE 2 PHASE 1
343	0.000000e+00	8.270711e-01	1.000000e+00	9.090909e-04	STATE 3 PHASE 1
344	-1.000000e+00	-3.223324e-01	1.000000e+00	2.500000e-01	STATE 4 PHASE 1
345	0.000000e+00	7.738598e-01	1.000000e+00	6.666667e-04	STATE 1 PHASE 1
346	0.000000e+00	8.819904e-01	1.000000e+00	6.666667e-02	STATE 2 PHASE 1
347	0.000000e+00	8.258952e-01	1.000000e+00	9.090909e-04	STATE 3 PHASE 1
348	-1.000000e+00	-3.215308e-01	1.000000e+00	2.500000e-01	STATE 4 PHASE 1
349	0.000000e+00	7.821382e-01	1.000000e+00	6.666667e-04	STATE 1 PHASE 1
350	0.000000e+00	8.820234e-01	1.000000e+00	6.666667e-02	STATE 2 PHASE 1
351	0.000000e+00	8.247958e-01	1.000000e+00	9.090909e-04	STATE 3 PHASE 1
352	-1.000000e+00	-3.223595e-01	1.000000e+00	2.500000e-01	STATE 4 PHASE 1
353	0.000000e+00	7.898172e-01	1.000000e+00	6.666667e-04	STATE 1 PHASE 1
354	0.000000e+00	8.820042e-01	1.000000e+00	6.666667e-02	STATE 2 PHASE 1
355	0.000000e+00	8.237770e-01	1.000000e+00	9.090909e-04	STATE 3 PHASE 1
356	-1.000000e+00	-3.215366e-01	1.000000e+00	2.500000e-01	STATE 4 PHASE 1
357	0.000000e+00	7.968843e-01	1.000000e+00	6.666667e-04	STATE 1 PHASE 1
358	0.000000e+00	8.820155e-01	1.000000e+00	6.666667e-02	STATE 2 PHASE 1
359	0.000000e+00	8.228387e-01	1.000000e+00	9.090909e-04	STATE 3 PHASE 1
360	-1.000000e+00	-3.223321e-01	1.000000e+00	2.500000e-01	STATE 4 PHASE 1
361	0.000000e+00	8.033288e-01	1.000000e+00	6.666667e-04	STATE 1 PHASE 1
362	0.000000e+00	8.820132e-01	1.000000e+00	6.666667e-02	STATE 2 PHASE 1
363	0.000000e+00	8.219834e-01	1.000000e+00	9.090909e-04	STATE 3 PHASE 1
364	-1.000000e+00	-3.215827e-01	1.000000e+00	2.500000e-01	STATE 4 PHASE 1
365	0.000000e+00	8.091404e-01	1.000000e+00	6.666667e-04	STATE 1 PHASE 1
366	0.000000e+00	8.820106e-01	1.000000e+00	6.666667e-02	STATE 2 PHASE 1
367	0.000000e+00	8.212121e-01	1.000000e+00	9.090909e-04	STATE 3 PHASE 1
368	-1.000000e+00	-3.222569e-01	1.000000e+00	2.500000e-01	STATE 4 PHASE 1
369	0.000000e+00	8.143102e-01	1.000000e+00	6.666667e-04	STATE 1 PHASE 1
370	0.000000e+00	8.820151e-01	1.000000e+00	6.666667e-02	STATE 2 PHASE 1
371	0.000000e+00	8.205258e-01	1.000000e+00	9.090909e-04	STATE 3 PHASE 1
372	-1.000000e+00	-3.216329e-01	1.000000e+00	2.500000e-01	STATE 4 PHASE 1
373	0.000000e+00	8.188300e-01	1.000000e+00	6.666667e-04	STATE 1 PHASE 1
374	0.000000e+00	8.820038e-01	1.000000e+00	6.666667e-02	STATE 2 PHASE 1
375	0.000000e+00	8.199261e-01	1.000000e+00	9.090909e-04	STATE 3 PHASE 1
376	-1.000000e+00	-3.221299e-01	1.000000e+00	2.500000e-01	STATE 4 PHASE 1
377	0.000000e+00	8.226928e-01	1.000000e+00	6.666667e-04	STATE 1 PHASE 1
378	0.000000e+00	8.820080e-01	1.000000e+00	6.666667e-02	STATE 2 PHASE 1
379	0.000000e+00	8.194133e-01	1.000000e+00	9.090909e-04	STATE 3 PHASE 1
380	-1.000000e+00	-3.216955e-01	1.000000e+00	2.500000e-01	STATE 4 PHASE 1
381	0.000000e+00	8.258926e-01	1.000000e+00	6.666667e-04	STATE 1 PHASE 1
382	0.000000e+00	8.819964e-01	1.000000e+00	6.666667e-02	STATE 2 PHASE 1
383	0.000000e+00	8.189889e-01	1.000000e+00	9.090909e-04	STATE 3 PHASE 1
384	-1.000000e+00	-3.220228e-01	1.000000e+00	2.500000e-01	STATE 4 PHASE 1
385	0.000000e+00	8.284243e-01	1.000000e+00	6.666667e-04	STATE 1 PHASE 1
386	0.000000e+00	8.820007e-01	1.000000e+00	6.666667e-02	STATE 2 PHASE 1
387	0.000000e+00	8.186528e-01	1.000000e+00	9.090909e-04	STATE 3 PHASE 1
388	-1.000000e+00	-3.218266e-01	1.000000e+00	2.500000e-01	STATE 4 PHASE 1
389	0.000000e+00	8.302839e-01	1.000000e+00	6.666667e-04	STATE 1 PHASE 1
390	0.000000e+00	8.819965e-01	1.000000e+00	6.666667e-02	STATE 2 PHASE 1
391	0.000000e+00	8.184060e-01	1.000000e+00	9.090909e-04	STATE 3 PHASE 1
392	-1.000000e+00	-3.220046e-01	1.000000e+00	2.500000e-01	STATE 4 PHASE 1
393	0.000000e+00	8.314685e-01	1.000000e+00	6.666667e-04	STATE 1 PHASE 1
394	0.000000e+00	8.819998e-01	1.000000e+00	6.666667e-02	STATE 2 PHASE 1
395	0.000000e+00	8.182487e-01	1.000000e+00	9.090909e-04	STATE 3 PHASE 1
396	-1.000000e+00	-3.219837e-01	1.000000e+00	2.500000e-01	STATE 4 PHASE 1
397	0.000000e+00	8.319725e-01	1.000000e+00	6.666667e-04	STATE 1 PHASE 1
398	0.000000e+00	8.820000e-01	1.000000e+00	6.666667e-02	STATE 2 PHASE 1
399	0.000000e+00	8.181818e-01	1.000000e+00	9.090909e-04	STATE 3 PHASE 1
400	-1.000000e+00	-3.220000e-01	1.000000e+00	2.500000e-01	STATE 4 PHASE 1
401	0.000000e+00	0.000000e+00	0.000000e+00	5.000000e-03	t0 PHASE 1
402	5.000000e-04	4.919747e-01	1.000000e+00	5.000000e-03	tf PHASE 1