
***** Phase 1 differential defect constraints *****
LOWER		G(X)		UPPER		SCALING
0.000000e+00	1.048311e-13	0.000000e+00	2.207041e-04 ***
0.000000e+00	2.643637e-12	0.000000e+00	1.118458e-06 ***
0.000000e+00	-2.273737e-11	0.000000e+00	1.000000e+00 ***
0.000000e+00	-6.086991e-19	0.000000e+00	1.824639e-07 ***
0.000000e+00	2.498090e-12	0.000000e+00	9.328394e-04 ***
0.000000e+00	6.617071e-11	0.000000e+00	4.726895e-06 ***
0.000000e+00	5.254890e-16	0.000000e+00	1.465334e-07 ***
0.000000e+00	3.146636e-16	0.000000e+00	7.712143e-07 ***
0.000000e+00	1.525157e-13	0.000000e+00	1.431202e-03 ***
0.000000e+00	2.561868e-12	0.000000e+00	7.252452e-06 ***
0.000000e+00	6.443683e-15	0.000000e+00	2.248248e-07 ***
0.000000e+00	4.644700e-15	0.000000e+00	1.183237e-06 ***
0.000000e+00	-7.600611e-15	0.000000e+00	1.963636e-03 ***
0.000000e+00	3.704654e-15	0.000000e+00	9.951020e-06 ***
0.000000e+00	6.616716e-15	0.000000e+00	3.084785e-07 ***
0.000000e+00	5.050520e-15	0.000000e+00	1.623439e-06 ***
0.000000e+00	5.404048e-13	0.000000e+00	2.499878e-03 ***
0.000000e+00	8.800631e-12	0.000000e+00	1.266938e-05 ***
0.000000e+00	1.994777e-14	0.000000e+00	3.927444e-07 ***
0.000000e+00	1.628240e-14	0.000000e+00	2.066803e-06 ***
0.000000e+00	-5.496977e-14	0.000000e+00	3.034766e-03 ***
0.000000e+00	1.779396e-13	0.000000e+00	1.538152e-05 ***
0.000000e+00	2.660207e-14	0.000000e+00	4.768154e-07 ***
0.000000e+00	2.374125e-14	0.000000e+00	2.509065e-06 ***
0.000000e+00	5.080857e-13	0.000000e+00	3.566166e-03 ***
0.000000e+00	5.593055e-12	0.000000e+00	1.807673e-05 ***
0.000000e+00	5.331845e-14	0.000000e+00	5.603596e-07 ***
0.000000e+00	5.034708e-14	0.000000e+00	2.948464e-06 ***
0.000000e+00	4.139193e-14	0.000000e+00	4.092710e-03 ***
0.000000e+00	1.731509e-11	0.000000e+00	2.074821e-05 ***
0.000000e+00	3.533014e-14	0.000000e+00	6.431653e-07 ***
0.000000e+00	3.902048e-14	0.000000e+00	3.383871e-06 ***
0.000000e+00	1.069105e-11	0.000000e+00	4.613306e-03 ***
0.000000e+00	1.966524e-10	0.000000e+00	2.339052e-05 ***
0.000000e+00	1.353959e-13	0.000000e+00	7.250640e-07 ***
0.000000e+00	1.436754e-13	0.000000e+00	3.814387e-06 ***
0.000000e+00	-1.889414e-13	0.000000e+00	5.126992e-03 ***
0.000000e+00	9.526496e-12	0.000000e+00	2.599887e-05 ***
0.000000e+00	6.616403e-13	0.000000e+00	8.059064e-07 ***
0.000000e+00	7.024853e-13	0.000000e+00	4.239214e-06 ***
0.000000e+00	-1.054286e-12	0.000000e+00	5.632872e-03 ***
0.000000e+00	1.024703e-10	0.000000e+00	2.856878e-05 ***
0.000000e+00	2.344312e-13	0.000000e+00	8.855535e-07 ***
0.000000e+00	3.230448e-13	0.000000e+00	4.657611e-06 ***
0.000000e+00	-6.762853e-13	0.000000e+00	6.130087e-03 ***
0.000000e+00	3.376508e-11	0.000000e+00	3.109598e-05 ***
0.000000e+00	5.548150e-14	0.000000e+00	9.638729e-07 ***
0.000000e+00	1.175935e-13	0.000000e+00	5.068869e-06 ***
0.000000e+00	2.062080e-13	0.000000e+00	6.617818e-03 ***
0.000000e+00	5.970897e-11	0.000000e+00	3.357636e-05 ***
0.000000e+00	1.065431e-14	0.000000e+00	1.040737e-06 ***
0.000000e+00	-2.015591e-14	0.000000e+00	5.472311e-06 ***
0.000000e+00	1.373191e-12	0.000000e+00	7.095287e-03 ***
0.000000e+00	2.799529e-11	0.000000e+00	3.600594e-05 ***
0.000000e+00	4.325186e-14	0.000000e+00	1.116022e-06 ***
0.000000e+00	-1.419812e-14	0.000000e+00	5.867278e-06 ***
0.000000e+00	4.023038e-12	0.000000e+00	7.561734e-03 ***
0.000000e+00	6.185296e-11	0.000000e+00	3.838085e-05 ***
0.000000e+00	3.015371e-15	0.000000e+00	1.189607e-06 ***
0.000000e+00	1.783077e-14	0.000000e+00	6.253134e-06 ***
0.000000e+00	6.521570e-12	0.000000e+00	8.016400e-03 ***
0.000000e+00	7.602273e-11	0.000000e+00	4.069732e-05 ***
0.000000e+00	3.277687e-13	0.000000e+00	1.261377e-06 ***
0.000000e+00	5.298824e-13	0.000000e+00	6.629262e-06 ***
0.000000e+00	-3.097568e-12	0.000000e+00	8.458574e-03 ***
0.000000e+00	1.319523e-10	0.000000e+00	4.295168e-05 ***
0.000000e+00	2.692990e-13	0.000000e+00	1.331217e-06 ***
0.000000e+00	5.219712e-13	0.000000e+00	6.995063e-06 ***
0.000000e+00	1.449465e-12	0.000000e+00	8.887604e-03 ***
0.000000e+00	1.520394e-10	0.000000e+00	4.514040e-05 ***
0.000000e+00	1.917583e-13	0.000000e+00	1.399019e-06 ***
0.000000e+00	2.011483e-14	0.000000e+00	7.349959e-06 ***
0.000000e+00	2.630279e-12	0.000000e+00	9.302830e-03 ***
0.000000e+00	7.126448e-11	0.000000e+00	4.726005e-05 ***
0.000000e+00	3.589062e-13	0.000000e+00	1.464675e-06 ***
0.000000e+00	2.214797e-13	0.000000e+00	7.693394e-06 ***
0.000000e+00	1.940623e-12	0.000000e+00	9.703575e-03 ***
0.000000e+00	4.317489e-11	0.000000e+00	4.930728e-05 ***
0.000000e+00	1.043310e-14	0.000000e+00	1.528083e-06 ***
0.000000e+00	-1.432704e-14	0.000000e+00	8.024834e-06 ***
0.000000e+00	8.669277e-13	0.000000e+00	1.008924e-02 ***
0.000000e+00	3.854629e-11	0.000000e+00	5.127888e-05 ***
0.000000e+00	3.862034e-14	0.000000e+00	1.589144e-06 ***
0.000000e+00	8.669981e-16	0.000000e+00	8.343759e-06 ***
0.000000e+00	6.080883e-12	0.000000e+00	1.045931e-02 ***
0.000000e+00	1.068081e-10	0.000000e+00	5.317180e-05 ***
0.000000e+00	2.827918e-14	0.000000e+00	1.647763e-06 ***
0.000000e+00	7.617947e-14	0.000000e+00	8.649676e-06 ***
0.000000e+00	1.974874e-12	0.000000e+00	1.081323e-02 ***
0.000000e+00	4.409226e-11	0.000000e+00	5.498308e-05 ***
0.000000e+00	4.651297e-13	0.000000e+00	1.703849e-06 ***
0.000000e+00	8.601196e-13	0.000000e+00	8.942117e-06 ***
0.000000e+00	4.477991e-13	0.000000e+00	1.115041e-02 ***
0.000000e+00	4.485828e-11	0.000000e+00	5.670985e-05 ***
0.000000e+00	4.050126e-13	0.000000e+00	1.757316e-06 ***
0.000000e+00	8.845359e-13	0.000000e+00	9.220641e-06 ***
0.000000e+00	4.110498e-12	0.000000e+00	1.147038e-02 ***
0.000000e+00	5.313150e-11	0.000000e+00	5.834942e-05 ***
0.000000e+00	6.197789e-13	0.000000e+00	1.808079e-06 ***
0.000000e+00	1.420706e-12	0.000000e+00	9.484821e-06 ***
0.000000e+00	-4.478238e-12	0.000000e+00	1.177273e-02 ***
0.000000e+00	7.084302e-11	0.000000e+00	5.989928e-05 ***
0.000000e+00	6.169402e-13	0.000000e+00	1.856061e-06 ***
0.000000e+00	1.616771e-12	0.000000e+00	9.734247e-06 ***
0.000000e+00	-2.083184e-12	0.000000e+00	1.205703e-02 ***
0.000000e+00	5.859358e-11	0.000000e+00	6.135700e-05 ***
0.000000e+00	3.467579e-14	0.000000e+00	1.901189e-06 ***
0.000000e+00	2.488293e-13	0.000000e+00	9.968553e-06 ***
0.000000e+00	2.146935e-12	0.000000e+00	1.232282e-02 ***
0.000000e+00	5.049350e-11	0.000000e+00	6.272028e-05 ***
0.000000e+00	7.480606e-14	0.000000e+00	1.943391e-06 ***
0.000000e+00	4.164806e-13	0.000000e+00	1.018741e-05 ***
0.000000e+00	-4.053256e-12	0.000000e+00	1.256972e-02 ***
0.000000e+00	9.328881e-11	0.000000e+00	6.398700e-05 ***
0.000000e+00	6.330560e-14	0.000000e+00	1.982604e-06 ***
0.000000e+00	-1.349449e-13	0.000000e+00	1.039049e-05 ***
0.000000e+00	3.123230e-11	0.000000e+00	1.279743e-02 ***
0.000000e+00	3.385790e-10	0.000000e+00	6.515521e-05 ***
0.000000e+00	7.058355e-14	0.000000e+00	2.018766e-06 ***
0.000000e+00	4.036901e-13	0.000000e+00	1.057746e-05 ***
0.000000e+00	3.929093e-12	0.000000e+00	1.300563e-02 ***
0.000000e+00	5.490933e-11	0.000000e+00	6.622309e-05 ***
0.000000e+00	2.847202e-12	0.000000e+00	2.051824e-06 ***
0.000000e+00	7.454451e-12	0.000000e+00	1.074806e-05 ***
0.000000e+00	-1.921519e-11	0.000000e+00	1.319403e-02 ***
0.000000e+00	1.803629e-10	0.000000e+00	6.718899e-05 ***
0.000000e+00	7.688632e-13	0.000000e+00	2.081725e-06 ***
0.000000e+00	2.987860e-12	0.000000e+00	1.090210e-05 ***
0.000000e+00	-1.198325e-11	0.000000e+00	1.336234e-02 ***
0.000000e+00	1.313502e-10	0.000000e+00	6.805140e-05 ***
0.000000e+00	2.331419e-14	0.000000e+00	2.108424e-06 ***
0.000000e+00	-1.643411e-13	0.000000e+00	1.103936e-05 ***
0.000000e+00	-4.521942e-12	0.000000e+00	1.351029e-02 ***
0.000000e+00	7.734582e-11	0.000000e+00	6.880894e-05 ***
0.000000e+00	9.764875e-13	0.000000e+00	2.131880e-06 ***
0.000000e+00	5.099412e-13	0.000000e+00	1.115960e-05 ***
0.000000e+00	-3.550681e-12	0.000000e+00	1.363768e-02 ***
0.000000e+00	1.176351e-10	0.000000e+00	6.946044e-05 ***
0.000000e+00	2.332824e-12	0.000000e+00	2.152057e-06 ***
0.000000e+00	3.185970e-12	0.000000e+00	1.126264e-05 ***
0.000000e+00	-1.977799e-12	0.000000e+00	1.374445e-02 ***
0.000000e+00	6.162242e-11	0.000000e+00	7.000500e-05 ***
0.000000e+00	6.211218e-12	0.000000e+00	2.168923e-06 ***
0.000000e+00	1.230850e-11	0.000000e+00	1.134842e-05 ***
0.000000e+00	-3.491404e-12	0.000000e+00	1.383045e-02 ***
0.000000e+00	2.662471e-10	0.000000e+00	7.044177e-05 ***
0.000000e+00	2.677171e-12	0.000000e+00	2.182453e-06 ***
0.000000e+00	6.324328e-12	0.000000e+00	1.141691e-05 ***
0.000000e+00	2.839254e-13	0.000000e+00	1.389529e-02 ***
0.000000e+00	1.083633e-10	0.000000e+00	7.076989e-05 ***
0.000000e+00	1.468355e-13	0.000000e+00	2.192625e-06 ***
0.000000e+00	5.052647e-13	0.000000e+00	1.146794e-05 ***
0.000000e+00	1.759421e-12	0.000000e+00	1.393888e-02 ***
0.000000e+00	7.147549e-11	0.000000e+00	7.098886e-05 ***
0.000000e+00	1.259609e-13	0.000000e+00	2.199424e-06 ***
0.000000e+00	1.726447e-13	0.000000e+00	1.150140e-05 ***
0.000000e+00	5.086189e-12	0.000000e+00	1.396158e-02 ***
0.000000e+00	1.330059e-10	0.000000e+00	7.109867e-05 ***
0.000000e+00	6.635494e-15	0.000000e+00	2.202839e-06 ***
0.000000e+00	-4.032860e-15	0.000000e+00	1.151734e-05 ***
0.000000e+00	2.722206e-13	0.000000e+00	1.396328e-02 ***
0.000000e+00	4.752211e-11	0.000000e+00	7.109913e-05 ***
0.000000e+00	2.660517e-13	0.000000e+00	2.202863e-06 ***
0.000000e+00	8.956778e-13	0.000000e+00	1.151593e-05 ***
0.000000e+00	7.880780e-13	0.000000e+00	1.394346e-02 ***
0.000000e+00	5.888880e-11	0.000000e+00	7.098984e-05 ***
0.000000e+00	3.912839e-15	0.000000e+00	2.199495e-06 ***
0.000000e+00	-1.376356e-14	0.000000e+00	1.149721e-05 ***
0.000000e+00	2.402350e-12	0.000000e+00	1.390213e-02 ***
0.000000e+00	4.891109e-11	0.000000e+00	7.077098e-05 ***
0.000000e+00	6.002802e-16	0.000000e+00	2.192741e-06 ***
0.000000e+00	2.091787e-14	0.000000e+00	1.146104e-05 ***
0.000000e+00	1.069099e-12	0.000000e+00	1.384005e-02 ***
0.000000e+00	3.901086e-11	0.000000e+00	7.044348e-05 ***
0.000000e+00	5.521483e-14	0.000000e+00	2.182612e-06 ***
0.000000e+00	2.757825e-13	0.000000e+00	1.140752e-05 ***
0.000000e+00	-1.720550e-13	0.000000e+00	1.375710e-02 ***
0.000000e+00	4.309120e-11	0.000000e+00	7.000779e-05 ***
0.000000e+00	1.195518e-15	0.000000e+00	2.169119e-06 ***
0.000000e+00	3.480213e-14	0.000000e+00	1.133704e-05 ***
0.000000e+00	5.622595e-13	0.000000e+00	1.365276e-02 ***
0.000000e+00	3.149869e-11	0.000000e+00	6.946407e-05 ***
0.000000e+00	7.061831e-14	0.000000e+00	2.152280e-06 ***
0.000000e+00	6.750156e-14	0.000000e+00	1.124995e-05 ***
0.000000e+00	6.291929e-13	0.000000e+00	1.352719e-02 ***
0.000000e+00	1.881074e-11	0.000000e+00	6.881317e-05 ***
0.000000e+00	2.079936e-14	0.000000e+00	2.132122e-06 ***
0.000000e+00	2.136471e-15	0.000000e+00	1.114626e-05 ***
0.000000e+00	3.582362e-13	0.000000e+00	1.338061e-02 ***
0.000000e+00	2.030503e-11	0.000000e+00	6.805648e-05 ***
0.000000e+00	2.113066e-14	0.000000e+00	2.108678e-06 ***
0.000000e+00	8.298172e-15	0.000000e+00	1.102591e-05 ***
0.000000e+00	6.143409e-13	0.000000e+00	1.321233e-02 ***
0.000000e+00	9.860355e-12	0.000000e+00	6.719484e-05 ***
0.000000e+00	6.903883e-15	0.000000e+00	2.081980e-06 ***
0.000000e+00	4.125653e-14	0.000000e+00	1.088928e-05 ***
0.000000e+00	-4.382544e-13	0.000000e+00	1.301936e-02 ***
0.000000e+00	8.539244e-12	0.000000e+00	6.622899e-05 ***
0.000000e+00	1.931665e-14	0.000000e+00	2.052066e-06 ***
0.000000e+00	9.079741e-14	0.000000e+00	1.073731e-05 ***
0.000000e+00	-4.531728e-14	0.000000e+00	1.279487e-02 ***
0.000000e+00	3.198329e-14	0.000000e+00	6.515826e-05 ***
0.000000e+00	3.672496e-18	0.000000e+00	2.018976e-06 ***
0.000000e+00	6.028016e-15	0.000000e+00	1.057077e-05 ***
0.000000e+00	-5.484383e-13	0.000000e+00	1.254079e-02 ***
0.000000e+00	2.583395e-12	0.000000e+00	6.398361e-05 ***
0.000000e+00	1.482327e-15	0.000000e+00	1.982769e-06 ***
0.000000e+00	-1.130832e-14	0.000000e+00	1.038950e-05 ***
0.000000e+00	-1.313744e-13	0.000000e+00	1.225827e-02 ***
0.000000e+00	4.690242e-14	0.000000e+00	6.270623e-05 ***
0.000000e+00	3.558920e-14	0.000000e+00	1.943515e-06 ***
0.000000e+00	-6.472497e-14	0.000000e+00	1.019203e-05 ***
0.000000e+00	-1.956166e-13	0.000000e+00	1.196365e-02 ***
0.000000e+00	3.051204e-12	0.000000e+00	6.133292e-05 ***
0.000000e+00	5.004346e-15	0.000000e+00	1.901291e-06 ***
0.000000e+00	-1.473749e-14	0.000000e+00	9.976324e-06 ***
0.000000e+00	-1.191555e-16	0.000000e+00	1.166584e-02 ***
0.000000e+00	3.701020e-17	0.000000e+00	5.987037e-05 ***
0.000000e+00	4.051623e-17	0.000000e+00	1.856169e-06 ***
0.000000e+00	-8.693359e-17	0.000000e+00	9.741094e-06 ***
0.000000e+00	-7.063160e-17	0.000000e+00	1.136059e-02 ***
0.000000e+00	-1.529078e-16	0.000000e+00	5.831941e-05 ***
0.000000e+00	-6.413790e-17	0.000000e+00	1.808214e-06 ***
0.000000e+00	-1.499135e-16	0.000000e+00	9.486710e-06 ***
0.000000e+00	9.814911e-18	0.000000e+00	1.105061e-02 ***
0.000000e+00	-4.228945e-18	0.000000e+00	5.668296e-05 ***
0.000000e+00	-3.196856e-17	0.000000e+00	1.757490e-06 ***
0.000000e+00	-7.752289e-17	0.000000e+00	9.214846e-06 ***
0.000000e+00	-1.428671e-17	0.000000e+00	1.072361e-02 ***
0.000000e+00	3.631673e-17	0.000000e+00	5.495834e-05 ***
0.000000e+00	7.439222e-17	0.000000e+00	1.704065e-06 ***
0.000000e+00	-4.871711e-17	0.000000e+00	8.927504e-06 ***
0.000000e+00	-9.219590e-18	0.000000e+00	1.038034e-02 ***
0.000000e+00	1.057406e-17	0.000000e+00	5.314882e-05 ***
0.000000e+00	1.348975e-16	0.000000e+00	1.648015e-06 ***
0.000000e+00	1.765278e-16	0.000000e+00	8.626416e-06 ***
0.000000e+00	2.224960e-17	0.000000e+00	1.002033e-02 ***
0.000000e+00	1.456820e-16	0.000000e+00	5.125731e-05 ***
0.000000e+00	-1.590130e-16	0.000000e+00	1.589424e-06 ***
0.000000e+00	-1.020680e-16	0.000000e+00	8.312962e-06 ***
0.000000e+00	-6.424410e-17	0.000000e+00	9.644323e-03 ***
0.000000e+00	-1.099646e-16	0.000000e+00	4.928709e-05 ***
0.000000e+00	-8.618335e-17	0.000000e+00	1.528381e-06 ***
0.000000e+00	1.779988e-16	0.000000e+00	7.988233e-06 ***
0.000000e+00	4.519751e-17	0.000000e+00	9.252341e-03 ***
0.000000e+00	9.801555e-17	0.000000e+00	4.724131e-05 ***
0.000000e+00	-1.079236e-16	0.000000e+00	1.464978e-06 ***
0.000000e+00	-4.176235e-17	0.000000e+00	7.653032e-06 ***
0.000000e+00	3.142429e-17	0.000000e+00	8.845152e-03 ***
0.000000e+00	-1.000335e-16	0.000000e+00	4.512327e-05 ***
0.000000e+00	1.425391e-16	0.000000e+00	1.399316e-06 ***
0.000000e+00	-7.311152e-17	0.000000e+00	7.307906e-06 ***
0.000000e+00	1.009974e-16	0.000000e+00	8.423181e-03 ***
0.000000e+00	-2.928773e-17	0.000000e+00	4.293627e-05 ***
0.000000e+00	1.798321e-16	0.000000e+00	1.331499e-06 ***
0.000000e+00	-1.897175e-17	0.000000e+00	6.953219e-06 ***
0.000000e+00	1.418815e-17	0.000000e+00	7.987216e-03 ***
0.000000e+00	-1.167864e-16	0.000000e+00	4.068371e-05 ***
0.000000e+00	-1.371203e-16	0.000000e+00	1.261635e-06 ***
0.000000e+00	-1.198576e-17	0.000000e+00	6.589239e-06 ***
0.000000e+00	1.405955e-16	0.000000e+00	7.537929e-03 ***
0.000000e+00	-1.417670e-17	0.000000e+00	3.836910e-05 ***
0.000000e+00	-2.759483e-17	0.000000e+00	1.189837e-06 ***
0.000000e+00	-5.653588e-18	0.000000e+00	6.216186e-06 ***
0.000000e+00	-1.256973e-16	0.000000e+00	7.076128e-03 ***
0.000000e+00	6.445331e-17	0.000000e+00	3.599602e-05 ***
0.000000e+00	-6.141937e-17	0.000000e+00	1.116220e-06 ***
0.000000e+00	1.591873e-17	0.000000e+00	5.834277e-06 ***
0.000000e+00	-4.691439e-17	0.000000e+00	6.602614e-03 ***
0.000000e+00	-4.197886e-17	0.000000e+00	3.356818e-05 ***
0.000000e+00	8.283590e-17	0.000000e+00	1.040903e-06 ***
0.000000e+00	-7.426611e-17	0.000000e+00	5.443764e-06 ***
0.000000e+00	1.005303e-16	0.000000e+00	6.118219e-03 ***
0.000000e+00	7.952527e-17	0.000000e+00	3.108941e-05 ***
0.000000e+00	-9.425176e-17	0.000000e+00	9.640084e-07 ***
0.000000e+00	0.000000e+00	0.000000e+00	5.044959e-06
0.000000e+00	-5.993928e-17	0.000000e+00	5.623803e-03 ***
0.000000e+00	3.084945e-17	0.000000e+00	2.856364e-05 ***
0.000000e+00	3.906692e-17	0.000000e+00	8.856605e-07 ***
0.000000e+00	-1.687384e-17	0.000000e+00	4.638247e-06 ***
0.000000e+00	6.594141e-17	0.000000e+00	5.120237e-03 ***
0.000000e+00	-2.290348e-17	0.000000e+00	2.599499e-05 ***
0.000000e+00	2.932167e-18	0.000000e+00	8.059879e-07 ***
0.000000e+00	-2.689255e-17	0.000000e+00	4.224095e-06 ***
0.000000e+00	8.800186e-17	0.000000e+00	4.608432e-03 ***
0.000000e+00	-1.495616e-16	0.000000e+00	2.338769e-05 ***
0.000000e+00	-1.574547e-17	0.000000e+00	7.251237e-07 ***
0.000000e+00	-3.112974e-17	0.000000e+00	3.803057e-06 ***
0.000000e+00	-6.537697e-17	0.000000e+00	4.089329e-03 ***
0.000000e+00	1.138012e-16	0.000000e+00	2.074624e-05 ***
0.000000e+00	-1.226293e-16	0.000000e+00	6.432071e-07 ***
0.000000e+00	3.070253e-18	0.000000e+00	3.375779e-06 ***
0.000000e+00	1.519400e-16	0.000000e+00	3.563941e-03 ***
0.000000e+00	5.753829e-17	0.000000e+00	1.807543e-05 ***
0.000000e+00	8.173820e-17	0.000000e+00	5.603872e-07 ***
0.000000e+00	-1.338327e-17	0.000000e+00	2.943013e-06 ***
0.000000e+00	-1.225861e-16	0.000000e+00	3.033400e-03 ***
0.000000e+00	-3.803174e-17	0.000000e+00	1.538072e-05 ***
0.000000e+00	-1.691068e-16	0.000000e+00	4.768325e-07 ***
0.000000e+00	0.000000e+00	0.000000e+00	2.505658e-06
0.000000e+00	-6.991933e-17	0.000000e+00	2.499117e-03 ***
0.000000e+00	-5.905195e-17	0.000000e+00	1.266894e-05 ***
0.000000e+00	4.728535e-17	0.000000e+00	3.927539e-07 ***
0.000000e+00	-5.633985e-18	0.000000e+00	2.064878e-06 ***
0.000000e+00	5.144010e-17	0.000000e+00	1.963268e-03 ***
0.000000e+00	3.874619e-17	0.000000e+00	9.950805e-06 ***
0.000000e+00	7.940830e-17	0.000000e+00	3.084831e-07 ***
0.000000e+00	1.032958e-17	0.000000e+00	1.622498e-06 ***
0.000000e+00	-1.048605e-16	0.000000e+00	1.431060e-03 ***
0.000000e+00	-1.628385e-16	0.000000e+00	7.252369e-06 ***
0.000000e+00	-3.897873e-19	0.000000e+00	2.248266e-07 ***
0.000000e+00	-2.151630e-18	0.000000e+00	1.182871e-06 ***
0.000000e+00	7.332161e-17	0.000000e+00	9.327999e-04 ***
0.000000e+00	-7.550233e-17	0.000000e+00	4.726872e-06 ***
0.000000e+00	1.297968e-16	0.000000e+00	1.465339e-07 ***
0.000000e+00	7.013228e-19	0.000000e+00	7.711126e-07 ***
0.000000e+00	-8.604404e-17	0.000000e+00	2.206765e-04 ***
0.000000e+00	1.508516e-16	0.000000e+00	1.118100e-06 ***
0.000000e+00	-3.883006e-13	0.000000e+00	1.000000e+00 ***
0.000000e+00	-2.655179e-18	0.000000e+00	1.824625e-07 ***
***** Phase 1 path constraints *****
LOWER		G(X)		UPPER		SCALING
-3.736666e-01	1.477991e-01	3.736666e-01	9.341665e-02
0.000000e+00	0.000000e+00	1.000000e+00	5.263158e-04
-3.736130e-01	1.359026e-01	3.736130e-01	9.340324e-02
0.000000e+00	7.609671e-07	1.000000e+00	5.263158e-04
-3.734876e-01	1.428687e-01	3.734876e-01	9.337190e-02
0.000000e+00	8.153489e-06	1.000000e+00	5.263158e-04
-3.731113e-01	1.374187e-01	3.731113e-01	9.327783e-02
0.000000e+00	3.676820e-05	1.000000e+00	5.263158e-04
-3.725513e-01	1.411497e-01	3.725513e-01	9.313784e-02
0.000000e+00	1.074057e-04	1.000000e+00	5.263158e-04
-3.719766e-01	1.371977e-01	3.719766e-01	9.299415e-02
0.000000e+00	2.509048e-04	1.000000e+00	5.263158e-04
-3.713456e-01	1.397885e-01	3.713456e-01	9.283641e-02
0.000000e+00	5.017725e-04	1.000000e+00	5.263158e-04
-3.705069e-01	1.365494e-01	3.705069e-01	9.262674e-02
0.000000e+00	9.060249e-04	1.000000e+00	5.263158e-04
-3.695385e-01	1.380633e-01	3.695385e-01	9.238462e-02
0.000000e+00	1.510201e-03	1.000000e+00	5.263158e-04
-3.686278e-01	1.355060e-01	3.686278e-01	9.215695e-02
0.000000e+00	2.373038e-03	1.000000e+00	5.263158e-04
-3.677279e-01	1.362834e-01	3.677279e-01	9.193198e-02
0.000000e+00	3.551277e-03	1.000000e+00	5.263158e-04
-3.666436e-01	1.342711e-01	3.666436e-01	9.166089e-02
0.000000e+00	5.113389e-03	1.000000e+00	5.263158e-04
-3.654777e-01	1.342906e-01	3.654777e-01	9.136943e-02
0.000000e+00	7.124270e-03	1.000000e+00	5.263158e-04
-3.644667e-01	1.328694e-01	3.644667e-01	9.111666e-02
0.000000e+00	9.658539e-03	1.000000e+00	5.263158e-04
-3.635555e-01	1.324154e-01	3.635555e-01	9.088887e-02
0.000000e+00	1.278721e-02	1.000000e+00	5.263158e-04
-3.625009e-01	1.315205e-01	3.625009e-01	9.062521e-02
0.000000e+00	1.658735e-02	1.000000e+00	5.263158e-04
-3.614185e-01	1.304509e-01	3.614185e-01	9.035462e-02
0.000000e+00	2.113417e-02	1.000000e+00	5.263158e-04
-3.605794e-01	1.301594e-01	3.605794e-01	9.014486e-02
0.000000e+00	2.650281e-02	1.000000e+00	5.263158e-04
-3.599288e-01	1.288083e-01	3.599288e-01	8.998221e-02
0.000000e+00	3.277098e-02	1.000000e+00	5.263158e-04
-3.591971e-01	1.290739e-01	3.591971e-01	8.979927e-02
0.000000e+00	4.000872e-02	1.000000e+00	5.263158e-04
-3.584937e-01	1.273259e-01	3.584937e-01	8.962342e-02
0.000000e+00	4.829510e-02	1.000000e+00	5.263158e-04
-3.580954e-01	1.281882e-01	3.580954e-01	8.952385e-02
0.000000e+00	5.769194e-02	1.000000e+00	5.263158e-04
-3.579589e-01	1.263068e-01	3.579589e-01	8.948972e-02
0.000000e+00	6.827823e-02	1.000000e+00	5.263158e-04
-3.578256e-01	1.276977e-01	3.578256e-01	8.945641e-02
0.000000e+00	8.010456e-02	1.000000e+00	5.263158e-04
-3.577809e-01	1.256076e-01	3.577809e-01	8.944522e-02
0.000000e+00	9.324853e-02	1.000000e+00	5.263158e-04
-3.580652e-01	1.275039e-01	3.580652e-01	8.951630e-02
0.000000e+00	1.077478e-01	1.000000e+00	5.263158e-04
-3.586585e-01	1.254865e-01	3.586585e-01	8.966462e-02
0.000000e+00	1.236767e-01	1.000000e+00	5.263158e-04
-3.593700e-01	1.278041e-01	3.593700e-01	8.984249e-02
0.000000e+00	1.410588e-01	1.000000e+00	5.263158e-04
-3.602463e-01	1.257725e-01	3.602463e-01	9.006158e-02
0.000000e+00	1.599629e-01	1.000000e+00	5.263158e-04
-3.614259e-01	1.284133e-01	3.614259e-01	9.035647e-02
0.000000e+00	1.803964e-01	1.000000e+00	5.263158e-04
-3.629197e-01	1.265841e-01	3.629197e-01	9.072993e-02
0.000000e+00	2.024192e-01	1.000000e+00	5.263158e-04
-3.647017e-01	1.293874e-01	3.647017e-01	9.117541e-02
0.000000e+00	2.260221e-01	1.000000e+00	5.263158e-04
-3.667704e-01	1.277643e-01	3.667704e-01	9.169259e-02
0.000000e+00	2.512500e-01	1.000000e+00	5.263158e-04
-3.690428e-01	1.305070e-01	3.690428e-01	9.226069e-02
0.000000e+00	2.780744e-01	1.000000e+00	5.263158e-04
-3.715598e-01	1.291478e-01	3.715598e-01	9.288994e-02
0.000000e+00	3.065196e-01	1.000000e+00	5.263158e-04
-3.746333e-01	1.315361e-01	3.746333e-01	9.365832e-02
0.000000e+00	3.365369e-01	1.000000e+00	5.263158e-04
-3.782168e-01	1.307127e-01	3.782168e-01	9.455419e-02
0.000000e+00	3.681197e-01	1.000000e+00	5.263158e-04
-3.817998e-01	1.321561e-01	3.817998e-01	9.544996e-02
0.000000e+00	4.011964e-01	1.000000e+00	5.263158e-04
-3.854295e-01	1.315113e-01	3.854295e-01	9.635737e-02
0.000000e+00	4.357177e-01	1.000000e+00	5.263158e-04
-3.900676e-01	1.315017e-01	3.900676e-01	9.751691e-02
0.000000e+00	4.715854e-01	1.000000e+00	5.263158e-04
-3.956502e-01	1.316386e-01	3.956502e-01	9.891255e-02
0.000000e+00	5.086934e-01	1.000000e+00	5.263158e-04
-4.009397e-01	1.288906e-01	4.009397e-01	1.002349e-01
0.000000e+00	5.469124e-01	1.000000e+00	5.263158e-04
-4.059371e-01	1.285457e-01	4.059371e-01	1.014843e-01
0.000000e+00	5.860590e-01	1.000000e+00	5.263158e-04
-4.126715e-01	1.215705e-01	4.126715e-01	1.031679e-01
0.000000e+00	6.259607e-01	1.000000e+00	5.263158e-04
-4.210841e-01	1.208436e-01	4.210841e-01	1.052710e-01
0.000000e+00	6.663278e-01	1.000000e+00	5.263158e-04
-4.293036e-01	1.065048e-01	4.293036e-01	1.073259e-01
0.000000e+00	7.069204e-01	1.000000e+00	5.263158e-04
-4.372199e-01	1.008988e-01	4.372199e-01	1.093050e-01
0.000000e+00	7.472929e-01	1.000000e+00	5.263158e-04
-4.469095e-01	7.369969e-02	4.469095e-01	1.117274e-01
0.000000e+00	7.870778e-01	1.000000e+00	5.263158e-04
-4.571887e-01	5.412297e-02	4.571887e-01	1.142972e-01
0.000000e+00	8.255754e-01	1.000000e+00	5.263158e-04
-4.647913e-01	3.562085e-03	4.647913e-01	1.161978e-01
0.000000e+00	8.779181e-01	9.999997e-01	5.263157e-04
-4.545792e-01	-5.740792e-02	4.545792e-01	1.136448e-01
0.000000e+00	9.113630e-01	1.000000e+00	5.263158e-04
-4.241904e-01	-1.317559e-01	4.241904e-01	1.060476e-01
0.000000e+00	9.402810e-01	1.000000e+00	5.263158e-04
-3.821853e-01	-2.717558e-01	3.821853e-01	9.554632e-02
0.000000e+00	9.626105e-01	1.000000e+00	5.263158e-04
-3.501148e-01	-3.389327e-01	3.501148e-01	8.752869e-02
0.000000e+00	9.747803e-01	1.000000e+00	5.263158e-04
-3.324719e-01	-3.324719e-01	3.324719e-01	8.311798e-02 ***
0.000000e+00	9.748155e-01	1.000000e+00	5.263158e-04
-3.223395e-01	-3.223395e-01	3.223395e-01	8.058486e-02 ***
0.000000e+00	9.631606e-01	1.000000e+00	5.263158e-04
-3.219299e-01	-3.219299e-01	3.219299e-01	8.048246e-02 ***
0.000000e+00	9.409414e-01	1.000000e+00	5.263158e-04
-3.205714e-01	-3.205714e-01	3.205714e-01	8.014285e-02 ***
0.000000e+00	9.094258e-01	1.000000e+00	5.263158e-04
-3.190384e-01	-3.190385e-01	3.190384e-01	7.975961e-02 ***
0.000000e+00	8.699549e-01	1.000000e+00	5.263158e-04
-3.167255e-01	-3.167255e-01	3.167255e-01	7.918138e-02 ***
0.000000e+00	8.238999e-01	1.000000e+00	5.263158e-04
-3.142158e-01	-3.142158e-01	3.142158e-01	7.855395e-02 ***
0.000000e+00	7.726160e-01	1.000000e+00	5.263158e-04
-3.110504e-01	-3.110504e-01	3.110504e-01	7.776260e-02 ***
0.000000e+00	7.174135e-01	1.000000e+00	5.263158e-04
-3.076640e-01	-3.076640e-01	3.076640e-01	7.691600e-02 ***
0.000000e+00	6.595277e-01	1.000000e+00	5.263158e-04
-3.038464e-01	-3.038464e-01	3.038464e-01	7.596159e-02 ***
0.000000e+00	6.001056e-01	1.000000e+00	5.263158e-04
-2.998703e-01	-2.998704e-01	2.998703e-01	7.496759e-02 ***
0.000000e+00	5.401906e-01	1.000000e+00	5.263158e-04
-2.956952e-01	-2.956952e-01	2.956952e-01	7.392380e-02 ***
0.000000e+00	4.807211e-01	1.000000e+00	5.263158e-04
-2.914789e-01	-2.914789e-01	2.914789e-01	7.286973e-02 ***
0.000000e+00	4.225263e-01	1.000000e+00	5.263158e-04
-2.872847e-01	-2.872847e-01	2.872847e-01	7.182118e-02 ***
0.000000e+00	3.663319e-01	1.000000e+00	5.263158e-04
-2.831917e-01	-2.831917e-01	2.831917e-01	7.079793e-02 ***
0.000000e+00	3.127633e-01	1.000000e+00	5.263158e-04
-2.792870e-01	-2.792870e-01	2.792870e-01	6.982174e-02 ***
0.000000e+00	2.623541e-01	1.000000e+00	5.263158e-04
-2.756027e-01	-2.756027e-01	2.756027e-01	6.890067e-02 ***
0.000000e+00	2.155533e-01	1.000000e+00	5.263158e-04
-2.722201e-01	-2.722201e-01	2.722201e-01	6.805502e-02 ***
0.000000e+00	1.727346e-01	1.000000e+00	5.263158e-04
-2.691469e-01	-2.691469e-01	2.691469e-01	6.728672e-02 ***
0.000000e+00	1.342047e-01	1.000000e+00	5.263158e-04
-2.664397e-01	-2.664397e-01	2.664397e-01	6.660992e-02 ***
0.000000e+00	1.002123e-01	1.000000e+00	5.263158e-04
-2.640962e-01	-2.640962e-01	2.640962e-01	6.602405e-02 ***
0.000000e+00	7.095557e-02	1.000000e+00	5.263158e-04
-2.621517e-01	-2.621517e-01	2.621517e-01	6.553792e-02 ***
0.000000e+00	4.658983e-02	1.000000e+00	5.263158e-04
-2.606022e-01	-2.606022e-01	2.606022e-01	6.515054e-02 ***
0.000000e+00	2.723367e-02	1.000000e+00	5.263158e-04
-2.594647e-01	-2.594647e-01	2.594647e-01	6.486617e-02 ***
0.000000e+00	1.297481e-02	1.000000e+00	5.263158e-04
-2.587373e-01	-2.587374e-01	2.587373e-01	6.468434e-02 ***
0.000000e+00	3.874890e-03	1.000000e+00	5.263158e-04
-2.584283e-01	-2.584282e-01	2.584283e-01	6.460707e-02
0.000000e+00	0.000000e+00	1.000000e+00	5.263158e-04
***** Phase 1 event constraints *****
LOWER		G(X)		UPPER		SCALING
0.000000e+00	0.000000e+00	0.000000e+00	6.366198e-01
8.774194e-01	8.774194e-01	8.774194e-01	3.225806e-03
0.000000e+00	0.000000e+00	0.000000e+00	1.000000e-04
1.578947e-02	1.578947e-02	1.578947e-02	5.263158e-04
-1.000000e+00	-1.000000e+00	-1.000000e+00	6.366198e-01
1.000000e+00	1.000000e+00	1.000000e+00	3.225806e-03
1.000000e+00	1.000000e+00	1.000000e+00	1.000000e-04
0.000000e+00	0.000000e+00	0.000000e+00	5.263158e-04
***** Phase 1 tf >= t0 constraint *****
LOWER		G(X)		UPPER		SCALING
-7.071068e-01	-2.892947e-01	0.000000e+00	7.071068e-01
***** Phase linkage constraints *****
LOWER		G(X)		UPPER		SCALING
***** Scaled Decision Variables ******************************
J	LOWER		X(J)		UPPER		SCALING		DESCRIPTION
1	1.666667e-01	9.999996e-01	1.000000e+00	1.666667e-04	CONTROL 1 PHASE 1
2	-1.000000e+00	1.557549e-01	1.000000e+00	3.333333e+00	CONTROL 2 PHASE 1
3	1.666667e-01	1.000000e+00	1.000000e+00	1.666667e-04	CONTROL 1 PHASE 1
4	-1.000000e+00	1.431911e-01	1.000000e+00	3.333333e+00	CONTROL 2 PHASE 1
5	1.666667e-01	1.000000e+00	1.000000e+00	1.666667e-04	CONTROL 1 PHASE 1
6	-1.000000e+00	1.504649e-01	1.000000e+00	3.333333e+00	CONTROL 2 PHASE 1
7	1.666667e-01	1.000000e+00	1.000000e+00	1.666667e-04	CONTROL 1 PHASE 1
8	-1.000000e+00	1.446977e-01	1.000000e+00	3.333333e+00	CONTROL 2 PHASE 1
9	1.666667e-01	1.000000e+00	1.000000e+00	1.666667e-04	CONTROL 1 PHASE 1
10	-1.000000e+00	1.486101e-01	1.000000e+00	3.333333e+00	CONTROL 2 PHASE 1
11	1.666667e-01	1.000000e+00	1.000000e+00	1.666667e-04	CONTROL 1 PHASE 1
12	-1.000000e+00	1.443856e-01	1.000000e+00	3.333333e+00	CONTROL 2 PHASE 1
13	1.666667e-01	1.000000e+00	1.000000e+00	1.666667e-04	CONTROL 1 PHASE 1
14	-1.000000e+00	1.470167e-01	1.000000e+00	3.333333e+00	CONTROL 2 PHASE 1
15	1.666667e-01	1.000000e+00	1.000000e+00	1.666667e-04	CONTROL 1 PHASE 1
16	-1.000000e+00	1.435554e-01	1.000000e+00	3.333333e+00	CONTROL 2 PHASE 1
17	1.666667e-01	1.000000e+00	1.000000e+00	1.666667e-04	CONTROL 1 PHASE 1
18	-1.000000e+00	1.451012e-01	1.000000e+00	3.333333e+00	CONTROL 2 PHASE 1
19	1.666667e-01	1.000000e+00	1.000000e+00	1.666667e-04	CONTROL 1 PHASE 1
20	-1.000000e+00	1.423190e-01	1.000000e+00	3.333333e+00	CONTROL 2 PHASE 1
21	1.666667e-01	1.000000e+00	1.000000e+00	1.666667e-04	CONTROL 1 PHASE 1
22	-1.000000e+00	1.430089e-01	1.000000e+00	3.333333e+00	CONTROL 2 PHASE 1
23	1.666667e-01	1.000000e+00	1.000000e+00	1.666667e-04	CONTROL 1 PHASE 1
24	-1.000000e+00	1.408319e-01	1.000000e+00	3.333333e+00	CONTROL 2 PHASE 1
25	1.666667e-01	1.000000e+00	1.000000e+00	1.666667e-04	CONTROL 1 PHASE 1
26	-1.000000e+00	1.408065e-01	1.000000e+00	3.333333e+00	CONTROL 2 PHASE 1
27	1.666667e-01	1.000000e+00	1.000000e+00	1.666667e-04	CONTROL 1 PHASE 1
28	-1.000000e+00	1.392178e-01	1.000000e+00	3.333333e+00	CONTROL 2 PHASE 1
29	1.666667e-01	1.000000e+00	1.000000e+00	1.666667e-04	CONTROL 1 PHASE 1
30	-1.000000e+00	1.386097e-01	1.000000e+00	3.333333e+00	CONTROL 2 PHASE 1
31	1.666667e-01	1.000000e+00	1.000000e+00	1.666667e-04	CONTROL 1 PHASE 1
32	-1.000000e+00	1.376183e-01	1.000000e+00	3.333333e+00	CONTROL 2 PHASE 1
33	1.666667e-01	1.000000e+00	1.000000e+00	1.666667e-04	CONTROL 1 PHASE 1
34	-1.000000e+00	1.364753e-01	1.000000e+00	3.333333e+00	CONTROL 2 PHASE 1
35	1.666667e-01	1.000000e+00	1.000000e+00	1.666667e-04	CONTROL 1 PHASE 1
36	-1.000000e+00	1.360933e-01	1.000000e+00	3.333333e+00	CONTROL 2 PHASE 1
37	1.666667e-01	1.000000e+00	1.000000e+00	1.666667e-04	CONTROL 1 PHASE 1
38	-1.000000e+00	1.345687e-01	1.000000e+00	3.333333e+00	CONTROL 2 PHASE 1
39	1.666667e-01	1.000000e+00	1.000000e+00	1.666667e-04	CONTROL 1 PHASE 1
40	-1.000000e+00	1.348171e-01	1.000000e+00	3.333333e+00	CONTROL 2 PHASE 1
41	1.666667e-01	1.000000e+00	1.000000e+00	1.666667e-04	CONTROL 1 PHASE 1
42	-1.000000e+00	1.330016e-01	1.000000e+00	3.333333e+00	CONTROL 2 PHASE 1
43	1.666667e-01	1.000000e+00	1.000000e+00	1.666667e-04	CONTROL 1 PHASE 1
44	-1.000000e+00	1.338645e-01	1.000000e+00	3.333333e+00	CONTROL 2 PHASE 1
45	1.666667e-01	1.000000e+00	1.000000e+00	1.666667e-04	CONTROL 1 PHASE 1
46	-1.000000e+00	1.318286e-01	1.000000e+00	3.333333e+00	CONTROL 2 PHASE 1
47	1.666667e-01	1.000000e+00	1.000000e+00	1.666667e-04	CONTROL 1 PHASE 1
48	-1.000000e+00	1.332842e-01	1.000000e+00	3.333333e+00	CONTROL 2 PHASE 1
49	1.666667e-01	1.000000e+00	1.000000e+00	1.666667e-04	CONTROL 1 PHASE 1
50	-1.000000e+00	1.311490e-01	1.000000e+00	3.333333e+00	CONTROL 2 PHASE 1
51	1.666667e-01	1.000000e+00	1.000000e+00	1.666667e-04	CONTROL 1 PHASE 1
52	-1.000000e+00	1.331404e-01	1.000000e+00	3.333333e+00	CONTROL 2 PHASE 1
53	1.666667e-01	1.000000e+00	1.000000e+00	1.666667e-04	CONTROL 1 PHASE 1
54	-1.000000e+00	1.310189e-01	1.000000e+00	3.333333e+00	CONTROL 2 PHASE 1
55	1.666667e-01	1.000000e+00	1.000000e+00	1.666667e-04	CONTROL 1 PHASE 1
56	-1.000000e+00	1.334750e-01	1.000000e+00	3.333333e+00	CONTROL 2 PHASE 1
57	1.666667e-01	1.000000e+00	1.000000e+00	1.666667e-04	CONTROL 1 PHASE 1
58	-1.000000e+00	1.314264e-01	1.000000e+00	3.333333e+00	CONTROL 2 PHASE 1
59	1.666667e-01	1.000000e+00	1.000000e+00	1.666667e-04	CONTROL 1 PHASE 1
60	-1.000000e+00	1.342502e-01	1.000000e+00	3.333333e+00	CONTROL 2 PHASE 1
61	1.666667e-01	1.000000e+00	1.000000e+00	1.666667e-04	CONTROL 1 PHASE 1
62	-1.000000e+00	1.323944e-01	1.000000e+00	3.333333e+00	CONTROL 2 PHASE 1
63	1.666667e-01	1.000000e+00	1.000000e+00	1.666667e-04	CONTROL 1 PHASE 1
64	-1.000000e+00	1.353852e-01	1.000000e+00	3.333333e+00	CONTROL 2 PHASE 1
65	1.666667e-01	1.000000e+00	1.000000e+00	1.666667e-04	CONTROL 1 PHASE 1
66	-1.000000e+00	1.337572e-01	1.000000e+00	3.333333e+00	CONTROL 2 PHASE 1
67	1.666667e-01	1.000000e+00	1.000000e+00	1.666667e-04	CONTROL 1 PHASE 1
68	-1.000000e+00	1.367365e-01	1.000000e+00	3.333333e+00	CONTROL 2 PHASE 1
69	1.666667e-01	1.000000e+00	1.000000e+00	1.666667e-04	CONTROL 1 PHASE 1
70	-1.000000e+00	1.354542e-01	1.000000e+00	3.333333e+00	CONTROL 2 PHASE 1
71	1.666667e-01	1.000000e+00	1.000000e+00	1.666667e-04	CONTROL 1 PHASE 1
72	-1.000000e+00	1.380093e-01	1.000000e+00	3.333333e+00	CONTROL 2 PHASE 1
73	1.666667e-01	1.000000e+00	1.000000e+00	1.666667e-04	CONTROL 1 PHASE 1
74	-1.000000e+00	1.371392e-01	1.000000e+00	3.333333e+00	CONTROL 2 PHASE 1
75	1.666667e-01	1.000000e+00	1.000000e+00	1.666667e-04	CONTROL 1 PHASE 1
76	-1.000000e+00	1.387566e-01	1.000000e+00	3.333333e+00	CONTROL 2 PHASE 1
77	1.666667e-01	1.000000e+00	1.000000e+00	1.666667e-04	CONTROL 1 PHASE 1
78	-1.000000e+00	1.382914e-01	1.000000e+00	3.333333e+00	CONTROL 2 PHASE 1
79	1.666667e-01	1.000000e+00	1.000000e+00	1.666667e-04	CONTROL 1 PHASE 1
80	-1.000000e+00	1.382288e-01	1.000000e+00	3.333333e+00	CONTROL 2 PHASE 1
81	1.666667e-01	1.000000e+00	1.000000e+00	1.666667e-04	CONTROL 1 PHASE 1
82	-1.000000e+00	1.381071e-01	1.000000e+00	3.333333e+00	CONTROL 2 PHASE 1
83	1.666667e-01	1.000000e+00	1.000000e+00	1.666667e-04	CONTROL 1 PHASE 1
84	-1.000000e+00	1.351462e-01	1.000000e+00	3.333333e+00	CONTROL 2 PHASE 1
85	1.666667e-01	1.000000e+00	1.000000e+00	1.666667e-04	CONTROL 1 PHASE 1
86	-1.000000e+00	1.348932e-01	1.000000e+00	3.333333e+00	CONTROL 2 PHASE 1
87	1.666667e-01	1.000000e+00	1.000000e+00	1.666667e-04	CONTROL 1 PHASE 1
88	-1.000000e+00	1.271780e-01	1.000000e+00	3.333333e+00	CONTROL 2 PHASE 1
89	1.666667e-01	1.000000e+00	1.000000e+00	1.666667e-04	CONTROL 1 PHASE 1
90	-1.000000e+00	1.255716e-01	1.000000e+00	3.333333e+00	CONTROL 2 PHASE 1
91	1.666667e-01	1.000000e+00	1.000000e+00	1.666667e-04	CONTROL 1 PHASE 1
92	-1.000000e+00	1.099989e-01	1.000000e+00	3.333333e+00	CONTROL 2 PHASE 1
93	1.666667e-01	1.000000e+00	1.000000e+00	1.666667e-04	CONTROL 1 PHASE 1
94	-1.000000e+00	1.036362e-01	1.000000e+00	3.333333e+00	CONTROL 2 PHASE 1
95	1.666667e-01	1.000000e+00	1.000000e+00	1.666667e-04	CONTROL 1 PHASE 1
96	-1.000000e+00	7.494929e-02	1.000000e+00	3.333333e+00	CONTROL 2 PHASE 1
97	1.666667e-01	1.000000e+00	1.000000e+00	1.666667e-04	CONTROL 1 PHASE 1
98	-1.000000e+00	5.437996e-02	1.000000e+00	3.333333e+00	CONTROL 2 PHASE 1
99	1.666667e-01	1.000000e+00	1.000000e+00	1.666667e-04	CONTROL 1 PHASE 1
100	-1.000000e+00	3.552731e-03	1.000000e+00	3.333333e+00	CONTROL 2 PHASE 1
101	1.666667e-01	1.000000e+00	1.000000e+00	1.666667e-04	CONTROL 1 PHASE 1
102	-1.000000e+00	-5.897401e-02	1.000000e+00	3.333333e+00	CONTROL 2 PHASE 1
103	1.666667e-01	1.000000e+00	1.000000e+00	1.666667e-04	CONTROL 1 PHASE 1
104	-1.000000e+00	-1.458482e-01	1.000000e+00	3.333333e+00	CONTROL 2 PHASE 1
105	1.666667e-01	1.000000e+00	1.000000e+00	1.666667e-04	CONTROL 1 PHASE 1
106	-1.000000e+00	-3.364828e-01	1.000000e+00	3.333333e+00	CONTROL 2 PHASE 1
107	1.666667e-01	1.000000e+00	1.000000e+00	1.666667e-04	CONTROL 1 PHASE 1
108	-1.000000e+00	-4.645937e-01	1.000000e+00	3.333333e+00	CONTROL 2 PHASE 1
109	1.666667e-01	1.000000e+00	1.000000e+00	1.666667e-04	CONTROL 1 PHASE 1
110	-1.000000e+00	-4.857584e-01	1.000000e+00	3.333333e+00	CONTROL 2 PHASE 1
111	1.666667e-01	1.000000e+00	1.000000e+00	1.666667e-04	CONTROL 1 PHASE 1
112	-1.000000e+00	-4.876209e-01	1.000000e+00	3.333333e+00	CONTROL 2 PHASE 1
113	1.666667e-01	1.000000e+00	1.000000e+00	1.666667e-04	CONTROL 1 PHASE 1
114	-1.000000e+00	-4.857166e-01	1.000000e+00	3.333333e+00	CONTROL 2 PHASE 1
115	1.666667e-01	1.000000e+00	1.000000e+00	1.666667e-04	CONTROL 1 PHASE 1
116	-1.000000e+00	-4.803889e-01	1.000000e+00	3.333333e+00	CONTROL 2 PHASE 1
117	1.666667e-01	1.000000e+00	1.000000e+00	1.666667e-04	CONTROL 1 PHASE 1
118	-1.000000e+00	-4.722803e-01	1.000000e+00	3.333333e+00	CONTROL 2 PHASE 1
119	1.666667e-01	1.000000e+00	1.000000e+00	1.666667e-04	CONTROL 1 PHASE 1
120	-1.000000e+00	-4.619838e-01	1.000000e+00	3.333333e+00	CONTROL 2 PHASE 1
121	1.666667e-01	1.000000e+00	1.000000e+00	1.666667e-04	CONTROL 1 PHASE 1
122	-1.000000e+00	-4.501642e-01	1.000000e+00	3.333333e+00	CONTROL 2 PHASE 1
123	1.666667e-01	1.000000e+00	1.000000e+00	1.666667e-04	CONTROL 1 PHASE 1
124	-1.000000e+00	-4.373869e-01	1.000000e+00	3.333333e+00	CONTROL 2 PHASE 1
125	1.666667e-01	1.000000e+00	1.000000e+00	1.666667e-04	CONTROL 1 PHASE 1
126	-1.000000e+00	-4.241761e-01	1.000000e+00	3.333333e+00	CONTROL 2 PHASE 1
127	1.666667e-01	1.000000e+00	1.000000e+00	1.666667e-04	CONTROL 1 PHASE 1
128	-1.000000e+00	-4.109386e-01	1.000000e+00	3.333333e+00	CONTROL 2 PHASE 1
129	1.666667e-01	1.000000e+00	1.000000e+00	1.666667e-04	CONTROL 1 PHASE 1
130	-1.000000e+00	-3.980098e-01	1.000000e+00	3.333333e+00	CONTROL 2 PHASE 1
131	1.666667e-01	1.000000e+00	1.000000e+00	1.666667e-04	CONTROL 1 PHASE 1
132	-1.000000e+00	-3.856257e-01	1.000000e+00	3.333333e+00	CONTROL 2 PHASE 1
133	1.666667e-01	1.000000e+00	1.000000e+00	1.666667e-04	CONTROL 1 PHASE 1
134	-1.000000e+00	-3.739621e-01	1.000000e+00	3.333333e+00	CONTROL 2 PHASE 1
135	1.666667e-01	1.000000e+00	1.000000e+00	1.666667e-04	CONTROL 1 PHASE 1
136	-1.000000e+00	-3.631268e-01	1.000000e+00	3.333333e+00	CONTROL 2 PHASE 1
137	1.666667e-01	1.000000e+00	1.000000e+00	1.666667e-04	CONTROL 1 PHASE 1
138	-1.000000e+00	-3.531890e-01	1.000000e+00	3.333333e+00	CONTROL 2 PHASE 1
139	1.666667e-01	1.000000e+00	1.000000e+00	1.666667e-04	CONTROL 1 PHASE 1
140	-1.000000e+00	-3.441781e-01	1.000000e+00	3.333333e+00	CONTROL 2 PHASE 1
141	1.666667e-01	1.000000e+00	1.000000e+00	1.666667e-04	CONTROL 1 PHASE 1
142	-1.000000e+00	-3.361031e-01	1.000000e+00	3.333333e+00	CONTROL 2 PHASE 1
143	1.666667e-01	1.000000e+00	1.000000e+00	1.666667e-04	CONTROL 1 PHASE 1
144	-1.000000e+00	-3.289534e-01	1.000000e+00	3.333333e+00	CONTROL 2 PHASE 1
145	1.666667e-01	1.000000e+00	1.000000e+00	1.666667e-04	CONTROL 1 PHASE 1
146	-1.000000e+00	-3.227107e-01	1.000000e+00	3.333333e+00	CONTROL 2 PHASE 1
147	1.666667e-01	1.000000e+00	1.000000e+00	1.666667e-04	CONTROL 1 PHASE 1
148	-1.000000e+00	-3.173489e-01	1.000000e+00	3.333333e+00	CONTROL 2 PHASE 1
149	1.666667e-01	1.000000e+00	1.000000e+00	1.666667e-04	CONTROL 1 PHASE 1
150	-1.000000e+00	-3.128417e-01	1.000000e+00	3.333333e+00	CONTROL 2 PHASE 1
151	1.666667e-01	1.000000e+00	1.000000e+00	1.666667e-04	CONTROL 1 PHASE 1
152	-1.000000e+00	-3.091620e-01	1.000000e+00	3.333333e+00	CONTROL 2 PHASE 1
153	1.666667e-01	1.000000e+00	1.000000e+00	1.666667e-04	CONTROL 1 PHASE 1
154	-1.000000e+00	-3.062863e-01	1.000000e+00	3.333333e+00	CONTROL 2 PHASE 1
155	1.666667e-01	1.000000e+00	1.000000e+00	1.666667e-04	CONTROL 1 PHASE 1
156	-1.000000e+00	-3.041943e-01	1.000000e+00	3.333333e+00	CONTROL 2 PHASE 1
157	1.666667e-01	9.999999e-01	1.000000e+00	1.666667e-04	CONTROL 1 PHASE 1
158	-1.000000e+00	-3.028708e-01	1.000000e+00	3.333333e+00	CONTROL 2 PHASE 1
159	1.666667e-01	9.999996e-01	1.000000e+00	1.666667e-04	CONTROL 1 PHASE 1
160	-1.000000e+00	-3.023099e-01	1.000000e+00	3.333333e+00	CONTROL 2 PHASE 1
161	-1.000000e+00	0.000000e+00	1.000000e+00	6.366198e-01	STATE 1 PHASE 1
162	6.451613e-01	8.774194e-01	1.000000e+00	3.225806e-03	STATE 2 PHASE 1
163	0.000000e+00	0.000000e+00	1.000000e+00	1.000000e-04	STATE 3 PHASE 1
164	0.000000e+00	1.578947e-02	1.000000e+00	5.263158e-04	STATE 4 PHASE 1
165	-1.000000e+00	2.738650e-04	1.000000e+00	6.366198e-01	STATE 1 PHASE 1
166	6.451613e-01	8.775648e-01	1.000000e+00	3.225806e-03	STATE 2 PHASE 1
167	0.000000e+00	6.462243e-04	1.000000e+00	1.000000e-04	STATE 3 PHASE 1
168	0.000000e+00	1.579023e-02	1.000000e+00	5.263158e-04	STATE 4 PHASE 1
169	-1.000000e+00	9.218993e-04	1.000000e+00	6.366198e-01	STATE 1 PHASE 1
170	6.451613e-01	8.779050e-01	1.000000e+00	3.225806e-03	STATE 2 PHASE 1
171	0.000000e+00	2.165778e-03	1.000000e+00	1.000000e-04	STATE 3 PHASE 1
172	0.000000e+00	1.579763e-02	1.000000e+00	5.263158e-04	STATE 4 PHASE 1
173	-1.000000e+00	1.955163e-03	1.000000e+00	6.366198e-01	STATE 1 PHASE 1
174	6.451613e-01	8.784328e-01	1.000000e+00	3.225806e-03	STATE 2 PHASE 1
175	0.000000e+00	4.552433e-03	1.000000e+00	1.000000e-04	STATE 3 PHASE 1
176	0.000000e+00	1.582624e-02	1.000000e+00	5.263158e-04	STATE 4 PHASE 1
177	-1.000000e+00	3.324080e-03	1.000000e+00	6.366198e-01	STATE 1 PHASE 1
178	6.451613e-01	8.791465e-01	1.000000e+00	3.225806e-03	STATE 2 PHASE 1
179	0.000000e+00	7.803821e-03	1.000000e+00	1.000000e-04	STATE 3 PHASE 1
180	0.000000e+00	1.589688e-02	1.000000e+00	5.263158e-04	STATE 4 PHASE 1
181	-1.000000e+00	5.087197e-03	1.000000e+00	6.366198e-01	STATE 1 PHASE 1
182	6.451613e-01	8.800303e-01	1.000000e+00	3.225806e-03	STATE 2 PHASE 1
183	0.000000e+00	1.191682e-02	1.000000e+00	1.000000e-04	STATE 3 PHASE 1
184	0.000000e+00	1.604038e-02	1.000000e+00	5.263158e-04	STATE 4 PHASE 1
185	-1.000000e+00	7.147501e-03	1.000000e+00	6.366198e-01	STATE 1 PHASE 1
186	6.451613e-01	8.810832e-01	1.000000e+00	3.225806e-03	STATE 2 PHASE 1
187	0.000000e+00	1.688746e-02	1.000000e+00	1.000000e-04	STATE 3 PHASE 1
188	0.000000e+00	1.629125e-02	1.000000e+00	5.263158e-04	STATE 4 PHASE 1
189	-1.000000e+00	9.613207e-03	1.000000e+00	6.366198e-01	STATE 1 PHASE 1
190	6.451613e-01	8.822798e-01	1.000000e+00	3.225806e-03	STATE 2 PHASE 1
191	0.000000e+00	2.271071e-02	1.000000e+00	1.000000e-04	STATE 3 PHASE 1
192	0.000000e+00	1.669550e-02	1.000000e+00	5.263158e-04	STATE 4 PHASE 1
193	-1.000000e+00	1.232086e-02	1.000000e+00	6.366198e-01	STATE 1 PHASE 1
194	6.451613e-01	8.836217e-01	1.000000e+00	3.225806e-03	STATE 2 PHASE 1
195	0.000000e+00	2.938056e-02	1.000000e+00	1.000000e-04	STATE 3 PHASE 1
196	0.000000e+00	1.729967e-02	1.000000e+00	5.263158e-04	STATE 4 PHASE 1
197	-1.000000e+00	1.544020e-02	1.000000e+00	6.366198e-01	STATE 1 PHASE 1
198	6.451613e-01	8.850740e-01	1.000000e+00	3.225806e-03	STATE 2 PHASE 1
199	0.000000e+00	3.688969e-02	1.000000e+00	1.000000e-04	STATE 3 PHASE 1
200	0.000000e+00	1.816251e-02	1.000000e+00	5.263158e-04	STATE 4 PHASE 1
201	-1.000000e+00	1.874506e-02	1.000000e+00	6.366198e-01	STATE 1 PHASE 1
202	6.451613e-01	8.866414e-01	1.000000e+00	3.225806e-03	STATE 2 PHASE 1
203	0.000000e+00	4.522969e-02	1.000000e+00	1.000000e-04	STATE 3 PHASE 1
204	0.000000e+00	1.934075e-02	1.000000e+00	5.263158e-04	STATE 4 PHASE 1
205	-1.000000e+00	2.246311e-02	1.000000e+00	6.366198e-01	STATE 1 PHASE 1
206	6.451613e-01	8.882806e-01	1.000000e+00	3.225806e-03	STATE 2 PHASE 1
207	0.000000e+00	5.439063e-02	1.000000e+00	1.000000e-04	STATE 3 PHASE 1
208	0.000000e+00	2.090286e-02	1.000000e+00	5.263158e-04	STATE 4 PHASE 1
209	-1.000000e+00	2.631045e-02	1.000000e+00	6.366198e-01	STATE 1 PHASE 1
210	6.451613e-01	8.899999e-01	1.000000e+00	3.225806e-03	STATE 2 PHASE 1
211	0.000000e+00	6.436128e-02	1.000000e+00	1.000000e-04	STATE 3 PHASE 1
212	0.000000e+00	2.291374e-02	1.000000e+00	5.263158e-04	STATE 4 PHASE 1
213	-1.000000e+00	3.056757e-02	1.000000e+00	6.366198e-01	STATE 1 PHASE 1
214	6.451613e-01	8.917495e-01	1.000000e+00	3.225806e-03	STATE 2 PHASE 1
215	0.000000e+00	7.512873e-02	1.000000e+00	1.000000e-04	STATE 3 PHASE 1
216	0.000000e+00	2.544801e-02	1.000000e+00	5.263158e-04	STATE 4 PHASE 1
217	-1.000000e+00	3.490309e-02	1.000000e+00	6.366198e-01	STATE 1 PHASE 1
218	6.451613e-01	8.935406e-01	1.000000e+00	3.225806e-03	STATE 2 PHASE 1
219	0.000000e+00	8.667859e-02	1.000000e+00	1.000000e-04	STATE 3 PHASE 1
220	0.000000e+00	2.857669e-02	1.000000e+00	5.263158e-04	STATE 4 PHASE 1
221	-1.000000e+00	3.964210e-02	1.000000e+00	6.366198e-01	STATE 1 PHASE 1
222	6.451613e-01	8.953192e-01	1.000000e+00	3.225806e-03	STATE 2 PHASE 1
223	0.000000e+00	9.899462e-02	1.000000e+00	1.000000e-04	STATE 3 PHASE 1
224	0.000000e+00	3.237682e-02	1.000000e+00	5.263158e-04	STATE 4 PHASE 1
225	-1.000000e+00	4.441446e-02	1.000000e+00	6.366198e-01	STATE 1 PHASE 1
226	6.451613e-01	8.970995e-01	1.000000e+00	3.225806e-03	STATE 2 PHASE 1
227	0.000000e+00	1.120589e-01	1.000000e+00	1.000000e-04	STATE 3 PHASE 1
228	0.000000e+00	3.692365e-02	1.000000e+00	5.263158e-04	STATE 4 PHASE 1
229	-1.000000e+00	4.957512e-02	1.000000e+00	6.366198e-01	STATE 1 PHASE 1
230	6.451613e-01	8.988258e-01	1.000000e+00	3.225806e-03	STATE 2 PHASE 1
231	0.000000e+00	1.258518e-01	1.000000e+00	1.000000e-04	STATE 3 PHASE 1
232	0.000000e+00	4.229229e-02	1.000000e+00	5.263158e-04	STATE 4 PHASE 1
233	-1.000000e+00	5.474068e-02	1.000000e+00	6.366198e-01	STATE 1 PHASE 1
234	6.451613e-01	9.005134e-01	1.000000e+00	3.225806e-03	STATE 2 PHASE 1
235	0.000000e+00	1.403516e-01	1.000000e+00	1.000000e-04	STATE 3 PHASE 1
236	0.000000e+00	4.856046e-02	1.000000e+00	5.263158e-04	STATE 4 PHASE 1
237	-1.000000e+00	6.027835e-02	1.000000e+00	6.366198e-01	STATE 1 PHASE 1
238	6.451613e-01	9.021077e-01	1.000000e+00	3.225806e-03	STATE 2 PHASE 1
239	0.000000e+00	1.555349e-01	1.000000e+00	1.000000e-04	STATE 3 PHASE 1
240	0.000000e+00	5.579820e-02	1.000000e+00	5.263158e-04	STATE 4 PHASE 1
241	-1.000000e+00	6.580892e-02	1.000000e+00	6.366198e-01	STATE 1 PHASE 1
242	6.451613e-01	9.036236e-01	1.000000e+00	3.225806e-03	STATE 2 PHASE 1
243	0.000000e+00	1.713761e-01	1.000000e+00	1.000000e-04	STATE 3 PHASE 1
244	0.000000e+00	6.408458e-02	1.000000e+00	5.263158e-04	STATE 4 PHASE 1
245	-1.000000e+00	7.168877e-02	1.000000e+00	6.366198e-01	STATE 1 PHASE 1
246	6.451613e-01	9.050107e-01	1.000000e+00	3.225806e-03	STATE 2 PHASE 1
247	0.000000e+00	1.878484e-01	1.000000e+00	1.000000e-04	STATE 3 PHASE 1
248	0.000000e+00	7.348141e-02	1.000000e+00	5.263158e-04	STATE 4 PHASE 1
249	-1.000000e+00	7.756499e-02	1.000000e+00	6.366198e-01	STATE 1 PHASE 1
250	6.451613e-01	9.062821e-01	1.000000e+00	3.225806e-03	STATE 2 PHASE 1
251	0.000000e+00	2.049220e-01	1.000000e+00	1.000000e-04	STATE 3 PHASE 1
252	0.000000e+00	8.406770e-02	1.000000e+00	5.263158e-04	STATE 4 PHASE 1
253	-1.000000e+00	8.375788e-02	1.000000e+00	6.366198e-01	STATE 1 PHASE 1
254	6.451613e-01	9.073940e-01	1.000000e+00	3.225806e-03	STATE 2 PHASE 1
255	0.000000e+00	2.225666e-01	1.000000e+00	1.000000e-04	STATE 3 PHASE 1
256	0.000000e+00	9.589403e-02	1.000000e+00	5.263158e-04	STATE 4 PHASE 1
257	-1.000000e+00	8.997174e-02	1.000000e+00	6.366198e-01	STATE 1 PHASE 1
258	6.451613e-01	9.083554e-01	1.000000e+00	3.225806e-03	STATE 2 PHASE 1
259	0.000000e+00	2.407488e-01	1.000000e+00	1.000000e-04	STATE 3 PHASE 1
260	0.000000e+00	1.090380e-01	1.000000e+00	5.263158e-04	STATE 4 PHASE 1
261	-1.000000e+00	9.646141e-02	1.000000e+00	6.366198e-01	STATE 1 PHASE 1
262	6.451613e-01	9.091321e-01	1.000000e+00	3.225806e-03	STATE 2 PHASE 1
263	0.000000e+00	2.594347e-01	1.000000e+00	1.000000e-04	STATE 3 PHASE 1
264	0.000000e+00	1.235372e-01	1.000000e+00	5.263158e-04	STATE 4 PHASE 1
265	-1.000000e+00	1.030138e-01	1.000000e+00	6.366198e-01	STATE 1 PHASE 1
266	6.451613e-01	9.097267e-01	1.000000e+00	3.225806e-03	STATE 2 PHASE 1
267	0.000000e+00	2.785873e-01	1.000000e+00	1.000000e-04	STATE 3 PHASE 1
268	0.000000e+00	1.394662e-01	1.000000e+00	5.263158e-04	STATE 4 PHASE 1
269	-1.000000e+00	1.097929e-01	1.000000e+00	6.366198e-01	STATE 1 PHASE 1
270	6.451613e-01	9.101170e-01	1.000000e+00	3.225806e-03	STATE 2 PHASE 1
271	0.000000e+00	2.981698e-01	1.000000e+00	1.000000e-04	STATE 3 PHASE 1
272	0.000000e+00	1.568483e-01	1.000000e+00	5.263158e-04	STATE 4 PHASE 1
273	-1.000000e+00	1.166868e-01	1.000000e+00	6.366198e-01	STATE 1 PHASE 1
274	6.451613e-01	9.102976e-01	1.000000e+00	3.225806e-03	STATE 2 PHASE 1
275	0.000000e+00	3.181419e-01	1.000000e+00	1.000000e-04	STATE 3 PHASE 1
276	0.000000e+00	1.757524e-01	1.000000e+00	5.263158e-04	STATE 4 PHASE 1
277	-1.000000e+00	1.237419e-01	1.000000e+00	6.366198e-01	STATE 1 PHASE 1
278	6.451613e-01	9.102610e-01	1.000000e+00	3.225806e-03	STATE 2 PHASE 1
279	0.000000e+00	3.384643e-01	1.000000e+00	1.000000e-04	STATE 3 PHASE 1
280	0.000000e+00	1.961859e-01	1.000000e+00	5.263158e-04	STATE 4 PHASE 1
281	-1.000000e+00	1.309774e-01	1.000000e+00	6.366198e-01	STATE 1 PHASE 1
282	6.451613e-01	9.099913e-01	1.000000e+00	3.225806e-03	STATE 2 PHASE 1
283	0.000000e+00	3.590939e-01	1.000000e+00	1.000000e-04	STATE 3 PHASE 1
284	0.000000e+00	2.182087e-01	1.000000e+00	5.263158e-04	STATE 4 PHASE 1
285	-1.000000e+00	1.382899e-01	1.000000e+00	6.366198e-01	STATE 1 PHASE 1
286	6.451613e-01	9.094984e-01	1.000000e+00	3.225806e-03	STATE 2 PHASE 1
287	0.000000e+00	3.799893e-01	1.000000e+00	1.000000e-04	STATE 3 PHASE 1
288	0.000000e+00	2.418116e-01	1.000000e+00	5.263158e-04	STATE 4 PHASE 1
289	-1.000000e+00	1.458395e-01	1.000000e+00	6.366198e-01	STATE 1 PHASE 1
290	6.451613e-01	9.087558e-01	1.000000e+00	3.225806e-03	STATE 2 PHASE 1
291	0.000000e+00	4.011053e-01	1.000000e+00	1.000000e-04	STATE 3 PHASE 1
292	0.000000e+00	2.670395e-01	1.000000e+00	5.263158e-04	STATE 4 PHASE 1
293	-1.000000e+00	1.533579e-01	1.000000e+00	6.366198e-01	STATE 1 PHASE 1
294	6.451613e-01	9.077927e-01	1.000000e+00	3.225806e-03	STATE 2 PHASE 1
295	0.000000e+00	4.223997e-01	1.000000e+00	1.000000e-04	STATE 3 PHASE 1
296	0.000000e+00	2.938638e-01	1.000000e+00	5.263158e-04	STATE 4 PHASE 1
297	-1.000000e+00	1.611720e-01	1.000000e+00	6.366198e-01	STATE 1 PHASE 1
298	6.451613e-01	9.065696e-01	1.000000e+00	3.225806e-03	STATE 2 PHASE 1
299	0.000000e+00	4.438261e-01	1.000000e+00	1.000000e-04	STATE 3 PHASE 1
300	0.000000e+00	3.223091e-01	1.000000e+00	5.263158e-04	STATE 4 PHASE 1
301	-1.000000e+00	1.688121e-01	1.000000e+00	6.366198e-01	STATE 1 PHASE 1
302	6.451613e-01	9.051388e-01	1.000000e+00	3.225806e-03	STATE 2 PHASE 1
303	0.000000e+00	4.653417e-01	1.000000e+00	1.000000e-04	STATE 3 PHASE 1
304	0.000000e+00	3.523264e-01	1.000000e+00	5.263158e-04	STATE 4 PHASE 1
305	-1.000000e+00	1.767726e-01	1.000000e+00	6.366198e-01	STATE 1 PHASE 1
306	6.451613e-01	9.034492e-01	1.000000e+00	3.225806e-03	STATE 2 PHASE 1
307	0.000000e+00	4.869008e-01	1.000000e+00	1.000000e-04	STATE 3 PHASE 1
308	0.000000e+00	3.839092e-01	1.000000e+00	5.263158e-04	STATE 4 PHASE 1
309	-1.000000e+00	1.843800e-01	1.000000e+00	6.366198e-01	STATE 1 PHASE 1
310	6.451613e-01	9.015771e-01	1.000000e+00	3.225806e-03	STATE 2 PHASE 1
311	0.000000e+00	5.084614e-01	1.000000e+00	1.000000e-04	STATE 3 PHASE 1
312	0.000000e+00	4.169859e-01	1.000000e+00	5.263158e-04	STATE 4 PHASE 1
313	-1.000000e+00	1.922766e-01	1.000000e+00	6.366198e-01	STATE 1 PHASE 1
314	6.451613e-01	8.994634e-01	1.000000e+00	3.225806e-03	STATE 2 PHASE 1
315	0.000000e+00	5.299801e-01	1.000000e+00	1.000000e-04	STATE 3 PHASE 1
316	0.000000e+00	4.515072e-01	1.000000e+00	5.263158e-04	STATE 4 PHASE 1
317	-1.000000e+00	1.995910e-01	1.000000e+00	6.366198e-01	STATE 1 PHASE 1
318	6.451613e-01	8.972083e-01	1.000000e+00	3.225806e-03	STATE 2 PHASE 1
319	0.000000e+00	5.514171e-01	1.000000e+00	1.000000e-04	STATE 3 PHASE 1
320	0.000000e+00	4.873748e-01	1.000000e+00	5.263158e-04	STATE 4 PHASE 1
321	-1.000000e+00	2.070761e-01	1.000000e+00	6.366198e-01	STATE 1 PHASE 1
322	6.451613e-01	8.947515e-01	1.000000e+00	3.225806e-03	STATE 2 PHASE 1
323	0.000000e+00	5.727342e-01	1.000000e+00	1.000000e-04	STATE 3 PHASE 1
324	0.000000e+00	5.244829e-01	1.000000e+00	5.263158e-04	STATE 4 PHASE 1
325	-1.000000e+00	2.136831e-01	1.000000e+00	6.366198e-01	STATE 1 PHASE 1
326	6.451613e-01	8.922145e-01	1.000000e+00	3.225806e-03	STATE 2 PHASE 1
327	0.000000e+00	5.938955e-01	1.000000e+00	1.000000e-04	STATE 3 PHASE 1
328	0.000000e+00	5.627019e-01	1.000000e+00	5.263158e-04	STATE 4 PHASE 1
329	-1.000000e+00	2.201624e-01	1.000000e+00	6.366198e-01	STATE 1 PHASE 1
330	6.451613e-01	8.895516e-01	1.000000e+00	3.225806e-03	STATE 2 PHASE 1
331	0.000000e+00	6.148711e-01	1.000000e+00	1.000000e-04	STATE 3 PHASE 1
332	0.000000e+00	6.018485e-01	1.000000e+00	5.263158e-04	STATE 4 PHASE 1
333	-1.000000e+00	2.253603e-01	1.000000e+00	6.366198e-01	STATE 1 PHASE 1
334	6.451613e-01	8.868982e-01	1.000000e+00	3.225806e-03	STATE 2 PHASE 1
335	0.000000e+00	6.356320e-01	1.000000e+00	1.000000e-04	STATE 3 PHASE 1
336	0.000000e+00	6.417501e-01	1.000000e+00	5.263158e-04	STATE 4 PHASE 1
337	-1.000000e+00	2.298239e-01	1.000000e+00	6.366198e-01	STATE 1 PHASE 1
338	6.451613e-01	8.842478e-01	1.000000e+00	3.225806e-03	STATE 2 PHASE 1
339	0.000000e+00	6.561612e-01	1.000000e+00	1.000000e-04	STATE 3 PHASE 1
340	0.000000e+00	6.821172e-01	1.000000e+00	5.263158e-04	STATE 4 PHASE 1
341	-1.000000e+00	2.324187e-01	1.000000e+00	6.366198e-01	STATE 1 PHASE 1
342	6.451613e-01	8.817345e-01	1.000000e+00	3.225806e-03	STATE 2 PHASE 1
343	0.000000e+00	6.764401e-01	1.000000e+00	1.000000e-04	STATE 3 PHASE 1
344	0.000000e+00	7.227099e-01	1.000000e+00	5.263158e-04	STATE 4 PHASE 1
345	-1.000000e+00	2.330662e-01	1.000000e+00	6.366198e-01	STATE 1 PHASE 1
346	6.451613e-01	8.794282e-01	1.000000e+00	3.225806e-03	STATE 2 PHASE 1
347	0.000000e+00	6.964706e-01	1.000000e+00	1.000000e-04	STATE 3 PHASE 1
348	0.000000e+00	7.630824e-01	1.000000e+00	5.263158e-04	STATE 4 PHASE 1
349	-1.000000e+00	2.308827e-01	1.000000e+00	6.366198e-01	STATE 1 PHASE 1
350	6.451613e-01	8.774368e-01	1.000000e+00	3.225806e-03	STATE 2 PHASE 1
351	0.000000e+00	7.162504e-01	1.000000e+00	1.000000e-04	STATE 3 PHASE 1
352	0.000000e+00	8.028673e-01	1.000000e+00	5.263158e-04	STATE 4 PHASE 1
353	-1.000000e+00	2.242999e-01	1.000000e+00	6.366198e-01	STATE 1 PHASE 1
354	6.451613e-01	8.759225e-01	1.000000e+00	3.225806e-03	STATE 2 PHASE 1
355	0.000000e+00	7.358066e-01	1.000000e+00	1.000000e-04	STATE 3 PHASE 1
356	0.000000e+00	8.413649e-01	1.000000e+00	5.263158e-04	STATE 4 PHASE 1
357	-1.000000e+00	2.130281e-01	1.000000e+00	6.366198e-01	STATE 1 PHASE 1
358	6.451613e-01	8.749317e-01	1.000000e+00	3.225806e-03	STATE 2 PHASE 1
359	0.000000e+00	7.551614e-01	1.000000e+00	1.000000e-04	STATE 3 PHASE 1
360	0.000000e+00	8.779189e-01	1.000000e+00	5.263158e-04	STATE 4 PHASE 1
361	-1.000000e+00	1.922396e-01	1.000000e+00	6.366198e-01	STATE 1 PHASE 1
362	6.451613e-01	8.744791e-01	1.000000e+00	3.225806e-03	STATE 2 PHASE 1
363	0.000000e+00	7.743657e-01	1.000000e+00	1.000000e-04	STATE 3 PHASE 1
364	0.000000e+00	9.113630e-01	1.000000e+00	5.263158e-04	STATE 4 PHASE 1
365	-1.000000e+00	1.623525e-01	1.000000e+00	6.366198e-01	STATE 1 PHASE 1
366	6.451613e-01	8.744537e-01	1.000000e+00	3.225806e-03	STATE 2 PHASE 1
367	0.000000e+00	7.934646e-01	1.000000e+00	1.000000e-04	STATE 3 PHASE 1
368	0.000000e+00	9.402810e-01	1.000000e+00	5.263158e-04	STATE 4 PHASE 1
369	-1.000000e+00	1.125865e-01	1.000000e+00	6.366198e-01	STATE 1 PHASE 1
370	6.451613e-01	8.729099e-01	1.000000e+00	3.225806e-03	STATE 2 PHASE 1
371	0.000000e+00	8.124764e-01	1.000000e+00	1.000000e-04	STATE 3 PHASE 1
372	0.000000e+00	9.626105e-01	1.000000e+00	5.263158e-04	STATE 4 PHASE 1
373	-1.000000e+00	3.986894e-02	1.000000e+00	6.366198e-01	STATE 1 PHASE 1
374	6.451613e-01	8.677866e-01	1.000000e+00	3.225806e-03	STATE 2 PHASE 1
375	0.000000e+00	8.313246e-01	1.000000e+00	1.000000e-04	STATE 3 PHASE 1
376	0.000000e+00	9.747803e-01	1.000000e+00	5.263158e-04	STATE 4 PHASE 1
377	-1.000000e+00	-3.985617e-02	1.000000e+00	6.366198e-01	STATE 1 PHASE 1
378	6.451613e-01	8.625602e-01	1.000000e+00	3.225806e-03	STATE 2 PHASE 1
379	0.000000e+00	8.497555e-01	1.000000e+00	1.000000e-04	STATE 3 PHASE 1
380	0.000000e+00	9.748155e-01	1.000000e+00	5.263158e-04	STATE 4 PHASE 1
381	-1.000000e+00	-1.182413e-01	1.000000e+00	6.366198e-01	STATE 1 PHASE 1
382	6.451613e-01	8.599632e-01	1.000000e+00	3.225806e-03	STATE 2 PHASE 1
383	0.000000e+00	8.675027e-01	1.000000e+00	1.000000e-04	STATE 3 PHASE 1
384	0.000000e+00	9.631606e-01	1.000000e+00	5.263158e-04	STATE 4 PHASE 1
385	-1.000000e+00	-1.942905e-01	1.000000e+00	6.366198e-01	STATE 1 PHASE 1
386	6.451613e-01	8.598413e-01	1.000000e+00	3.225806e-03	STATE 2 PHASE 1
387	0.000000e+00	8.843504e-01	1.000000e+00	1.000000e-04	STATE 3 PHASE 1
388	0.000000e+00	9.409414e-01	1.000000e+00	5.263158e-04	STATE 4 PHASE 1
389	-1.000000e+00	-2.674551e-01	1.000000e+00	6.366198e-01	STATE 1 PHASE 1
390	6.451613e-01	8.620311e-01	1.000000e+00	3.225806e-03	STATE 2 PHASE 1
391	0.000000e+00	9.001257e-01	1.000000e+00	1.000000e-04	STATE 3 PHASE 1
392	0.000000e+00	9.094258e-01	1.000000e+00	5.263158e-04	STATE 4 PHASE 1
393	-1.000000e+00	-3.373534e-01	1.000000e+00	6.366198e-01	STATE 1 PHASE 1
394	6.451613e-01	8.661783e-01	1.000000e+00	3.225806e-03	STATE 2 PHASE 1
395	0.000000e+00	9.147012e-01	1.000000e+00	1.000000e-04	STATE 3 PHASE 1
396	0.000000e+00	8.699549e-01	1.000000e+00	5.263158e-04	STATE 4 PHASE 1
397	-1.000000e+00	-4.036851e-01	1.000000e+00	6.366198e-01	STATE 1 PHASE 1
398	6.451613e-01	8.720030e-01	1.000000e+00	3.225806e-03	STATE 2 PHASE 1
399	0.000000e+00	9.279926e-01	1.000000e+00	1.000000e-04	STATE 3 PHASE 1
400	0.000000e+00	8.238999e-01	1.000000e+00	5.263158e-04	STATE 4 PHASE 1
401	-1.000000e+00	-4.662571e-01	1.000000e+00	6.366198e-01	STATE 1 PHASE 1
402	6.451613e-01	8.791515e-01	1.000000e+00	3.225806e-03	STATE 2 PHASE 1
403	0.000000e+00	9.399563e-01	1.000000e+00	1.000000e-04	STATE 3 PHASE 1
404	0.000000e+00	7.726160e-01	1.000000e+00	5.263158e-04	STATE 4 PHASE 1
405	-1.000000e+00	-5.249660e-01	1.000000e+00	6.366198e-01	STATE 1 PHASE 1
406	6.451613e-01	8.873256e-01	1.000000e+00	3.225806e-03	STATE 2 PHASE 1
407	0.000000e+00	9.505851e-01	1.000000e+00	1.000000e-04	STATE 3 PHASE 1
408	0.000000e+00	7.174135e-01	1.000000e+00	5.263158e-04	STATE 4 PHASE 1
409	-1.000000e+00	-5.797781e-01	1.000000e+00	6.366198e-01	STATE 1 PHASE 1
410	6.451613e-01	8.962097e-01	1.000000e+00	3.225806e-03	STATE 2 PHASE 1
411	0.000000e+00	9.599032e-01	1.000000e+00	1.000000e-04	STATE 3 PHASE 1
412	0.000000e+00	6.595277e-01	1.000000e+00	5.263158e-04	STATE 4 PHASE 1
413	-1.000000e+00	-6.307217e-01	1.000000e+00	6.366198e-01	STATE 1 PHASE 1
414	6.451613e-01	9.055418e-01	1.000000e+00	3.225806e-03	STATE 2 PHASE 1
415	0.000000e+00	9.679607e-01	1.000000e+00	1.000000e-04	STATE 3 PHASE 1
416	0.000000e+00	6.001056e-01	1.000000e+00	5.263158e-04	STATE 4 PHASE 1
417	-1.000000e+00	-6.778622e-01	1.000000e+00	6.366198e-01	STATE 1 PHASE 1
418	6.451613e-01	9.150696e-01	1.000000e+00	3.225806e-03	STATE 2 PHASE 1
419	0.000000e+00	9.748282e-01	1.000000e+00	1.000000e-04	STATE 3 PHASE 1
420	0.000000e+00	5.401906e-01	1.000000e+00	5.263158e-04	STATE 4 PHASE 1
421	-1.000000e+00	-7.212974e-01	1.000000e+00	6.366198e-01	STATE 1 PHASE 1
422	6.451613e-01	9.245902e-01	1.000000e+00	3.225806e-03	STATE 2 PHASE 1
423	0.000000e+00	9.805920e-01	1.000000e+00	1.000000e-04	STATE 3 PHASE 1
424	0.000000e+00	4.807211e-01	1.000000e+00	5.263158e-04	STATE 4 PHASE 1
425	-1.000000e+00	-7.611384e-01	1.000000e+00	6.366198e-01	STATE 1 PHASE 1
426	6.451613e-01	9.339198e-01	1.000000e+00	3.225806e-03	STATE 2 PHASE 1
427	0.000000e+00	9.853495e-01	1.000000e+00	1.000000e-04	STATE 3 PHASE 1
428	0.000000e+00	4.225263e-01	1.000000e+00	5.263158e-04	STATE 4 PHASE 1
429	-1.000000e+00	-7.975073e-01	1.000000e+00	6.366198e-01	STATE 1 PHASE 1
430	6.451613e-01	9.429163e-01	1.000000e+00	3.225806e-03	STATE 2 PHASE 1
431	0.000000e+00	9.892044e-01	1.000000e+00	1.000000e-04	STATE 3 PHASE 1
432	0.000000e+00	3.663319e-01	1.000000e+00	5.263158e-04	STATE 4 PHASE 1
433	-1.000000e+00	-8.305250e-01	1.000000e+00	6.366198e-01	STATE 1 PHASE 1
434	6.451613e-01	9.514570e-01	1.000000e+00	3.225806e-03	STATE 2 PHASE 1
435	0.000000e+00	9.922640e-01	1.000000e+00	1.000000e-04	STATE 3 PHASE 1
436	0.000000e+00	3.127633e-01	1.000000e+00	5.263158e-04	STATE 4 PHASE 1
437	-1.000000e+00	-8.603112e-01	1.000000e+00	6.366198e-01	STATE 1 PHASE 1
438	6.451613e-01	9.594515e-01	1.000000e+00	3.225806e-03	STATE 2 PHASE 1
439	0.000000e+00	9.946354e-01	1.000000e+00	1.000000e-04	STATE 3 PHASE 1
440	0.000000e+00	2.623541e-01	1.000000e+00	5.263158e-04	STATE 4 PHASE 1
441	-1.000000e+00	-8.869768e-01	1.000000e+00	6.366198e-01	STATE 1 PHASE 1
442	6.451613e-01	9.668246e-01	1.000000e+00	3.225806e-03	STATE 2 PHASE 1
443	0.000000e+00	9.964230e-01	1.000000e+00	1.000000e-04	STATE 3 PHASE 1
444	0.000000e+00	2.155533e-01	1.000000e+00	5.263158e-04	STATE 4 PHASE 1
445	-1.000000e+00	-9.106255e-01	1.000000e+00	6.366198e-01	STATE 1 PHASE 1
446	6.451613e-01	9.735245e-01	1.000000e+00	3.225806e-03	STATE 2 PHASE 1
447	0.000000e+00	9.977267e-01	1.000000e+00	1.000000e-04	STATE 3 PHASE 1
448	0.000000e+00	1.727346e-01	1.000000e+00	5.263158e-04	STATE 4 PHASE 1
449	-1.000000e+00	-9.313493e-01	1.000000e+00	6.366198e-01	STATE 1 PHASE 1
450	6.451613e-01	9.795101e-01	1.000000e+00	3.225806e-03	STATE 2 PHASE 1
451	0.000000e+00	9.986395e-01	1.000000e+00	1.000000e-04	STATE 3 PHASE 1
452	0.000000e+00	1.342047e-01	1.000000e+00	5.263158e-04	STATE 4 PHASE 1
453	-1.000000e+00	-9.492305e-01	1.000000e+00	6.366198e-01	STATE 1 PHASE 1
454	6.451613e-01	9.847552e-01	1.000000e+00	3.225806e-03	STATE 2 PHASE 1
455	0.000000e+00	9.992468e-01	1.000000e+00	1.000000e-04	STATE 3 PHASE 1
456	0.000000e+00	1.002123e-01	1.000000e+00	5.263158e-04	STATE 4 PHASE 1
457	-1.000000e+00	-9.643396e-01	1.000000e+00	6.366198e-01	STATE 1 PHASE 1
458	6.451613e-01	9.892403e-01	1.000000e+00	3.225806e-03	STATE 2 PHASE 1
459	0.000000e+00	9.996246e-01	1.000000e+00	1.000000e-04	STATE 3 PHASE 1
460	0.000000e+00	7.095557e-02	1.000000e+00	5.263158e-04	STATE 4 PHASE 1
461	-1.000000e+00	-9.767365e-01	1.000000e+00	6.366198e-01	STATE 1 PHASE 1
462	6.451613e-01	9.929546e-01	1.000000e+00	3.225806e-03	STATE 2 PHASE 1
463	0.000000e+00	9.998389e-01	1.000000e+00	1.000000e-04	STATE 3 PHASE 1
464	0.000000e+00	4.658983e-02	1.000000e+00	5.263158e-04	STATE 4 PHASE 1
465	-1.000000e+00	-9.864696e-01	1.000000e+00	6.366198e-01	STATE 1 PHASE 1
466	6.451613e-01	9.958908e-01	1.000000e+00	3.225806e-03	STATE 2 PHASE 1
467	0.000000e+00	9.999451e-01	1.000000e+00	1.000000e-04	STATE 3 PHASE 1
468	0.000000e+00	2.723367e-02	1.000000e+00	5.263158e-04	STATE 4 PHASE 1
469	-1.000000e+00	-9.935772e-01	1.000000e+00	6.366198e-01	STATE 1 PHASE 1
470	6.451613e-01	9.980456e-01	1.000000e+00	3.225806e-03	STATE 2 PHASE 1
471	0.000000e+00	9.999876e-01	1.000000e+00	1.000000e-04	STATE 3 PHASE 1
472	0.000000e+00	1.297481e-02	1.000000e+00	5.263158e-04	STATE 4 PHASE 1
473	-1.000000e+00	-9.980862e-01	1.000000e+00	6.366198e-01	STATE 1 PHASE 1
474	6.451613e-01	9.994169e-01	1.000000e+00	3.225806e-03	STATE 2 PHASE 1
475	0.000000e+00	9.999989e-01	1.000000e+00	1.000000e-04	STATE 3 PHASE 1
476	0.000000e+00	3.874890e-03	1.000000e+00	5.263158e-04	STATE 4 PHASE 1
477	-1.000000e+00	-1.000000e+00	1.000000e+00	6.366198e-01	STATE 1 PHASE 1
478	6.451613e-01	1.000000e+00	1.000000e+00	3.225806e-03	STATE 2 PHASE 1
479	0.000000e+00	1.000000e+00	1.000000e+00	1.000000e-04	STATE 3 PHASE 1
480	0.000000e+00	0.000000e+00	1.000000e+00	5.263158e-04	STATE 4 PHASE 1
481	0.000000e+00	0.000000e+00	0.000000e+00	1.000000e-02	t0 PHASE 1
482	1.000000e-01	4.091245e-01	1.000000e+00	1.000000e-02	tf PHASE 1