
***** Phase 1 differential defect constraints *****
LOWER		G(X)		UPPER		SCALING
0.000000e+00	-3.024735e-09	0.000000e+00	1.000000e+00 ***
0.000000e+00	2.089440e-13	0.000000e+00	1.000000e+00 ***
0.000000e+00	6.049050e-09	0.000000e+00	1.000000e+00 ***
0.000000e+00	5.891929e-09	0.000000e+00	1.000000e+00 ***
0.000000e+00	3.568636e-13	0.000000e+00	1.000000e+00 ***
0.000000e+00	-1.184121e-08	0.000000e+00	1.000000e+00 ***
0.000000e+00	-5.335946e-10	0.000000e+00	1.000000e+00 ***
0.000000e+00	1.380688e-12	0.000000e+00	1.000000e+00 ***
0.000000e+00	1.106249e-09	0.000000e+00	1.000000e+00 ***
0.000000e+00	-1.820108e-09	0.000000e+00	1.000000e+00 ***
0.000000e+00	-1.295128e-13	0.000000e+00	1.000000e+00 ***
0.000000e+00	3.600249e-09	0.000000e+00	1.000000e+00 ***
0.000000e+00	-3.567971e-10	0.000000e+00	1.000000e+00 ***
0.000000e+00	-9.534207e-13	0.000000e+00	1.000000e+00 ***
0.000000e+00	6.772295e-10	0.000000e+00	1.000000e+00 ***
0.000000e+00	-9.181840e-10	0.000000e+00	1.000000e+00 ***
0.000000e+00	-2.248759e-12	0.000000e+00	1.000000e+00 ***
0.000000e+00	1.701511e-09	0.000000e+00	1.000000e+00 ***
0.000000e+00	-3.045223e-10	0.000000e+00	1.000000e+00 ***
0.000000e+00	-3.234399e-12	0.000000e+00	1.000000e+00 ***
0.000000e+00	5.085758e-10	0.000000e+00	1.000000e+00 ***
0.000000e+00	-6.733035e-10	0.000000e+00	1.000000e+00 ***
0.000000e+00	-4.733940e-12	0.000000e+00	1.000000e+00 ***
0.000000e+00	1.129462e-09	0.000000e+00	1.000000e+00 ***
0.000000e+00	-3.003675e-10	0.000000e+00	1.000000e+00 ***
0.000000e+00	-6.014434e-12	0.000000e+00	1.000000e+00 ***
0.000000e+00	4.225715e-10	0.000000e+00	1.000000e+00 ***
0.000000e+00	-5.958233e-10	0.000000e+00	1.000000e+00 ***
0.000000e+00	-7.696199e-12	0.000000e+00	1.000000e+00 ***
0.000000e+00	8.719788e-10	0.000000e+00	1.000000e+00 ***
0.000000e+00	-3.284887e-10	0.000000e+00	1.000000e+00 ***
0.000000e+00	-9.367250e-12	0.000000e+00	1.000000e+00 ***
0.000000e+00	3.756288e-10	0.000000e+00	1.000000e+00 ***
0.000000e+00	-5.987499e-10	0.000000e+00	1.000000e+00 ***
0.000000e+00	-1.139152e-11	0.000000e+00	1.000000e+00 ***
0.000000e+00	7.389508e-10	0.000000e+00	1.000000e+00 ***
0.000000e+00	-3.885551e-10	0.000000e+00	1.000000e+00 ***
0.000000e+00	-1.348443e-11	0.000000e+00	1.000000e+00 ***
0.000000e+00	3.527008e-10	0.000000e+00	1.000000e+00 ***
0.000000e+00	-6.631618e-10	0.000000e+00	1.000000e+00 ***
0.000000e+00	-1.595841e-11	0.000000e+00	1.000000e+00 ***
0.000000e+00	6.717910e-10	0.000000e+00	1.000000e+00 ***
0.000000e+00	-4.894306e-10	0.000000e+00	1.000000e+00 ***
0.000000e+00	-1.864979e-11	0.000000e+00	1.000000e+00 ***
0.000000e+00	3.489440e-10	0.000000e+00	1.000000e+00 ***
0.000000e+00	-7.957484e-10	0.000000e+00	1.000000e+00 ***
0.000000e+00	-2.168807e-11	0.000000e+00	1.000000e+00 ***
0.000000e+00	6.500148e-10	0.000000e+00	1.000000e+00 ***
0.000000e+00	-6.515921e-10	0.000000e+00	1.000000e+00 ***
0.000000e+00	-2.508251e-11	0.000000e+00	1.000000e+00 ***
0.000000e+00	3.660268e-10	0.000000e+00	1.000000e+00 ***
0.000000e+00	-1.025893e-09	0.000000e+00	1.000000e+00 ***
0.000000e+00	-2.896390e-11	0.000000e+00	1.000000e+00 ***
0.000000e+00	6.710293e-10	0.000000e+00	1.000000e+00 ***
0.000000e+00	-9.189198e-10	0.000000e+00	1.000000e+00 ***
0.000000e+00	-3.334095e-11	0.000000e+00	1.000000e+00 ***
0.000000e+00	4.149315e-10	0.000000e+00	1.000000e+00 ***
0.000000e+00	-1.423997e-09	0.000000e+00	1.000000e+00 ***
0.000000e+00	-3.826935e-11	0.000000e+00	1.000000e+00 ***
0.000000e+00	7.499416e-10	0.000000e+00	1.000000e+00 ***
0.000000e+00	-1.401777e-09	0.000000e+00	1.000000e+00 ***
0.000000e+00	-4.412978e-11	0.000000e+00	1.000000e+00 ***
0.000000e+00	5.340487e-10	0.000000e+00	1.000000e+00 ***
0.000000e+00	-2.175305e-09	0.000000e+00	1.000000e+00 ***
0.000000e+00	-5.085492e-11	0.000000e+00	1.000000e+00 ***
0.000000e+00	9.434156e-10	0.000000e+00	1.000000e+00 ***
0.000000e+00	-2.540599e-09	0.000000e+00	1.000000e+00 ***
0.000000e+00	-5.894292e-11	0.000000e+00	1.000000e+00 ***
0.000000e+00	9.209350e-10	0.000000e+00	1.000000e+00 ***
0.000000e+00	-4.010726e-09	0.000000e+00	1.000000e+00 ***
0.000000e+00	-6.972897e-11	0.000000e+00	1.000000e+00 ***
0.000000e+00	1.495927e-09	0.000000e+00	1.000000e+00 ***
0.000000e+00	8.409818e-09	0.000000e+00	1.000000e+00 ***
0.000000e+00	-7.118499e-11	0.000000e+00	1.000000e+00 ***
0.000000e+00	-6.200302e-09	0.000000e+00	1.000000e+00 ***
0.000000e+00	1.720139e-08	0.000000e+00	1.000000e+00 ***
0.000000e+00	-3.322552e-11	0.000000e+00	1.000000e+00 ***
0.000000e+00	-1.367269e-08	0.000000e+00	1.000000e+00 ***
0.000000e+00	1.237433e-09	0.000000e+00	1.000000e+00 ***
0.000000e+00	-1.160769e-12	0.000000e+00	1.000000e+00 ***
0.000000e+00	-1.279793e-09	0.000000e+00	1.000000e+00 ***
0.000000e+00	-5.869728e-09	0.000000e+00	1.000000e+00 ***
0.000000e+00	-1.421954e-11	0.000000e+00	1.000000e+00 ***
0.000000e+00	5.201811e-09	0.000000e+00	1.000000e+00 ***
0.000000e+00	7.989502e-10	0.000000e+00	1.000000e+00 ***
0.000000e+00	-2.195041e-11	0.000000e+00	1.000000e+00 ***
0.000000e+00	-6.751928e-10	0.000000e+00	1.000000e+00 ***
0.000000e+00	8.695379e-10	0.000000e+00	1.000000e+00 ***
0.000000e+00	-1.665595e-11	0.000000e+00	1.000000e+00 ***
0.000000e+00	-7.567229e-10	0.000000e+00	1.000000e+00 ***
0.000000e+00	4.861310e-10	0.000000e+00	1.000000e+00 ***
0.000000e+00	-1.419119e-11	0.000000e+00	1.000000e+00 ***
0.000000e+00	-4.284681e-10	0.000000e+00	1.000000e+00 ***
0.000000e+00	5.086145e-10	0.000000e+00	1.000000e+00 ***
0.000000e+00	-1.130680e-11	0.000000e+00	1.000000e+00 ***
0.000000e+00	-4.533649e-10	0.000000e+00	1.000000e+00 ***
0.000000e+00	3.361621e-10	0.000000e+00	1.000000e+00 ***
0.000000e+00	-9.118144e-12	0.000000e+00	1.000000e+00 ***
0.000000e+00	-3.068365e-10	0.000000e+00	1.000000e+00 ***
0.000000e+00	3.450802e-10	0.000000e+00	1.000000e+00 ***
0.000000e+00	-6.787515e-12	0.000000e+00	1.000000e+00 ***
0.000000e+00	-3.172150e-10	0.000000e+00	1.000000e+00 ***
0.000000e+00	2.518519e-10	0.000000e+00	1.000000e+00 ***
0.000000e+00	-4.884079e-12	0.000000e+00	1.000000e+00 ***
0.000000e+00	-2.373947e-10	0.000000e+00	1.000000e+00 ***
0.000000e+00	2.564680e-10	0.000000e+00	1.000000e+00 ***
0.000000e+00	-3.054893e-12	0.000000e+00	1.000000e+00 ***
0.000000e+00	-2.430070e-10	0.000000e+00	1.000000e+00 ***
0.000000e+00	1.993890e-10	0.000000e+00	1.000000e+00 ***
0.000000e+00	-1.323809e-12	0.000000e+00	1.000000e+00 ***
0.000000e+00	-1.936965e-10	0.000000e+00	1.000000e+00 ***
0.000000e+00	2.024695e-10	0.000000e+00	1.000000e+00 ***
0.000000e+00	5.171245e-13	0.000000e+00	1.000000e+00 ***
0.000000e+00	-1.974860e-10	0.000000e+00	1.000000e+00 ***
0.000000e+00	1.645117e-10	0.000000e+00	1.000000e+00 ***
0.000000e+00	2.152292e-12	0.000000e+00	1.000000e+00 ***
0.000000e+00	-1.644133e-10	0.000000e+00	1.000000e+00 ***
0.000000e+00	1.670469e-10	0.000000e+00	1.000000e+00 ***
0.000000e+00	3.668541e-12	0.000000e+00	1.000000e+00 ***
0.000000e+00	-1.674711e-10	0.000000e+00	1.000000e+00 ***
0.000000e+00	1.403064e-10	0.000000e+00	1.000000e+00 ***
0.000000e+00	5.327242e-12	0.000000e+00	1.000000e+00 ***
0.000000e+00	-1.440141e-10	0.000000e+00	1.000000e+00 ***
0.000000e+00	1.427102e-10	0.000000e+00	1.000000e+00 ***
0.000000e+00	6.611739e-12	0.000000e+00	1.000000e+00 ***
0.000000e+00	-1.468096e-10	0.000000e+00	1.000000e+00 ***
0.000000e+00	1.230847e-10	0.000000e+00	1.000000e+00 ***
0.000000e+00	8.075804e-12	0.000000e+00	1.000000e+00 ***
0.000000e+00	-1.294842e-10	0.000000e+00	1.000000e+00 ***
0.000000e+00	1.255499e-10	0.000000e+00	1.000000e+00 ***
0.000000e+00	9.476633e-12	0.000000e+00	1.000000e+00 ***
0.000000e+00	-1.322609e-10	0.000000e+00	1.000000e+00 ***
0.000000e+00	1.107169e-10	0.000000e+00	1.000000e+00 ***
0.000000e+00	1.089119e-11	0.000000e+00	1.000000e+00 ***
0.000000e+00	-1.191110e-10	0.000000e+00	1.000000e+00 ***
0.000000e+00	1.133548e-10	0.000000e+00	1.000000e+00 ***
0.000000e+00	1.212873e-11	0.000000e+00	1.000000e+00 ***
0.000000e+00	-1.219978e-10	0.000000e+00	1.000000e+00 ***
0.000000e+00	1.019286e-10	0.000000e+00	1.000000e+00 ***
0.000000e+00	1.355124e-11	0.000000e+00	1.000000e+00 ***
0.000000e+00	-1.118433e-10	0.000000e+00	1.000000e+00 ***
0.000000e+00	1.048120e-10	0.000000e+00	1.000000e+00 ***
0.000000e+00	1.476590e-11	0.000000e+00	1.000000e+00 ***
0.000000e+00	-1.149455e-10	0.000000e+00	1.000000e+00 ***
0.000000e+00	9.592777e-11	0.000000e+00	1.000000e+00 ***
0.000000e+00	1.620359e-11	0.000000e+00	1.000000e+00 ***
0.000000e+00	-1.070504e-10	0.000000e+00	1.000000e+00 ***
0.000000e+00	9.911980e-11	0.000000e+00	1.000000e+00 ***
0.000000e+00	1.728715e-11	0.000000e+00	1.000000e+00 ***
0.000000e+00	-1.104471e-10	0.000000e+00	1.000000e+00 ***
0.000000e+00	9.223355e-11	0.000000e+00	1.000000e+00 ***
0.000000e+00	1.873109e-11	0.000000e+00	1.000000e+00 ***
0.000000e+00	-1.043651e-10	0.000000e+00	1.000000e+00 ***
0.000000e+00	9.580259e-11	0.000000e+00	1.000000e+00 ***
0.000000e+00	1.963305e-11	0.000000e+00	1.000000e+00 ***
0.000000e+00	-1.081525e-10	0.000000e+00	1.000000e+00 ***
0.000000e+00	9.057871e-11	0.000000e+00	1.000000e+00 ***
0.000000e+00	2.092381e-11	0.000000e+00	1.000000e+00 ***
0.000000e+00	-1.036078e-10	0.000000e+00	1.000000e+00 ***
0.000000e+00	9.460774e-11	0.000000e+00	1.000000e+00 ***
0.000000e+00	2.202698e-11	0.000000e+00	1.000000e+00 ***
0.000000e+00	-1.078746e-10	0.000000e+00	1.000000e+00 ***
0.000000e+00	9.086537e-11	0.000000e+00	1.000000e+00 ***
0.000000e+00	2.305951e-11	0.000000e+00	1.000000e+00 ***
0.000000e+00	-1.047503e-10	0.000000e+00	1.000000e+00 ***
0.000000e+00	9.545795e-11	0.000000e+00	1.000000e+00 ***
0.000000e+00	2.422329e-11	0.000000e+00	1.000000e+00 ***
0.000000e+00	-1.096472e-10	0.000000e+00	1.000000e+00 ***
0.000000e+00	9.315068e-11	0.000000e+00	1.000000e+00 ***
0.000000e+00	2.549306e-11	0.000000e+00	1.000000e+00 ***
0.000000e+00	-1.079450e-10	0.000000e+00	1.000000e+00 ***
0.000000e+00	9.844878e-11	0.000000e+00	1.000000e+00 ***
0.000000e+00	2.610746e-11	0.000000e+00	1.000000e+00 ***
0.000000e+00	-1.136404e-10	0.000000e+00	1.000000e+00 ***
0.000000e+00	9.767273e-11	0.000000e+00	1.000000e+00 ***
0.000000e+00	2.744874e-11	0.000000e+00	1.000000e+00 ***
0.000000e+00	-1.135151e-10	0.000000e+00	1.000000e+00 ***
0.000000e+00	1.038700e-10	0.000000e+00	1.000000e+00 ***
0.000000e+00	2.825011e-11	0.000000e+00	1.000000e+00 ***
0.000000e+00	-1.202334e-10	0.000000e+00	1.000000e+00 ***
0.000000e+00	1.049033e-10	0.000000e+00	1.000000e+00 ***
0.000000e+00	2.931417e-11	0.000000e+00	1.000000e+00 ***
0.000000e+00	-1.220518e-10	0.000000e+00	1.000000e+00 ***
0.000000e+00	1.122742e-10	0.000000e+00	1.000000e+00 ***
0.000000e+00	2.986002e-11	0.000000e+00	1.000000e+00 ***
0.000000e+00	-1.301496e-10	0.000000e+00	1.000000e+00 ***
0.000000e+00	1.156744e-10	0.000000e+00	1.000000e+00 ***
0.000000e+00	3.112234e-11	0.000000e+00	1.000000e+00 ***
0.000000e+00	-1.345641e-10	0.000000e+00	1.000000e+00 ***
0.000000e+00	1.246157e-10	0.000000e+00	1.000000e+00 ***
0.000000e+00	3.193843e-11	0.000000e+00	1.000000e+00 ***
0.000000e+00	-1.445335e-10	0.000000e+00	1.000000e+00 ***
0.000000e+00	1.314279e-10	0.000000e+00	1.000000e+00 ***
0.000000e+00	3.293333e-11	0.000000e+00	1.000000e+00 ***
0.000000e+00	-1.527920e-10	0.000000e+00	1.000000e+00 ***
0.000000e+00	1.425318e-10	0.000000e+00	1.000000e+00 ***
0.000000e+00	3.397364e-11	0.000000e+00	1.000000e+00 ***
0.000000e+00	-1.653577e-10	0.000000e+00	1.000000e+00 ***
0.000000e+00	1.547433e-10	0.000000e+00	1.000000e+00 ***
0.000000e+00	3.462732e-11	0.000000e+00	1.000000e+00 ***
0.000000e+00	-1.797727e-10	0.000000e+00	1.000000e+00 ***
0.000000e+00	1.689095e-10	0.000000e+00	1.000000e+00 ***
0.000000e+00	3.519375e-11	0.000000e+00	1.000000e+00 ***
0.000000e+00	-1.960953e-10	0.000000e+00	1.000000e+00 ***
0.000000e+00	1.905255e-10	0.000000e+00	1.000000e+00 ***
0.000000e+00	3.609876e-11	0.000000e+00	1.000000e+00 ***
0.000000e+00	-2.213521e-10	0.000000e+00	1.000000e+00 ***
0.000000e+00	2.091524e-10	0.000000e+00	1.000000e+00 ***
0.000000e+00	3.680612e-11	0.000000e+00	1.000000e+00 ***
0.000000e+00	-2.432435e-10	0.000000e+00	1.000000e+00 ***
0.000000e+00	2.490732e-10	0.000000e+00	1.000000e+00 ***
0.000000e+00	3.773551e-11	0.000000e+00	1.000000e+00 ***
0.000000e+00	-2.898181e-10	0.000000e+00	1.000000e+00 ***
0.000000e+00	2.742742e-10	0.000000e+00	1.000000e+00 ***
0.000000e+00	3.826467e-11	0.000000e+00	1.000000e+00 ***
0.000000e+00	-3.200917e-10	0.000000e+00	1.000000e+00 ***
0.000000e+00	3.554164e-10	0.000000e+00	1.000000e+00 ***
0.000000e+00	3.857678e-11	0.000000e+00	1.000000e+00 ***
0.000000e+00	-4.151274e-10	0.000000e+00	1.000000e+00 ***
0.000000e+00	3.896547e-10	0.000000e+00	1.000000e+00 ***
0.000000e+00	4.006559e-11	0.000000e+00	1.000000e+00 ***
0.000000e+00	-4.575383e-10	0.000000e+00	1.000000e+00 ***
0.000000e+00	5.861848e-10	0.000000e+00	1.000000e+00 ***
0.000000e+00	4.065797e-11	0.000000e+00	1.000000e+00 ***
0.000000e+00	-6.896785e-10	0.000000e+00	1.000000e+00 ***
0.000000e+00	6.251604e-10	0.000000e+00	1.000000e+00 ***
0.000000e+00	4.065569e-11	0.000000e+00	1.000000e+00 ***
0.000000e+00	-7.412129e-10	0.000000e+00	1.000000e+00 ***
0.000000e+00	1.300101e-09	0.000000e+00	1.000000e+00 ***
0.000000e+00	4.388646e-11	0.000000e+00	1.000000e+00 ***
0.000000e+00	-1.549403e-09	0.000000e+00	1.000000e+00 ***
0.000000e+00	1.233170e-09	0.000000e+00	1.000000e+00 ***
0.000000e+00	4.507358e-11	0.000000e+00	1.000000e+00 ***
0.000000e+00	-1.482254e-09	0.000000e+00	1.000000e+00 ***
0.000000e+00	2.100812e-09	0.000000e+00	1.000000e+00 ***
0.000000e+00	4.174091e-11	0.000000e+00	1.000000e+00 ***
0.000000e+00	-2.443337e-09	0.000000e+00	1.000000e+00 ***
0.000000e+00	6.084396e-09	0.000000e+00	1.000000e+00 ***
0.000000e+00	4.146232e-11	0.000000e+00	1.000000e+00 ***
0.000000e+00	-7.310054e-09	0.000000e+00	1.000000e+00 ***
***** Phase 1 path constraints *****
LOWER		G(X)		UPPER		SCALING
***** Phase 1 event constraints *****
LOWER		G(X)		UPPER		SCALING
0.000000e+00	0.000000e+00	0.000000e+00	1.000000e+00
1.000000e+00	1.000000e+00	1.000000e+00	1.000000e+00
1.000000e+00	1.000000e+00	1.000000e+00	1.000000e+00
6.000000e-01	6.000000e-01	6.000000e-01	1.000000e+00
***** Phase 1 tf >= t0 constraint *****
LOWER		G(X)		UPPER		SCALING
-7.071068e-01	-1.859720e-01	0.000000e+00	7.071068e-01
***** Phase linkage constraints *****
LOWER		G(X)		UPPER		SCALING
***** Scaled Decision Variables ******************************
J	LOWER		X(J)		UPPER		SCALING		DESCRIPTION
1	0.000000e+00	9.998127e-01	1.000000e+00	2.857143e-01	CONTROL 1 PHASE 1
2	0.000000e+00	9.444256e-01	1.000000e+00	2.857143e-01	CONTROL 1 PHASE 1
3	0.000000e+00	9.999663e-01	1.000000e+00	2.857143e-01	CONTROL 1 PHASE 1
4	0.000000e+00	9.998915e-01	1.000000e+00	2.857143e-01	CONTROL 1 PHASE 1
5	0.000000e+00	9.999794e-01	1.000000e+00	2.857143e-01	CONTROL 1 PHASE 1
6	0.000000e+00	9.999486e-01	1.000000e+00	2.857143e-01	CONTROL 1 PHASE 1
7	0.000000e+00	9.999845e-01	1.000000e+00	2.857143e-01	CONTROL 1 PHASE 1
8	0.000000e+00	9.999659e-01	1.000000e+00	2.857143e-01	CONTROL 1 PHASE 1
9	0.000000e+00	9.999871e-01	1.000000e+00	2.857143e-01	CONTROL 1 PHASE 1
10	0.000000e+00	9.999737e-01	1.000000e+00	2.857143e-01	CONTROL 1 PHASE 1
11	0.000000e+00	9.999886e-01	1.000000e+00	2.857143e-01	CONTROL 1 PHASE 1
12	0.000000e+00	9.999777e-01	1.000000e+00	2.857143e-01	CONTROL 1 PHASE 1
13	0.000000e+00	9.999893e-01	1.000000e+00	2.857143e-01	CONTROL 1 PHASE 1
14	0.000000e+00	9.999798e-01	1.000000e+00	2.857143e-01	CONTROL 1 PHASE 1
15	0.000000e+00	9.999894e-01	1.000000e+00	2.857143e-01	CONTROL 1 PHASE 1
16	0.000000e+00	9.999805e-01	1.000000e+00	2.857143e-01	CONTROL 1 PHASE 1
17	0.000000e+00	9.999889e-01	1.000000e+00	2.857143e-01	CONTROL 1 PHASE 1
18	0.000000e+00	9.999800e-01	1.000000e+00	2.857143e-01	CONTROL 1 PHASE 1
19	0.000000e+00	9.999874e-01	1.000000e+00	2.857143e-01	CONTROL 1 PHASE 1
20	0.000000e+00	9.999778e-01	1.000000e+00	2.857143e-01	CONTROL 1 PHASE 1
21	0.000000e+00	9.999838e-01	1.000000e+00	2.857143e-01	CONTROL 1 PHASE 1
22	0.000000e+00	9.999726e-01	1.000000e+00	2.857143e-01	CONTROL 1 PHASE 1
23	0.000000e+00	9.999720e-01	1.000000e+00	2.857143e-01	CONTROL 1 PHASE 1
24	0.000000e+00	9.999585e-01	1.000000e+00	2.857143e-01	CONTROL 1 PHASE 1
25	0.000000e+00	6.373802e-01	1.000000e+00	2.857143e-01	CONTROL 1 PHASE 1
26	0.000000e+00	1.519243e-01	1.000000e+00	2.857143e-01	CONTROL 1 PHASE 1
27	0.000000e+00	6.877552e-05	1.000000e+00	2.857143e-01	CONTROL 1 PHASE 1
28	0.000000e+00	1.115347e-03	1.000000e+00	2.857143e-01	CONTROL 1 PHASE 1
29	0.000000e+00	3.658565e-05	1.000000e+00	2.857143e-01	CONTROL 1 PHASE 1
30	0.000000e+00	2.762055e-05	1.000000e+00	2.857143e-01	CONTROL 1 PHASE 1
31	0.000000e+00	1.956200e-05	1.000000e+00	2.857143e-01	CONTROL 1 PHASE 1
32	0.000000e+00	1.336474e-05	1.000000e+00	2.857143e-01	CONTROL 1 PHASE 1
33	0.000000e+00	1.294410e-05	1.000000e+00	2.857143e-01	CONTROL 1 PHASE 1
34	0.000000e+00	8.649223e-06	1.000000e+00	2.857143e-01	CONTROL 1 PHASE 1
35	0.000000e+00	9.570078e-06	1.000000e+00	2.857143e-01	CONTROL 1 PHASE 1
36	0.000000e+00	6.346225e-06	1.000000e+00	2.857143e-01	CONTROL 1 PHASE 1
37	0.000000e+00	7.576762e-06	1.000000e+00	2.857143e-01	CONTROL 1 PHASE 1
38	0.000000e+00	5.005645e-06	1.000000e+00	2.857143e-01	CONTROL 1 PHASE 1
39	0.000000e+00	6.291692e-06	1.000000e+00	2.857143e-01	CONTROL 1 PHASE 1
40	0.000000e+00	4.144385e-06	1.000000e+00	2.857143e-01	CONTROL 1 PHASE 1
41	0.000000e+00	5.417190e-06	1.000000e+00	2.857143e-01	CONTROL 1 PHASE 1
42	0.000000e+00	3.556284e-06	1.000000e+00	2.857143e-01	CONTROL 1 PHASE 1
43	0.000000e+00	4.802781e-06	1.000000e+00	2.857143e-01	CONTROL 1 PHASE 1
44	0.000000e+00	3.138990e-06	1.000000e+00	2.857143e-01	CONTROL 1 PHASE 1
45	0.000000e+00	4.365253e-06	1.000000e+00	2.857143e-01	CONTROL 1 PHASE 1
46	0.000000e+00	2.836264e-06	1.000000e+00	2.857143e-01	CONTROL 1 PHASE 1
47	0.000000e+00	4.055798e-06	1.000000e+00	2.857143e-01	CONTROL 1 PHASE 1
48	0.000000e+00	2.614946e-06	1.000000e+00	2.857143e-01	CONTROL 1 PHASE 1
49	0.000000e+00	3.844903e-06	1.000000e+00	2.857143e-01	CONTROL 1 PHASE 1
50	0.000000e+00	2.454517e-06	1.000000e+00	2.857143e-01	CONTROL 1 PHASE 1
51	0.000000e+00	3.714887e-06	1.000000e+00	2.857143e-01	CONTROL 1 PHASE 1
52	0.000000e+00	2.341904e-06	1.000000e+00	2.857143e-01	CONTROL 1 PHASE 1
53	0.000000e+00	3.656073e-06	1.000000e+00	2.857143e-01	CONTROL 1 PHASE 1
54	0.000000e+00	2.268719e-06	1.000000e+00	2.857143e-01	CONTROL 1 PHASE 1
55	0.000000e+00	3.664954e-06	1.000000e+00	2.857143e-01	CONTROL 1 PHASE 1
56	0.000000e+00	2.229689e-06	1.000000e+00	2.857143e-01	CONTROL 1 PHASE 1
57	0.000000e+00	3.743635e-06	1.000000e+00	2.857143e-01	CONTROL 1 PHASE 1
58	0.000000e+00	2.221729e-06	1.000000e+00	2.857143e-01	CONTROL 1 PHASE 1
59	0.000000e+00	3.900379e-06	1.000000e+00	2.857143e-01	CONTROL 1 PHASE 1
60	0.000000e+00	2.243332e-06	1.000000e+00	2.857143e-01	CONTROL 1 PHASE 1
61	0.000000e+00	4.151471e-06	1.000000e+00	2.857143e-01	CONTROL 1 PHASE 1
62	0.000000e+00	2.294047e-06	1.000000e+00	2.857143e-01	CONTROL 1 PHASE 1
63	0.000000e+00	4.525189e-06	1.000000e+00	2.857143e-01	CONTROL 1 PHASE 1
64	0.000000e+00	2.373773e-06	1.000000e+00	2.857143e-01	CONTROL 1 PHASE 1
65	0.000000e+00	5.069764e-06	1.000000e+00	2.857143e-01	CONTROL 1 PHASE 1
66	0.000000e+00	2.481350e-06	1.000000e+00	2.857143e-01	CONTROL 1 PHASE 1
67	0.000000e+00	5.869921e-06	1.000000e+00	2.857143e-01	CONTROL 1 PHASE 1
68	0.000000e+00	2.611107e-06	1.000000e+00	2.857143e-01	CONTROL 1 PHASE 1
69	0.000000e+00	7.084185e-06	1.000000e+00	2.857143e-01	CONTROL 1 PHASE 1
70	0.000000e+00	2.743800e-06	1.000000e+00	2.857143e-01	CONTROL 1 PHASE 1
71	0.000000e+00	9.040200e-06	1.000000e+00	2.857143e-01	CONTROL 1 PHASE 1
72	0.000000e+00	2.821422e-06	1.000000e+00	2.857143e-01	CONTROL 1 PHASE 1
73	0.000000e+00	1.252781e-05	1.000000e+00	2.857143e-01	CONTROL 1 PHASE 1
74	0.000000e+00	2.674531e-06	1.000000e+00	2.857143e-01	CONTROL 1 PHASE 1
75	0.000000e+00	2.001452e-05	1.000000e+00	2.857143e-01	CONTROL 1 PHASE 1
76	0.000000e+00	1.839259e-06	1.000000e+00	2.857143e-01	CONTROL 1 PHASE 1
77	0.000000e+00	4.476702e-05	1.000000e+00	2.857143e-01	CONTROL 1 PHASE 1
78	0.000000e+00	3.618345e-07	1.000000e+00	2.857143e-01	CONTROL 1 PHASE 1
79	0.000000e+00	1.466769e-03	1.000000e+00	2.857143e-01	CONTROL 1 PHASE 1
80	0.000000e+00	2.246405e-04	1.000000e+00	2.857143e-01	CONTROL 1 PHASE 1
81	0.000000e+00	0.000000e+00	1.000000e+19	1.000000e+00	STATE 1 PHASE 1
82	1.000000e+00	1.000000e+00	1.000000e+19	1.000000e+00	STATE 2 PHASE 1
83	6.000000e-01	1.000000e+00	1.000000e+00	1.000000e+00	STATE 3 PHASE 1
84	0.000000e+00	3.611523e-04	1.000000e+19	1.000000e+00	STATE 1 PHASE 1
85	1.000000e+00	1.000000e+00	1.000000e+19	1.000000e+00	STATE 2 PHASE 1
86	6.000000e-01	9.989728e-01	1.000000e+00	1.000000e+00	STATE 3 PHASE 1
87	0.000000e+00	1.224196e-03	1.000000e+19	1.000000e+00	STATE 1 PHASE 1
88	1.000000e+00	1.000000e+00	1.000000e+19	1.000000e+00	STATE 2 PHASE 1
89	6.000000e-01	9.965342e-01	1.000000e+00	1.000000e+00	STATE 3 PHASE 1
90	0.000000e+00	2.657983e-03	1.000000e+19	1.000000e+00	STATE 1 PHASE 1
91	1.000000e+00	1.000001e+00	1.000000e+19	1.000000e+00	STATE 2 PHASE 1
92	6.000000e-01	9.925612e-01	1.000000e+00	1.000000e+00	STATE 3 PHASE 1
93	0.000000e+00	4.592365e-03	1.000000e+19	1.000000e+00	STATE 1 PHASE 1
94	1.000000e+00	1.000004e+00	1.000000e+19	1.000000e+00	STATE 2 PHASE 1
95	6.000000e-01	9.872127e-01	1.000000e+00	1.000000e+00	STATE 3 PHASE 1
96	0.000000e+00	7.081965e-03	1.000000e+19	1.000000e+00	STATE 1 PHASE 1
97	1.000000e+00	1.000010e+00	1.000000e+19	1.000000e+00	STATE 2 PHASE 1
98	6.000000e-01	9.804061e-01	1.000000e+00	1.000000e+00	STATE 3 PHASE 1
99	0.000000e+00	1.009898e-02	1.000000e+19	1.000000e+00	STATE 1 PHASE 1
100	1.000000e+00	1.000020e+00	1.000000e+19	1.000000e+00	STATE 2 PHASE 1
101	6.000000e-01	9.722293e-01	1.000000e+00	1.000000e+00	STATE 3 PHASE 1
102	0.000000e+00	1.369317e-02	1.000000e+19	1.000000e+00	STATE 1 PHASE 1
103	1.000000e+00	1.000036e+00	1.000000e+19	1.000000e+00	STATE 2 PHASE 1
104	6.000000e-01	9.626251e-01	1.000000e+00	1.000000e+00	STATE 3 PHASE 1
105	0.000000e+00	1.784725e-02	1.000000e+19	1.000000e+00	STATE 1 PHASE 1
106	1.000000e+00	1.000061e+00	1.000000e+19	1.000000e+00	STATE 2 PHASE 1
107	6.000000e-01	9.516742e-01	1.000000e+00	1.000000e+00	STATE 3 PHASE 1
108	0.000000e+00	2.261407e-02	1.000000e+19	1.000000e+00	STATE 1 PHASE 1
109	1.000000e+00	1.000097e+00	1.000000e+19	1.000000e+00	STATE 2 PHASE 1
110	6.000000e-01	9.393303e-01	1.000000e+00	1.000000e+00	STATE 3 PHASE 1
111	0.000000e+00	2.798344e-02	1.000000e+19	1.000000e+00	STATE 1 PHASE 1
112	1.000000e+00	1.000146e+00	1.000000e+19	1.000000e+00	STATE 2 PHASE 1
113	6.000000e-01	9.256752e-01	1.000000e+00	1.000000e+00	STATE 3 PHASE 1
114	0.000000e+00	3.401524e-02	1.000000e+19	1.000000e+00	STATE 1 PHASE 1
115	1.000000e+00	1.000212e+00	1.000000e+19	1.000000e+00	STATE 2 PHASE 1
116	6.000000e-01	9.106675e-01	1.000000e+00	1.000000e+00	STATE 3 PHASE 1
117	0.000000e+00	4.070476e-02	1.000000e+19	1.000000e+00	STATE 1 PHASE 1
118	1.000000e+00	1.000299e+00	1.000000e+19	1.000000e+00	STATE 2 PHASE 1
119	6.000000e-01	8.943946e-01	1.000000e+00	1.000000e+00	STATE 3 PHASE 1
120	0.000000e+00	4.812282e-02	1.000000e+19	1.000000e+00	STATE 1 PHASE 1
121	1.000000e+00	1.000411e+00	1.000000e+19	1.000000e+00	STATE 2 PHASE 1
122	6.000000e-01	8.768156e-01	1.000000e+00	1.000000e+00	STATE 3 PHASE 1
123	0.000000e+00	5.626883e-02	1.000000e+19	1.000000e+00	STATE 1 PHASE 1
124	1.000000e+00	1.000551e+00	1.000000e+19	1.000000e+00	STATE 2 PHASE 1
125	6.000000e-01	8.580279e-01	1.000000e+00	1.000000e+00	STATE 3 PHASE 1
126	0.000000e+00	6.522994e-02	1.000000e+19	1.000000e+00	STATE 1 PHASE 1
127	1.000000e+00	1.000724e+00	1.000000e+19	1.000000e+00	STATE 2 PHASE 1
128	6.000000e-01	8.379857e-01	1.000000e+00	1.000000e+00	STATE 3 PHASE 1
129	0.000000e+00	7.500720e-02	1.000000e+19	1.000000e+00	STATE 1 PHASE 1
130	1.000000e+00	1.000937e+00	1.000000e+19	1.000000e+00	STATE 2 PHASE 1
131	6.000000e-01	8.168027e-01	1.000000e+00	1.000000e+00	STATE 3 PHASE 1
132	0.000000e+00	8.571331e-02	1.000000e+19	1.000000e+00	STATE 1 PHASE 1
133	1.000000e+00	1.001193e+00	1.000000e+19	1.000000e+00	STATE 2 PHASE 1
134	6.000000e-01	7.944191e-01	1.000000e+00	1.000000e+00	STATE 3 PHASE 1
135	0.000000e+00	9.734442e-02	1.000000e+19	1.000000e+00	STATE 1 PHASE 1
136	1.000000e+00	1.001500e+00	1.000000e+19	1.000000e+00	STATE 2 PHASE 1
137	6.000000e-01	7.709782e-01	1.000000e+00	1.000000e+00	STATE 3 PHASE 1
138	0.000000e+00	1.100582e-01	1.000000e+19	1.000000e+00	STATE 1 PHASE 1
139	1.000000e+00	1.001864e+00	1.000000e+19	1.000000e+00	STATE 2 PHASE 1
140	6.000000e-01	7.463848e-01	1.000000e+00	1.000000e+00	STATE 3 PHASE 1
141	0.000000e+00	1.238238e-01	1.000000e+19	1.000000e+00	STATE 1 PHASE 1
142	1.000000e+00	1.002291e+00	1.000000e+19	1.000000e+00	STATE 2 PHASE 1
143	6.000000e-01	7.208471e-01	1.000000e+00	1.000000e+00	STATE 3 PHASE 1
144	0.000000e+00	1.389015e-01	1.000000e+19	1.000000e+00	STATE 1 PHASE 1
145	1.000000e+00	1.002790e+00	1.000000e+19	1.000000e+00	STATE 2 PHASE 1
146	6.000000e-01	6.941671e-01	1.000000e+00	1.000000e+00	STATE 3 PHASE 1
147	0.000000e+00	1.551225e-01	1.000000e+19	1.000000e+00	STATE 1 PHASE 1
148	1.000000e+00	1.003368e+00	1.000000e+19	1.000000e+00	STATE 2 PHASE 1
149	6.000000e-01	6.667686e-01	1.000000e+00	1.000000e+00	STATE 3 PHASE 1
150	0.000000e+00	1.732239e-01	1.000000e+19	1.000000e+00	STATE 1 PHASE 1
151	1.000000e+00	1.004036e+00	1.000000e+19	1.000000e+00	STATE 2 PHASE 1
152	6.000000e-01	6.378938e-01	1.000000e+00	1.000000e+00	STATE 3 PHASE 1
153	0.000000e+00	1.890910e-01	1.000000e+19	1.000000e+00	STATE 1 PHASE 1
154	1.000000e+00	1.004798e+00	1.000000e+19	1.000000e+00	STATE 2 PHASE 1
155	6.000000e-01	6.128470e-01	1.000000e+00	1.000000e+00	STATE 3 PHASE 1
156	0.000000e+00	1.941499e-01	1.000000e+19	1.000000e+00	STATE 1 PHASE 1
157	1.000000e+00	1.005628e+00	1.000000e+19	1.000000e+00	STATE 2 PHASE 1
158	6.000000e-01	6.015335e-01	1.000000e+00	1.000000e+00	STATE 3 PHASE 1
159	0.000000e+00	1.910497e-01	1.000000e+19	1.000000e+00	STATE 1 PHASE 1
160	1.000000e+00	1.006481e+00	1.000000e+19	1.000000e+00	STATE 2 PHASE 1
161	6.000000e-01	6.000006e-01	1.000000e+00	1.000000e+00	STATE 3 PHASE 1
162	0.000000e+00	1.865627e-01	1.000000e+19	1.000000e+00	STATE 1 PHASE 1
163	1.000000e+00	1.007336e+00	1.000000e+19	1.000000e+00	STATE 2 PHASE 1
164	6.000000e-01	6.000360e-01	1.000000e+00	1.000000e+00	STATE 3 PHASE 1
165	0.000000e+00	1.820291e-01	1.000000e+19	1.000000e+00	STATE 1 PHASE 1
166	1.000000e+00	1.008188e+00	1.000000e+19	1.000000e+00	STATE 2 PHASE 1
167	6.000000e-01	6.000076e-01	1.000000e+00	1.000000e+00	STATE 3 PHASE 1
168	0.000000e+00	1.773970e-01	1.000000e+19	1.000000e+00	STATE 1 PHASE 1
169	1.000000e+00	1.009035e+00	1.000000e+19	1.000000e+00	STATE 2 PHASE 1
170	6.000000e-01	6.000113e-01	1.000000e+00	1.000000e+00	STATE 3 PHASE 1
171	0.000000e+00	1.726893e-01	1.000000e+19	1.000000e+00	STATE 1 PHASE 1
172	1.000000e+00	1.009874e+00	1.000000e+19	1.000000e+00	STATE 2 PHASE 1
173	6.000000e-01	6.000086e-01	1.000000e+00	1.000000e+00	STATE 3 PHASE 1
174	0.000000e+00	1.679190e-01	1.000000e+19	1.000000e+00	STATE 1 PHASE 1
175	1.000000e+00	1.010704e+00	1.000000e+19	1.000000e+00	STATE 2 PHASE 1
176	6.000000e-01	6.000093e-01	1.000000e+00	1.000000e+00	STATE 3 PHASE 1
177	0.000000e+00	1.630869e-01	1.000000e+19	1.000000e+00	STATE 1 PHASE 1
178	1.000000e+00	1.011521e+00	1.000000e+19	1.000000e+00	STATE 2 PHASE 1
179	6.000000e-01	6.000078e-01	1.000000e+00	1.000000e+00	STATE 3 PHASE 1
180	0.000000e+00	1.582065e-01	1.000000e+19	1.000000e+00	STATE 1 PHASE 1
181	1.000000e+00	1.012324e+00	1.000000e+19	1.000000e+00	STATE 2 PHASE 1
182	6.000000e-01	6.000084e-01	1.000000e+00	1.000000e+00	STATE 3 PHASE 1
183	0.000000e+00	1.532808e-01	1.000000e+19	1.000000e+00	STATE 1 PHASE 1
184	1.000000e+00	1.013111e+00	1.000000e+19	1.000000e+00	STATE 2 PHASE 1
185	6.000000e-01	6.000071e-01	1.000000e+00	1.000000e+00	STATE 3 PHASE 1
186	0.000000e+00	1.483211e-01	1.000000e+19	1.000000e+00	STATE 1 PHASE 1
187	1.000000e+00	1.013879e+00	1.000000e+19	1.000000e+00	STATE 2 PHASE 1
188	6.000000e-01	6.000078e-01	1.000000e+00	1.000000e+00	STATE 3 PHASE 1
189	0.000000e+00	1.433323e-01	1.000000e+19	1.000000e+00	STATE 1 PHASE 1
190	1.000000e+00	1.014628e+00	1.000000e+19	1.000000e+00	STATE 2 PHASE 1
191	6.000000e-01	6.000065e-01	1.000000e+00	1.000000e+00	STATE 3 PHASE 1
192	0.000000e+00	1.383241e-01	1.000000e+19	1.000000e+00	STATE 1 PHASE 1
193	1.000000e+00	1.015354e+00	1.000000e+19	1.000000e+00	STATE 2 PHASE 1
194	6.000000e-01	6.000073e-01	1.000000e+00	1.000000e+00	STATE 3 PHASE 1
195	0.000000e+00	1.333028e-01	1.000000e+19	1.000000e+00	STATE 1 PHASE 1
196	1.000000e+00	1.016058e+00	1.000000e+19	1.000000e+00	STATE 2 PHASE 1
197	6.000000e-01	6.000061e-01	1.000000e+00	1.000000e+00	STATE 3 PHASE 1
198	0.000000e+00	1.282768e-01	1.000000e+19	1.000000e+00	STATE 1 PHASE 1
199	1.000000e+00	1.016737e+00	1.000000e+19	1.000000e+00	STATE 2 PHASE 1
200	6.000000e-01	6.000069e-01	1.000000e+00	1.000000e+00	STATE 3 PHASE 1
201	0.000000e+00	1.232533e-01	1.000000e+19	1.000000e+00	STATE 1 PHASE 1
202	1.000000e+00	1.017391e+00	1.000000e+19	1.000000e+00	STATE 2 PHASE 1
203	6.000000e-01	6.000058e-01	1.000000e+00	1.000000e+00	STATE 3 PHASE 1
204	0.000000e+00	1.182401e-01	1.000000e+19	1.000000e+00	STATE 1 PHASE 1
205	1.000000e+00	1.018017e+00	1.000000e+19	1.000000e+00	STATE 2 PHASE 1
206	6.000000e-01	6.000065e-01	1.000000e+00	1.000000e+00	STATE 3 PHASE 1
207	0.000000e+00	1.132446e-01	1.000000e+19	1.000000e+00	STATE 1 PHASE 1
208	1.000000e+00	1.018617e+00	1.000000e+19	1.000000e+00	STATE 2 PHASE 1
209	6.000000e-01	6.000055e-01	1.000000e+00	1.000000e+00	STATE 3 PHASE 1
210	0.000000e+00	1.082744e-01	1.000000e+19	1.000000e+00	STATE 1 PHASE 1
211	1.000000e+00	1.019189e+00	1.000000e+19	1.000000e+00	STATE 2 PHASE 1
212	6.000000e-01	6.000062e-01	1.000000e+00	1.000000e+00	STATE 3 PHASE 1
213	0.000000e+00	1.033369e-01	1.000000e+19	1.000000e+00	STATE 1 PHASE 1
214	1.000000e+00	1.019732e+00	1.000000e+19	1.000000e+00	STATE 2 PHASE 1
215	6.000000e-01	6.000053e-01	1.000000e+00	1.000000e+00	STATE 3 PHASE 1
216	0.000000e+00	9.843925e-02	1.000000e+19	1.000000e+00	STATE 1 PHASE 1
217	1.000000e+00	1.020246e+00	1.000000e+19	1.000000e+00	STATE 2 PHASE 1
218	6.000000e-01	6.000059e-01	1.000000e+00	1.000000e+00	STATE 3 PHASE 1
219	0.000000e+00	9.358912e-02	1.000000e+19	1.000000e+00	STATE 1 PHASE 1
220	1.000000e+00	1.020731e+00	1.000000e+19	1.000000e+00	STATE 2 PHASE 1
221	6.000000e-01	6.000051e-01	1.000000e+00	1.000000e+00	STATE 3 PHASE 1
222	0.000000e+00	8.879328e-02	1.000000e+19	1.000000e+00	STATE 1 PHASE 1
223	1.000000e+00	1.021186e+00	1.000000e+19	1.000000e+00	STATE 2 PHASE 1
224	6.000000e-01	6.000056e-01	1.000000e+00	1.000000e+00	STATE 3 PHASE 1
225	0.000000e+00	8.405931e-02	1.000000e+19	1.000000e+00	STATE 1 PHASE 1
226	1.000000e+00	1.021613e+00	1.000000e+19	1.000000e+00	STATE 2 PHASE 1
227	6.000000e-01	6.000049e-01	1.000000e+00	1.000000e+00	STATE 3 PHASE 1
228	0.000000e+00	7.939370e-02	1.000000e+19	1.000000e+00	STATE 1 PHASE 1
229	1.000000e+00	1.022011e+00	1.000000e+19	1.000000e+00	STATE 2 PHASE 1
230	6.000000e-01	6.000054e-01	1.000000e+00	1.000000e+00	STATE 3 PHASE 1
231	0.000000e+00	7.480395e-02	1.000000e+19	1.000000e+00	STATE 1 PHASE 1
232	1.000000e+00	1.022381e+00	1.000000e+19	1.000000e+00	STATE 2 PHASE 1
233	6.000000e-01	6.000047e-01	1.000000e+00	1.000000e+00	STATE 3 PHASE 1
234	0.000000e+00	7.029624e-02	1.000000e+19	1.000000e+00	STATE 1 PHASE 1
235	1.000000e+00	1.022723e+00	1.000000e+19	1.000000e+00	STATE 2 PHASE 1
236	6.000000e-01	6.000052e-01	1.000000e+00	1.000000e+00	STATE 3 PHASE 1
237	0.000000e+00	6.587789e-02	1.000000e+19	1.000000e+00	STATE 1 PHASE 1
238	1.000000e+00	1.023038e+00	1.000000e+19	1.000000e+00	STATE 2 PHASE 1
239	6.000000e-01	6.000045e-01	1.000000e+00	1.000000e+00	STATE 3 PHASE 1
240	0.000000e+00	6.155480e-02	1.000000e+19	1.000000e+00	STATE 1 PHASE 1
241	1.000000e+00	1.023326e+00	1.000000e+19	1.000000e+00	STATE 2 PHASE 1
242	6.000000e-01	6.000049e-01	1.000000e+00	1.000000e+00	STATE 3 PHASE 1
243	0.000000e+00	5.733407e-02	1.000000e+19	1.000000e+00	STATE 1 PHASE 1
244	1.000000e+00	1.023589e+00	1.000000e+19	1.000000e+00	STATE 2 PHASE 1
245	6.000000e-01	6.000044e-01	1.000000e+00	1.000000e+00	STATE 3 PHASE 1
246	0.000000e+00	5.322127e-02	1.000000e+19	1.000000e+00	STATE 1 PHASE 1
247	1.000000e+00	1.023827e+00	1.000000e+19	1.000000e+00	STATE 2 PHASE 1
248	6.000000e-01	6.000047e-01	1.000000e+00	1.000000e+00	STATE 3 PHASE 1
249	0.000000e+00	4.922326e-02	1.000000e+19	1.000000e+00	STATE 1 PHASE 1
250	1.000000e+00	1.024042e+00	1.000000e+19	1.000000e+00	STATE 2 PHASE 1
251	6.000000e-01	6.000042e-01	1.000000e+00	1.000000e+00	STATE 3 PHASE 1
252	0.000000e+00	4.534524e-02	1.000000e+19	1.000000e+00	STATE 1 PHASE 1
253	1.000000e+00	1.024234e+00	1.000000e+19	1.000000e+00	STATE 2 PHASE 1
254	6.000000e-01	6.000046e-01	1.000000e+00	1.000000e+00	STATE 3 PHASE 1
255	0.000000e+00	4.159380e-02	1.000000e+19	1.000000e+00	STATE 1 PHASE 1
256	1.000000e+00	1.024405e+00	1.000000e+19	1.000000e+00	STATE 2 PHASE 1
257	6.000000e-01	6.000040e-01	1.000000e+00	1.000000e+00	STATE 3 PHASE 1
258	0.000000e+00	3.797375e-02	1.000000e+19	1.000000e+00	STATE 1 PHASE 1
259	1.000000e+00	1.024557e+00	1.000000e+19	1.000000e+00	STATE 2 PHASE 1
260	6.000000e-01	6.000044e-01	1.000000e+00	1.000000e+00	STATE 3 PHASE 1
261	0.000000e+00	3.449135e-02	1.000000e+19	1.000000e+00	STATE 1 PHASE 1
262	1.000000e+00	1.024689e+00	1.000000e+19	1.000000e+00	STATE 2 PHASE 1
263	6.000000e-01	6.000039e-01	1.000000e+00	1.000000e+00	STATE 3 PHASE 1
264	0.000000e+00	3.115101e-02	1.000000e+19	1.000000e+00	STATE 1 PHASE 1
265	1.000000e+00	1.024804e+00	1.000000e+19	1.000000e+00	STATE 2 PHASE 1
266	6.000000e-01	6.000042e-01	1.000000e+00	1.000000e+00	STATE 3 PHASE 1
267	0.000000e+00	2.795862e-02	1.000000e+19	1.000000e+00	STATE 1 PHASE 1
268	1.000000e+00	1.024903e+00	1.000000e+19	1.000000e+00	STATE 2 PHASE 1
269	6.000000e-01	6.000037e-01	1.000000e+00	1.000000e+00	STATE 3 PHASE 1
270	0.000000e+00	2.491815e-02	1.000000e+19	1.000000e+00	STATE 1 PHASE 1
271	1.000000e+00	1.024988e+00	1.000000e+19	1.000000e+00	STATE 2 PHASE 1
272	6.000000e-01	6.000040e-01	1.000000e+00	1.000000e+00	STATE 3 PHASE 1
273	0.000000e+00	2.203509e-02	1.000000e+19	1.000000e+00	STATE 1 PHASE 1
274	1.000000e+00	1.025059e+00	1.000000e+19	1.000000e+00	STATE 2 PHASE 1
275	6.000000e-01	6.000036e-01	1.000000e+00	1.000000e+00	STATE 3 PHASE 1
276	0.000000e+00	1.931292e-02	1.000000e+19	1.000000e+00	STATE 1 PHASE 1
277	1.000000e+00	1.025118e+00	1.000000e+19	1.000000e+00	STATE 2 PHASE 1
278	6.000000e-01	6.000039e-01	1.000000e+00	1.000000e+00	STATE 3 PHASE 1
279	0.000000e+00	1.675673e-02	1.000000e+19	1.000000e+00	STATE 1 PHASE 1
280	1.000000e+00	1.025167e+00	1.000000e+19	1.000000e+00	STATE 2 PHASE 1
281	6.000000e-01	6.000034e-01	1.000000e+00	1.000000e+00	STATE 3 PHASE 1
282	0.000000e+00	1.436946e-02	1.000000e+19	1.000000e+00	STATE 1 PHASE 1
283	1.000000e+00	1.025206e+00	1.000000e+19	1.000000e+00	STATE 2 PHASE 1
284	6.000000e-01	6.000037e-01	1.000000e+00	1.000000e+00	STATE 3 PHASE 1
285	0.000000e+00	1.215577e-02	1.000000e+19	1.000000e+00	STATE 1 PHASE 1
286	1.000000e+00	1.025236e+00	1.000000e+19	1.000000e+00	STATE 2 PHASE 1
287	6.000000e-01	6.000033e-01	1.000000e+00	1.000000e+00	STATE 3 PHASE 1
288	0.000000e+00	1.011804e-02	1.000000e+19	1.000000e+00	STATE 1 PHASE 1
289	1.000000e+00	1.025260e+00	1.000000e+19	1.000000e+00	STATE 2 PHASE 1
290	6.000000e-01	6.000036e-01	1.000000e+00	1.000000e+00	STATE 3 PHASE 1
291	0.000000e+00	8.260473e-03	1.000000e+19	1.000000e+00	STATE 1 PHASE 1
292	1.000000e+00	1.025278e+00	1.000000e+19	1.000000e+00	STATE 2 PHASE 1
293	6.000000e-01	6.000031e-01	1.000000e+00	1.000000e+00	STATE 3 PHASE 1
294	0.000000e+00	6.584818e-03	1.000000e+19	1.000000e+00	STATE 1 PHASE 1
295	1.000000e+00	1.025291e+00	1.000000e+19	1.000000e+00	STATE 2 PHASE 1
296	6.000000e-01	6.000034e-01	1.000000e+00	1.000000e+00	STATE 3 PHASE 1
297	0.000000e+00	5.094843e-03	1.000000e+19	1.000000e+00	STATE 1 PHASE 1
298	1.000000e+00	1.025300e+00	1.000000e+19	1.000000e+00	STATE 2 PHASE 1
299	6.000000e-01	6.000030e-01	1.000000e+00	1.000000e+00	STATE 3 PHASE 1
300	0.000000e+00	3.791618e-03	1.000000e+19	1.000000e+00	STATE 1 PHASE 1
301	1.000000e+00	1.025307e+00	1.000000e+19	1.000000e+00	STATE 2 PHASE 1
302	6.000000e-01	6.000033e-01	1.000000e+00	1.000000e+00	STATE 3 PHASE 1
303	0.000000e+00	2.678494e-03	1.000000e+19	1.000000e+00	STATE 1 PHASE 1
304	1.000000e+00	1.025310e+00	1.000000e+19	1.000000e+00	STATE 2 PHASE 1
305	6.000000e-01	6.000028e-01	1.000000e+00	1.000000e+00	STATE 3 PHASE 1
306	0.000000e+00	1.755762e-03	1.000000e+19	1.000000e+00	STATE 1 PHASE 1
307	1.000000e+00	1.025312e+00	1.000000e+19	1.000000e+00	STATE 2 PHASE 1
308	6.000000e-01	6.000032e-01	1.000000e+00	1.000000e+00	STATE 3 PHASE 1
309	0.000000e+00	1.026478e-03	1.000000e+19	1.000000e+00	STATE 1 PHASE 1
310	1.000000e+00	1.025314e+00	1.000000e+19	1.000000e+00	STATE 2 PHASE 1
311	6.000000e-01	6.000025e-01	1.000000e+00	1.000000e+00	STATE 3 PHASE 1
312	0.000000e+00	4.898955e-04	1.000000e+19	1.000000e+00	STATE 1 PHASE 1
313	1.000000e+00	1.025314e+00	1.000000e+19	1.000000e+00	STATE 2 PHASE 1
314	6.000000e-01	6.000031e-01	1.000000e+00	1.000000e+00	STATE 3 PHASE 1
315	0.000000e+00	1.499804e-04	1.000000e+19	1.000000e+00	STATE 1 PHASE 1
316	1.000000e+00	1.025314e+00	1.000000e+19	1.000000e+00	STATE 2 PHASE 1
317	6.000000e-01	6.000012e-01	1.000000e+00	1.000000e+00	STATE 3 PHASE 1
318	0.000000e+00	5.710595e-06	1.000000e+19	1.000000e+00	STATE 1 PHASE 1
319	1.000000e+00	1.025314e+00	1.000000e+19	1.000000e+00	STATE 2 PHASE 1
320	6.000000e-01	6.000000e-01	1.000000e+00	1.000000e+00	STATE 3 PHASE 1
321	0.000000e+00	0.000000e+00	0.000000e+00	1.000000e+00	t0 PHASE 1
322	1.000000e-01	2.630041e-01	1.000000e+00	1.000000e+00	tf PHASE 1