
***** Phase 1 differential defect constraints *****
LOWER		G(X)		UPPER		SCALING
0.000000e+00	-6.269686e-15	0.000000e+00	7.839270e-08 ***
0.000000e+00	-1.797987e-15	0.000000e+00	7.839270e-08 ***
0.000000e+00	-3.041806e-16	0.000000e+00	7.839270e-08 ***
0.000000e+00	-3.051795e-12	0.000000e+00	1.000000e-04 ***
0.000000e+00	-1.193200e-12	0.000000e+00	1.000000e-04 ***
0.000000e+00	-1.653981e-12	0.000000e+00	1.000000e-04 ***
0.000000e+00	4.089133e-08	0.000000e+00	4.261848e-05 ***
0.000000e+00	-5.256738e-15	0.000000e+00	7.839270e-08 ***
0.000000e+00	4.406486e-15	0.000000e+00	7.839270e-08 ***
0.000000e+00	-1.511089e-15	0.000000e+00	7.839270e-08 ***
0.000000e+00	2.359002e-16	0.000000e+00	1.000000e-04 ***
0.000000e+00	3.524292e-16	0.000000e+00	1.000000e-04 ***
0.000000e+00	1.065814e-16	0.000000e+00	1.000000e-04 ***
0.000000e+00	9.079791e-09	0.000000e+00	4.261848e-05 ***
0.000000e+00	3.298403e-15	0.000000e+00	7.839270e-08 ***
0.000000e+00	-5.887340e-15	0.000000e+00	7.839270e-08 ***
0.000000e+00	1.388524e-16	0.000000e+00	7.839270e-08 ***
0.000000e+00	-6.252776e-17	0.000000e+00	1.000000e-04 ***
0.000000e+00	2.529532e-16	0.000000e+00	1.000000e-04 ***
0.000000e+00	-5.542233e-17	0.000000e+00	1.000000e-04 ***
0.000000e+00	-2.073725e-09	0.000000e+00	4.261848e-05 ***
0.000000e+00	-1.250327e-14	0.000000e+00	7.839270e-08 ***
0.000000e+00	6.838880e-15	0.000000e+00	7.839270e-08 ***
0.000000e+00	-4.592386e-15	0.000000e+00	7.839270e-08 ***
0.000000e+00	3.154810e-16	0.000000e+00	1.000000e-04 ***
0.000000e+00	4.916956e-16	0.000000e+00	1.000000e-04 ***
0.000000e+00	8.526513e-17	0.000000e+00	1.000000e-04 ***
0.000000e+00	8.581199e-10	0.000000e+00	4.261848e-05 ***
0.000000e+00	3.704880e-15	0.000000e+00	7.839270e-08 ***
0.000000e+00	-7.686752e-15	0.000000e+00	7.839270e-08 ***
0.000000e+00	1.374442e-16	0.000000e+00	7.839270e-08 ***
0.000000e+00	2.955858e-16	0.000000e+00	1.000000e-04 ***
0.000000e+00	6.338041e-16	0.000000e+00	1.000000e-04 ***
0.000000e+00	-8.384404e-17	0.000000e+00	1.000000e-04 ***
0.000000e+00	-4.636448e-10	0.000000e+00	4.261848e-05 ***
0.000000e+00	-1.460983e-14	0.000000e+00	7.839270e-08 ***
0.000000e+00	8.090868e-15	0.000000e+00	7.839270e-08 ***
0.000000e+00	-6.240192e-15	0.000000e+00	7.839270e-08 ***
0.000000e+00	5.542233e-16	0.000000e+00	1.000000e-04 ***
0.000000e+00	1.125500e-15	0.000000e+00	1.000000e-04 ***
0.000000e+00	-3.012701e-16	0.000000e+00	1.000000e-04 ***
0.000000e+00	2.965278e-10	0.000000e+00	4.261848e-05 ***
0.000000e+00	2.682934e-15	0.000000e+00	7.839270e-08 ***
0.000000e+00	-8.518940e-15	0.000000e+00	7.839270e-08 ***
0.000000e+00	-1.775314e-17	0.000000e+00	7.839270e-08 ***
0.000000e+00	7.275958e-16	0.000000e+00	1.000000e-04 ***
0.000000e+00	2.359002e-15	0.000000e+00	1.000000e-04 ***
0.000000e+00	-4.661160e-16	0.000000e+00	1.000000e-04 ***
0.000000e+00	-2.094880e-10	0.000000e+00	4.261848e-05 ***
0.000000e+00	-1.565199e-14	0.000000e+00	7.839270e-08 ***
0.000000e+00	8.489565e-15	0.000000e+00	7.839270e-08 ***
0.000000e+00	-6.587698e-15	0.000000e+00	7.839270e-08 ***
0.000000e+00	5.826450e-16	0.000000e+00	1.000000e-04 ***
0.000000e+00	4.115464e-15	0.000000e+00	1.000000e-04 ***
0.000000e+00	-7.915446e-16	0.000000e+00	1.000000e-04 ***
0.000000e+00	1.641878e-10	0.000000e+00	4.261848e-05 ***
0.000000e+00	4.126856e-15	0.000000e+00	7.839270e-08 ***
0.000000e+00	-8.514947e-15	0.000000e+00	7.839270e-08 ***
0.000000e+00	-2.133229e-16	0.000000e+00	7.839270e-08 ***
0.000000e+00	7.503331e-16	0.000000e+00	1.000000e-04 ***
0.000000e+00	7.139533e-15	0.000000e+00	1.000000e-04 ***
0.000000e+00	-9.762857e-16	0.000000e+00	1.000000e-04 ***
0.000000e+00	-1.349224e-10	0.000000e+00	4.261848e-05 ***
0.000000e+00	-1.336448e-14	0.000000e+00	7.839270e-08 ***
0.000000e+00	8.095431e-15	0.000000e+00	7.839270e-08 ***
0.000000e+00	-5.816613e-15	0.000000e+00	7.839270e-08 ***
0.000000e+00	2.501110e-16	0.000000e+00	1.000000e-04 ***
0.000000e+00	9.924861e-15	0.000000e+00	1.000000e-04 ***
0.000000e+00	-1.038813e-15	0.000000e+00	1.000000e-04 ***
0.000000e+00	1.215024e-10	0.000000e+00	4.261848e-05 ***
0.000000e+00	4.554072e-15	0.000000e+00	7.839270e-08 ***
0.000000e+00	-7.678482e-15	0.000000e+00	7.839270e-08 ***
0.000000e+00	5.832868e-16	0.000000e+00	7.839270e-08 ***
0.000000e+00	8.782308e-16	0.000000e+00	1.000000e-04 ***
0.000000e+00	1.256240e-14	0.000000e+00	1.000000e-04 ***
0.000000e+00	-1.020339e-15	0.000000e+00	1.000000e-04 ***
0.000000e+00	-1.130846e-10	0.000000e+00	4.261848e-05 ***
0.000000e+00	-1.036769e-14	0.000000e+00	7.839270e-08 ***
0.000000e+00	6.855991e-15	0.000000e+00	7.839270e-08 ***
0.000000e+00	-3.893712e-15	0.000000e+00	7.839270e-08 ***
0.000000e+00	7.190692e-16	0.000000e+00	1.000000e-04 ***
0.000000e+00	1.252829e-14	0.000000e+00	1.000000e-04 ***
0.000000e+00	-6.892265e-16	0.000000e+00	1.000000e-04 ***
0.000000e+00	1.156416e-10	0.000000e+00	4.261848e-05 ***
0.000000e+00	4.311517e-15	0.000000e+00	7.839270e-08 ***
0.000000e+00	-5.872653e-15	0.000000e+00	7.839270e-08 ***
0.000000e+00	1.233594e-15	0.000000e+00	7.839270e-08 ***
0.000000e+00	2.441425e-15	0.000000e+00	1.000000e-04 ***
0.000000e+00	1.512035e-14	0.000000e+00	1.000000e-04 ***
0.000000e+00	-3.836931e-17	0.000000e+00	1.000000e-04 ***
0.000000e+00	-1.257859e-10	0.000000e+00	4.261848e-05 ***
0.000000e+00	-3.507136e-15	0.000000e+00	7.839270e-08 ***
0.000000e+00	4.403349e-15	0.000000e+00	7.839270e-08 ***
0.000000e+00	-2.728992e-15	0.000000e+00	7.839270e-08 ***
0.000000e+00	2.498268e-15	0.000000e+00	1.000000e-04 ***
0.000000e+00	1.471108e-14	0.000000e+00	1.000000e-04 ***
0.000000e+00	7.162271e-16	0.000000e+00	1.000000e-04 ***
0.000000e+00	1.618414e-10	0.000000e+00	4.261848e-05 ***
0.000000e+00	8.543181e-15	0.000000e+00	7.839270e-08 ***
0.000000e+00	-1.769325e-15	0.000000e+00	7.839270e-08 ***
0.000000e+00	-2.002041e-16	0.000000e+00	7.839270e-08 ***
0.000000e+00	2.145839e-15	0.000000e+00	1.000000e-04 ***
0.000000e+00	1.504077e-14	0.000000e+00	1.000000e-04 ***
0.000000e+00	-7.744916e-16	0.000000e+00	1.000000e-04 ***
0.000000e+00	-3.868249e-10	0.000000e+00	4.261848e-05 ***
***** Phase 1 path constraints *****
LOWER		G(X)		UPPER		SCALING
5.000000e-01	5.000000e-01	5.000000e-01	5.000000e-01 ***
5.000751e-01	5.000751e-01	5.000751e-01	5.000751e-01 ***
5.001842e-01	5.001842e-01	5.001842e-01	5.001842e-01 ***
5.001791e-01	5.001791e-01	5.001791e-01	5.001791e-01 ***
5.009081e-01	5.009081e-01	5.009081e-01	5.009081e-01 ***
5.030660e-01	5.030660e-01	5.030660e-01	5.030660e-01 ***
5.029456e-01	5.029456e-01	5.029456e-01	5.029456e-01 ***
5.000000e-01	5.000000e-01	5.000000e-01	5.000000e-01 ***
5.053504e-01	5.053504e-01	5.053504e-01	5.053504e-01 ***
5.055707e-01	5.055707e-01	5.055707e-01	5.055707e-01 ***
5.016413e-01	5.016413e-01	5.016413e-01	5.016413e-01 ***
5.014700e-01	5.014700e-01	5.014700e-01	5.014700e-01 ***
5.015122e-01	5.015122e-01	5.015122e-01	5.015122e-01 ***
5.006148e-01	5.006148e-01	5.006148e-01	5.006148e-01 ***
5.000000e-01	5.000000e-01	5.000000e-01	5.000000e-01 ***
***** Phase 1 event constraints *****
LOWER		G(X)		UPPER		SCALING
5.605223e+06	5.605223e+06	5.605223e+06	1.000000e+00
0.000000e+00	-4.086995e-13	0.000000e+00	1.000000e+00 ***
3.043388e+06	3.043388e+06	3.043388e+06	1.000000e+00
0.000000e+00	-1.546471e-15	0.000000e+00	1.000000e-04 ***
4.087394e-02	4.087394e-02	4.087394e-02	1.000000e-04 ***
0.000000e+00	-8.264240e-16	0.000000e+00	1.000000e-04 ***
1.000000e+00	1.000000e+00	1.000000e+00	3.317256e-06 ***
***** Phase 1 tf >= t0 constraint *****
LOWER		G(X)		UPPER		SCALING
-7.071068e-01	-7.071068e-01	0.000000e+00	7.071068e-01
***** Phase 2 differential defect constraints *****
LOWER		G(X)		UPPER		SCALING
0.000000e+00	5.966594e-07	0.000000e+00	1.000000e+00 ***
0.000000e+00	4.022877e-06	0.000000e+00	1.000000e+00 ***
0.000000e+00	3.723708e-07	0.000000e+00	1.000000e+00 ***
0.000000e+00	7.967627e-15	0.000000e+00	1.044182e-06 ***
0.000000e+00	1.857771e-14	0.000000e+00	1.038541e-06 ***
0.000000e+00	4.138577e-15	0.000000e+00	1.045289e-06 ***
0.000000e+00	2.184752e-03	0.000000e+00	1.000000e+00 ***
0.000000e+00	-1.091576e-07	0.000000e+00	1.000000e+00 ***
0.000000e+00	-5.363108e-07	0.000000e+00	1.000000e+00 ***
0.000000e+00	-5.227594e-08	0.000000e+00	1.000000e+00 ***
0.000000e+00	-6.070032e-14	0.000000e+00	4.281330e-06 ***
0.000000e+00	-1.033485e-13	0.000000e+00	3.940045e-06 ***
0.000000e+00	-3.235501e-14	0.000000e+00	4.354534e-06 ***
0.000000e+00	1.691586e-10	0.000000e+00	2.770225e-07 ***
0.000000e+00	4.720641e-08	0.000000e+00	1.000000e+00 ***
0.000000e+00	2.436936e-07	0.000000e+00	1.000000e+00 ***
0.000000e+00	2.535126e-08	0.000000e+00	1.000000e+00 ***
0.000000e+00	5.527678e-14	0.000000e+00	6.299131e-06 ***
0.000000e+00	1.074117e-13	0.000000e+00	5.446996e-06 ***
0.000000e+00	2.880740e-14	0.000000e+00	6.484298e-06 ***
0.000000e+00	4.005727e-12	0.000000e+00	4.143215e-07 ***
0.000000e+00	-1.947774e-08	0.000000e+00	1.000000e+00 ***
0.000000e+00	-1.528533e-07	0.000000e+00	1.000000e+00 ***
0.000000e+00	-1.255648e-08	0.000000e+00	1.000000e+00 ***
0.000000e+00	-5.088279e-14	0.000000e+00	8.236282e-06 ***
0.000000e+00	-1.065781e-13	0.000000e+00	6.831337e-06 ***
0.000000e+00	-2.672124e-14	0.000000e+00	8.526678e-06 ***
0.000000e+00	6.971653e-11	0.000000e+00	5.456823e-07 ***
0.000000e+00	2.247907e-08	0.000000e+00	1.000000e+00 ***
0.000000e+00	1.122753e-07	0.000000e+00	1.000000e+00 ***
0.000000e+00	1.032276e-08	0.000000e+00	1.000000e+00 ***
0.000000e+00	4.846636e-14	0.000000e+00	9.948477e-06 ***
0.000000e+00	1.123288e-13	0.000000e+00	8.200919e-06 ***
0.000000e+00	2.511811e-14	0.000000e+00	1.027114e-05 ***
0.000000e+00	3.633219e-11	0.000000e+00	6.559890e-07 ***
0.000000e+00	-2.568413e-08	0.000000e+00	1.000000e+00 ***
0.000000e+00	-9.216456e-08	0.000000e+00	1.000000e+00 ***
0.000000e+00	-8.863935e-09	0.000000e+00	1.000000e+00 ***
0.000000e+00	-4.647325e-14	0.000000e+00	1.134086e-05 ***
0.000000e+00	-1.101474e-13	0.000000e+00	9.607577e-06 ***
0.000000e+00	-2.461261e-14	0.000000e+00	1.161577e-05 ***
0.000000e+00	5.853607e-11	0.000000e+00	7.388646e-07 ***
0.000000e+00	3.085734e-08	0.000000e+00	1.000000e+00 ***
0.000000e+00	8.307688e-08	0.000000e+00	1.000000e+00 ***
0.000000e+00	7.459676e-09	0.000000e+00	1.000000e+00 ***
0.000000e+00	4.720435e-14	0.000000e+00	1.228870e-05 ***
0.000000e+00	1.158933e-13	0.000000e+00	1.091782e-05 ***
0.000000e+00	2.488534e-14	0.000000e+00	1.247406e-05 ***
0.000000e+00	4.437249e-11	0.000000e+00	7.901973e-07 ***
0.000000e+00	-1.571789e-08	0.000000e+00	1.000000e+00 ***
0.000000e+00	-8.015195e-08	0.000000e+00	1.000000e+00 ***
0.000000e+00	-8.732968e-09	0.000000e+00	1.000000e+00 ***
0.000000e+00	-4.708696e-14	0.000000e+00	1.268479e-05 ***
0.000000e+00	-1.162652e-13	0.000000e+00	1.183027e-05 ***
0.000000e+00	-2.522784e-14	0.000000e+00	1.278583e-05 ***
0.000000e+00	5.443318e-11	0.000000e+00	8.075749e-07 ***
0.000000e+00	1.157605e-08	0.000000e+00	1.000000e+00 ***
0.000000e+00	8.316420e-08	0.000000e+00	1.000000e+00 ***
0.000000e+00	5.657057e-09	0.000000e+00	1.000000e+00 ***
0.000000e+00	5.023385e-14	0.000000e+00	1.248294e-05 ***
0.000000e+00	1.265494e-13	0.000000e+00	1.205794e-05 ***
0.000000e+00	2.685736e-14	0.000000e+00	1.252900e-05 ***
0.000000e+00	4.752033e-11	0.000000e+00	7.901973e-07 ***
0.000000e+00	-1.401713e-08	0.000000e+00	1.000000e+00 ***
0.000000e+00	-9.269570e-08	0.000000e+00	1.000000e+00 ***
0.000000e+00	-9.435098e-09	0.000000e+00	1.000000e+00 ***
0.000000e+00	-5.258225e-14	0.000000e+00	1.170033e-05 ***
0.000000e+00	-1.362304e-13	0.000000e+00	1.152318e-05 ***
0.000000e+00	-2.825457e-14	0.000000e+00	1.171882e-05 ***
0.000000e+00	5.162650e-11	0.000000e+00	7.388646e-07 ***
0.000000e+00	1.958688e-08	0.000000e+00	1.000000e+00 ***
0.000000e+00	1.123262e-07	0.000000e+00	1.000000e+00 ***
0.000000e+00	1.026092e-08	0.000000e+00	1.000000e+00 ***
0.000000e+00	5.804220e-14	0.000000e+00	1.039382e-05 ***
0.000000e+00	1.537734e-13	0.000000e+00	1.032743e-05 ***
0.000000e+00	3.114955e-14	0.000000e+00	1.040068e-05 ***
0.000000e+00	4.861773e-11	0.000000e+00	6.559890e-07 ***
0.000000e+00	-3.213063e-08	0.000000e+00	1.000000e+00 ***
0.000000e+00	-1.522421e-07	0.000000e+00	1.000000e+00 ***
0.000000e+00	-1.998524e-08	0.000000e+00	1.000000e+00 ***
0.000000e+00	-6.389953e-14	0.000000e+00	8.643765e-06 ***
0.000000e+00	-1.746126e-13	0.000000e+00	8.620274e-06 ***
0.000000e+00	-3.430338e-14	0.000000e+00	8.646140e-06 ***
0.000000e+00	4.807134e-11	0.000000e+00	5.456823e-07 ***
0.000000e+00	4.409230e-08	0.000000e+00	1.000000e+00 ***
0.000000e+00	2.435700e-07	0.000000e+00	1.000000e+00 ***
0.000000e+00	2.923298e-08	0.000000e+00	1.000000e+00 ***
0.000000e+00	7.361654e-14	0.000000e+00	6.559530e-06 ***
0.000000e+00	2.039426e-13	0.000000e+00	6.551950e-06 ***
0.000000e+00	3.952444e-14	0.000000e+00	6.560254e-06 ***
0.000000e+00	4.712465e-11	0.000000e+00	4.143215e-07 ***
0.000000e+00	-8.326970e-08	0.000000e+00	1.000000e+00 ***
0.000000e+00	-5.369657e-07	0.000000e+00	1.000000e+00 ***
0.000000e+00	-5.574111e-08	0.000000e+00	1.000000e+00 ***
0.000000e+00	-8.378566e-14	0.000000e+00	4.383784e-06 ***
0.000000e+00	-2.359917e-13	0.000000e+00	4.381831e-06 ***
0.000000e+00	-4.496886e-14	0.000000e+00	4.383958e-06 ***
0.000000e+00	3.716174e-11	0.000000e+00	2.770225e-07 ***
0.000000e+00	6.732553e-07	0.000000e+00	1.000000e+00 ***
0.000000e+00	4.022775e-06	0.000000e+00	1.000000e+00 ***
0.000000e+00	3.639270e-07	0.000000e+00	1.000000e+00 ***
0.000000e+00	1.436131e-13	0.000000e+00	1.045262e-06 ***
0.000000e+00	4.054704e-13	0.000000e+00	1.045231e-06 ***
0.000000e+00	7.707635e-14	0.000000e+00	1.045265e-06 ***
0.000000e+00	-2.077806e-05	0.000000e+00	1.000000e+00 ***
***** Phase 2 path constraints *****
LOWER		G(X)		UPPER		SCALING
5.000000e-01	5.000000e-01	5.000000e-01	5.000000e-01 ***
5.000905e-01	5.000905e-01	5.000905e-01	5.000905e-01 ***
5.002221e-01	5.002221e-01	5.002221e-01	5.002221e-01 ***
5.002160e-01	5.002160e-01	5.002160e-01	5.002160e-01 ***
5.001151e-01	5.001151e-01	5.001151e-01	5.001151e-01 ***
5.003866e-01	5.003866e-01	5.003866e-01	5.003866e-01 ***
5.003715e-01	5.003715e-01	5.003715e-01	5.003715e-01 ***
5.000000e-01	5.000000e-01	5.000000e-01	5.000000e-01 ***
5.030318e-01	5.030318e-01	5.030318e-01	5.030318e-01 ***
5.031557e-01	5.031557e-01	5.031557e-01	5.031557e-01 ***
5.009345e-01	5.009345e-01	5.009345e-01	5.009345e-01 ***
5.010448e-01	5.010448e-01	5.010448e-01	5.010448e-01 ***
5.010748e-01	5.010748e-01	5.010748e-01	5.010748e-01 ***
5.004373e-01	5.004373e-01	5.004373e-01	5.004373e-01 ***
5.000000e-01	5.000000e-01	5.000000e-01	5.000000e-01 ***
***** Phase 2 event constraints *****
LOWER		G(X)		UPPER		SCALING
***** Phase 2 tf >= t0 constraint *****
LOWER		G(X)		UPPER		SCALING
-3.535534e-01	-3.535534e-01	0.000000e+00	7.071068e-01
***** Phase 3 differential defect constraints *****
LOWER		G(X)		UPPER		SCALING
0.000000e+00	-2.109497e-06	0.000000e+00	1.000000e+00 ***
0.000000e+00	8.295174e-07	0.000000e+00	1.000000e+00 ***
0.000000e+00	-1.161556e-06	0.000000e+00	1.000000e+00 ***
0.000000e+00	-2.905275e-13	0.000000e+00	1.045277e-06 ***
0.000000e+00	-8.114186e-13	0.000000e+00	1.045251e-06 ***
0.000000e+00	-1.561304e-13	0.000000e+00	1.045282e-06 ***
0.000000e+00	1.544314e-09	0.000000e+00	1.436068e-07 ***
0.000000e+00	2.679226e-07	0.000000e+00	1.000000e+00 ***
0.000000e+00	-1.100707e-07	0.000000e+00	1.000000e+00 ***
0.000000e+00	1.657972e-07	0.000000e+00	1.000000e+00 ***
0.000000e+00	-2.892515e-13	0.000000e+00	4.383612e-06 ***
0.000000e+00	-8.288909e-13	0.000000e+00	4.381561e-06 ***
0.000000e+00	-1.552540e-13	0.000000e+00	4.383929e-06 ***
0.000000e+00	1.446561e-09	0.000000e+00	6.018513e-07 ***
0.000000e+00	-1.115550e-07	0.000000e+00	1.000000e+00 ***
0.000000e+00	5.032052e-08	0.000000e+00	1.000000e+00 ***
0.000000e+00	-7.388917e-08	0.000000e+00	1.000000e+00 ***
0.000000e+00	2.521638e-13	0.000000e+00	6.559531e-06 ***
0.000000e+00	7.350506e-13	0.000000e+00	6.555807e-06 ***
0.000000e+00	1.353342e-13	0.000000e+00	6.560296e-06 ***
0.000000e+00	-4.716245e-10	0.000000e+00	8.997499e-07 ***
0.000000e+00	8.210554e-08	0.000000e+00	1.000000e+00 ***
0.000000e+00	-3.125751e-08	0.000000e+00	1.000000e+00 ***
0.000000e+00	4.533467e-08	0.000000e+00	1.000000e+00 ***
0.000000e+00	-2.189900e-13	0.000000e+00	8.645431e-06 ***
0.000000e+00	-6.575156e-13	0.000000e+00	8.641529e-06 ***
0.000000e+00	-1.174713e-13	0.000000e+00	8.646636e-06 ***
0.000000e+00	2.858899e-10	0.000000e+00	1.184329e-06 ***
0.000000e+00	-6.331902e-08	0.000000e+00	1.000000e+00 ***
0.000000e+00	2.325396e-08	0.000000e+00	1.000000e+00 ***
0.000000e+00	-2.718480e-08	0.000000e+00	1.000000e+00 ***
0.000000e+00	1.957410e-13	0.000000e+00	1.040108e-05 ***
0.000000e+00	6.087573e-13	0.000000e+00	1.039727e-05 ***
0.000000e+00	1.049737e-13	0.000000e+00	1.040263e-05 ***
0.000000e+00	-1.545823e-10	0.000000e+00	1.422868e-06 ***
0.000000e+00	5.148831e-08	0.000000e+00	1.000000e+00 ***
0.000000e+00	-1.920853e-08	0.000000e+00	1.000000e+00 ***
0.000000e+00	2.756678e-08	0.000000e+00	1.000000e+00 ***
0.000000e+00	-1.776568e-13	0.000000e+00	1.172296e-05 ***
0.000000e+00	-5.793469e-13	0.000000e+00	1.171772e-05 ***
0.000000e+00	-9.521544e-14	0.000000e+00	1.172481e-05 ***
0.000000e+00	1.446181e-10	0.000000e+00	1.601779e-06 ***
0.000000e+00	-4.429239e-08	0.000000e+00	1.000000e+00 ***
0.000000e+00	1.711305e-08	0.000000e+00	1.000000e+00 ***
0.000000e+00	-2.377237e-08	0.000000e+00	1.000000e+00 ***
0.000000e+00	1.648308e-13	0.000000e+00	1.254300e-05 ***
0.000000e+00	5.651875e-13	0.000000e+00	1.253506e-05 ***
0.000000e+00	8.830468e-14	0.000000e+00	1.254508e-05 ***
0.000000e+00	-7.550484e-11	0.000000e+00	1.712446e-06 ***
0.000000e+00	4.242611e-08	0.000000e+00	1.000000e+00 ***
0.000000e+00	-1.641456e-08	0.000000e+00	1.000000e+00 ***
0.000000e+00	2.244633e-08	0.000000e+00	1.000000e+00 ***
0.000000e+00	-1.545808e-13	0.000000e+00	1.282071e-05 ***
0.000000e+00	-5.626392e-13	0.000000e+00	1.280963e-05 ***
0.000000e+00	-8.274386e-14	0.000000e+00	1.282287e-05 ***
0.000000e+00	9.556397e-11	0.000000e+00	1.749883e-06 ***
0.000000e+00	-4.278263e-08	0.000000e+00	1.000000e+00 ***
0.000000e+00	1.702574e-08	0.000000e+00	1.000000e+00 ***
0.000000e+00	-2.411070e-08	0.000000e+00	1.000000e+00 ***
0.000000e+00	1.483263e-13	0.000000e+00	1.254267e-05 ***
0.000000e+00	5.719541e-13	0.000000e+00	1.252842e-05 ***
0.000000e+00	7.935824e-14	0.000000e+00	1.254468e-05 ***
0.000000e+00	-4.209994e-11	0.000000e+00	1.712446e-06 ***
0.000000e+00	4.548201e-08	0.000000e+00	1.000000e+00 ***
0.000000e+00	-1.917942e-08	0.000000e+00	1.000000e+00 ***
0.000000e+00	2.771412e-08	0.000000e+00	1.000000e+00 ***
0.000000e+00	-1.444655e-13	0.000000e+00	1.172245e-05 ***
0.000000e+00	-5.930204e-13	0.000000e+00	1.170663e-05 ***
0.000000e+00	-7.720992e-14	0.000000e+00	1.172416e-05 ***
0.000000e+00	7.126526e-11	0.000000e+00	1.601779e-06 ***
0.000000e+00	-6.031223e-08	0.000000e+00	1.000000e+00 ***
0.000000e+00	2.322486e-08	0.000000e+00	1.000000e+00 ***
0.000000e+00	-3.666355e-08	0.000000e+00	1.000000e+00 ***
0.000000e+00	1.451738e-13	0.000000e+00	1.040067e-05 ***
0.000000e+00	6.292324e-13	0.000000e+00	1.038589e-05 ***
0.000000e+00	7.754080e-14	0.000000e+00	1.040197e-05 ***
0.000000e+00	-2.408910e-11	0.000000e+00	1.422868e-06 ***
0.000000e+00	8.831557e-08	0.000000e+00	1.000000e+00 ***
0.000000e+00	-3.306195e-08	0.000000e+00	1.000000e+00 ***
0.000000e+00	4.155754e-08	0.000000e+00	1.000000e+00 ***
0.000000e+00	-1.499837e-13	0.000000e+00	8.645329e-06 ***
0.000000e+00	-6.852251e-13	0.000000e+00	8.634586e-06 ***
0.000000e+00	-8.003701e-14	0.000000e+00	8.646180e-06 ***
0.000000e+00	5.583936e-11	0.000000e+00	1.184329e-06 ***
0.000000e+00	-1.426088e-07	0.000000e+00	1.000000e+00 ***
0.000000e+00	5.122274e-08	0.000000e+00	1.000000e+00 ***
0.000000e+00	-7.023755e-08	0.000000e+00	1.000000e+00 ***
0.000000e+00	1.623668e-13	0.000000e+00	6.559667e-06 ***
0.000000e+00	7.704506e-13	0.000000e+00	6.554014e-06 ***
0.000000e+00	8.660526e-14	0.000000e+00	6.560100e-06 ***
0.000000e+00	-1.308146e-11	0.000000e+00	8.997499e-07 ***
0.000000e+00	2.943871e-07	0.000000e+00	1.000000e+00 ***
0.000000e+00	-1.102453e-07	0.000000e+00	1.000000e+00 ***
0.000000e+00	1.459675e-07	0.000000e+00	1.000000e+00 ***
0.000000e+00	-1.786205e-13	0.000000e+00	4.383736e-06 ***
0.000000e+00	-8.721977e-13	0.000000e+00	4.381813e-06 ***
0.000000e+00	-9.522184e-14	0.000000e+00	4.383882e-06 ***
0.000000e+00	4.227276e-11	0.000000e+00	6.018513e-07 ***
0.000000e+00	-2.209652e-06	0.000000e+00	1.000000e+00 ***
0.000000e+00	8.253264e-07	0.000000e+00	1.000000e+00 ***
0.000000e+00	-1.145717e-06	0.000000e+00	1.000000e+00 ***
0.000000e+00	3.004468e-13	0.000000e+00	1.045268e-06 ***
0.000000e+00	1.482951e-12	0.000000e+00	1.045241e-06 ***
0.000000e+00	1.601495e-13	0.000000e+00	1.045271e-06 ***
0.000000e+00	-6.689550e-12	0.000000e+00	1.436068e-07 ***
***** Phase 3 path constraints *****
LOWER		G(X)		UPPER		SCALING
5.000000e-01	5.000000e-01	5.000000e-01	5.000000e-01 ***
5.003486e-01	5.003486e-01	5.003486e-01	5.003486e-01 ***
5.008565e-01	5.008565e-01	5.008565e-01	5.008565e-01 ***
5.008327e-01	5.008327e-01	5.008327e-01	5.008327e-01 ***
5.001132e-01	5.001132e-01	5.001132e-01	5.001132e-01 ***
5.003802e-01	5.003802e-01	5.003802e-01	5.003802e-01 ***
5.003654e-01	5.003654e-01	5.003654e-01	5.003654e-01 ***
5.000000e-01	5.000000e-01	5.000000e-01	5.000000e-01 ***
5.047878e-01	5.047878e-01	5.047878e-01	5.047878e-01 ***
5.049846e-01	5.049846e-01	5.049846e-01	5.049846e-01 ***
5.014704e-01	5.014704e-01	5.014704e-01	5.014704e-01 ***
5.014801e-01	5.014801e-01	5.014801e-01	5.014801e-01 ***
5.015226e-01	5.015226e-01	5.015226e-01	5.015226e-01 ***
5.006190e-01	5.006190e-01	5.006190e-01	5.006190e-01 ***
5.000000e-01	5.000000e-01	5.000000e-01	5.000000e-01 ***
***** Phase 3 event constraints *****
LOWER		G(X)		UPPER		SCALING
***** Phase 3 tf >= t0 constraint *****
LOWER		G(X)		UPPER		SCALING
-2.996399e-01	-2.996399e-01	0.000000e+00	7.071068e-01 ***
***** Phase 4 differential defect constraints *****
LOWER		G(X)		UPPER		SCALING
0.000000e+00	7.734343e-08	0.000000e+00	1.000000e+00 ***
0.000000e+00	-1.792796e-08	0.000000e+00	1.000000e+00 ***
0.000000e+00	-4.030517e-08	0.000000e+00	1.000000e+00 ***
0.000000e+00	-3.202497e-12	0.000000e+00	1.045183e-06 ***
0.000000e+00	-1.582815e-11	0.000000e+00	1.045246e-06 ***
0.000000e+00	-1.705350e-12	0.000000e+00	1.045226e-06 ***
0.000000e+00	5.484624e-09	0.000000e+00	4.454681e-07 ***
0.000000e+00	4.096364e-09	0.000000e+00	1.000000e+00 ***
0.000000e+00	3.492460e-09	0.000000e+00	1.000000e+00 ***
0.000000e+00	-8.003553e-11	0.000000e+00	1.000000e+00 ***
0.000000e+00	-1.124720e-15	0.000000e+00	4.377496e-06 ***
0.000000e+00	-7.657052e-15	0.000000e+00	4.382052e-06 ***
0.000000e+00	-6.484247e-16	0.000000e+00	4.380648e-06 ***
0.000000e+00	5.105330e-09	0.000000e+00	1.867579e-06 ***
0.000000e+00	-8.429197e-09	0.000000e+00	1.000000e+00 ***
0.000000e+00	-2.793968e-09	0.000000e+00	1.000000e+00 ***
0.000000e+00	-1.818989e-10	0.000000e+00	1.000000e+00 ***
0.000000e+00	1.106195e-15	0.000000e+00	6.539107e-06 ***
0.000000e+00	6.810069e-15	0.000000e+00	6.553830e-06 ***
0.000000e+00	6.463198e-16	0.000000e+00	6.549642e-06 ***
0.000000e+00	-1.744694e-09	0.000000e+00	2.793226e-06 ***
0.000000e+00	4.132744e-09	0.000000e+00	1.000000e+00 ***
0.000000e+00	-2.095476e-09	0.000000e+00	1.000000e+00 ***
0.000000e+00	-3.507012e-09	0.000000e+00	1.000000e+00 ***
0.000000e+00	-3.323932e-16	0.000000e+00	8.599299e-06 ***
0.000000e+00	-5.809013e-15	0.000000e+00	8.631185e-06 ***
0.000000e+00	-2.333282e-16	0.000000e+00	8.623430e-06 ***
0.000000e+00	9.498166e-10	0.000000e+00	3.678872e-06 ***
0.000000e+00	7.275958e-10	0.000000e+00	1.000000e+00 ***
0.000000e+00	-1.629815e-09	0.000000e+00	1.000000e+00 ***
0.000000e+00	3.172318e-09	0.000000e+00	1.000000e+00 ***
0.000000e+00	3.708194e-16	0.000000e+00	1.032203e-05 ***
0.000000e+00	5.427548e-15	0.000000e+00	1.037401e-05 ***
0.000000e+00	2.403658e-16	0.000000e+00	1.036412e-05 ***
0.000000e+00	-6.184128e-10	0.000000e+00	4.422603e-06 ***
0.000000e+00	8.207280e-09	0.000000e+00	1.000000e+00 ***
0.000000e+00	-2.328306e-09	0.000000e+00	1.000000e+00 ***
0.000000e+00	1.949957e-09	0.000000e+00	1.000000e+00 ***
0.000000e+00	3.431725e-16	0.000000e+00	1.160991e-05 ***
0.000000e+00	-4.743272e-15	0.000000e+00	1.168036e-05 ***
0.000000e+00	2.600480e-16	0.000000e+00	1.167044e-05 ***
0.000000e+00	4.433627e-10	0.000000e+00	4.981406e-06 ***
0.000000e+00	1.396984e-09	0.000000e+00	1.000000e+00 ***
0.000000e+00	-1.164153e-09	0.000000e+00	1.000000e+00 ***
0.000000e+00	-4.074536e-10	0.000000e+00	1.000000e+00 ***
0.000000e+00	-5.020284e-16	0.000000e+00	1.240418e-05 ***
0.000000e+00	4.507461e-15	0.000000e+00	1.248364e-05 ***
0.000000e+00	-2.326708e-16	0.000000e+00	1.247923e-05 ***
0.000000e+00	-3.375112e-10	0.000000e+00	5.327537e-06 ***
0.000000e+00	-4.190952e-09	0.000000e+00	1.000000e+00 ***
0.000000e+00	9.313226e-10	0.000000e+00	1.000000e+00 ***
0.000000e+00	2.037268e-09	0.000000e+00	1.000000e+00 ***
0.000000e+00	1.014176e-15	0.000000e+00	1.267157e-05 ***
0.000000e+00	-4.161567e-15	0.000000e+00	1.274566e-05 ***
0.000000e+00	5.132553e-16	0.000000e+00	1.275322e-05 ***
0.000000e+00	2.674689e-10	0.000000e+00	5.444714e-06 ***
0.000000e+00	1.862645e-09	0.000000e+00	1.000000e+00 ***
0.000000e+00	0.000000e+00	0.000000e+00	1.000000e+00
0.000000e+00	-4.540198e-09	0.000000e+00	1.000000e+00 ***
0.000000e+00	-1.539118e-15	0.000000e+00	1.239764e-05 ***
0.000000e+00	3.963416e-15	0.000000e+00	1.245982e-05 ***
0.000000e+00	-8.283360e-16	0.000000e+00	1.247623e-05 ***
0.000000e+00	-2.179009e-10	0.000000e+00	5.327537e-06 ***
0.000000e+00	4.656613e-10	0.000000e+00	1.000000e+00 ***
0.000000e+00	4.656613e-09	0.000000e+00	1.000000e+00 ***
0.000000e+00	3.143214e-09	0.000000e+00	1.000000e+00 ***
0.000000e+00	1.898424e-15	0.000000e+00	1.159633e-05 ***
0.000000e+00	-3.755794e-15	0.000000e+00	1.164070e-05 ***
0.000000e+00	9.892036e-16	0.000000e+00	1.166371e-05 ***
0.000000e+00	1.808113e-10	0.000000e+00	4.981406e-06 ***
0.000000e+00	-5.122274e-09	0.000000e+00	1.000000e+00 ***
0.000000e+00	4.656613e-09	0.000000e+00	1.000000e+00 ***
0.000000e+00	-1.396984e-09	0.000000e+00	1.000000e+00 ***
0.000000e+00	-2.408133e-15	0.000000e+00	1.030261e-05 ***
0.000000e+00	3.758208e-15	0.000000e+00	1.033048e-05 ***
0.000000e+00	-1.115910e-15	0.000000e+00	1.035406e-05 ***
0.000000e+00	-1.515939e-10	0.000000e+00	4.422603e-06 ***
0.000000e+00	8.381903e-09	0.000000e+00	1.000000e+00 ***
0.000000e+00	9.313226e-10	0.000000e+00	1.000000e+00 ***
0.000000e+00	-2.444722e-09	0.000000e+00	1.000000e+00 ***
0.000000e+00	2.809541e-15	0.000000e+00	8.580896e-06 ***
0.000000e+00	-4.148846e-15	0.000000e+00	8.596852e-06 ***
0.000000e+00	1.472770e-15	0.000000e+00	8.613445e-06 ***
0.000000e+00	1.273663e-10	0.000000e+00	3.678872e-06 ***
0.000000e+00	-6.286427e-09	0.000000e+00	1.000000e+00 ***
0.000000e+00	-1.396984e-09	0.000000e+00	1.000000e+00 ***
0.000000e+00	-2.328306e-09	0.000000e+00	1.000000e+00 ***
0.000000e+00	-3.603121e-15	0.000000e+00	6.526644e-06 ***
0.000000e+00	4.081640e-15	0.000000e+00	6.534854e-06 ***
0.000000e+00	-1.981479e-15	0.000000e+00	6.542521e-06 ***
0.000000e+00	-1.063599e-10	0.000000e+00	2.793226e-06 ***
0.000000e+00	1.350418e-08	0.000000e+00	1.000000e+00 ***
0.000000e+00	-1.164153e-08	0.000000e+00	1.000000e+00 ***
0.000000e+00	-4.656613e-10	0.000000e+00	1.000000e+00 ***
0.000000e+00	4.274794e-15	0.000000e+00	4.372265e-06 ***
0.000000e+00	-4.626034e-15	0.000000e+00	4.375379e-06 ***
0.000000e+00	2.402749e-15	0.000000e+00	4.377549e-06 ***
0.000000e+00	9.028482e-11	0.000000e+00	1.867579e-06 ***
0.000000e+00	-5.587935e-09	0.000000e+00	1.000000e+00 ***
0.000000e+00	-1.210719e-08	0.000000e+00	1.000000e+00 ***
0.000000e+00	2.910383e-08	0.000000e+00	1.000000e+00 ***
0.000000e+00	-7.433959e-15	0.000000e+00	1.045100e-06 ***
0.000000e+00	7.712580e-15	0.000000e+00	1.045148e-06 ***
0.000000e+00	-4.076095e-15	0.000000e+00	1.045176e-06 ***
0.000000e+00	-5.223529e-11	0.000000e+00	4.454681e-07 ***
***** Phase 4 path constraints *****
LOWER		G(X)		UPPER		SCALING
5.000000e-01	5.000000e-01	5.000000e-01	5.000000e-01 ***
5.029421e-01	5.029421e-01	5.029421e-01	5.029421e-01 ***
5.073117e-01	5.073117e-01	5.073117e-01	5.073117e-01 ***
5.071042e-01	5.071042e-01	5.071042e-01	5.071042e-01 ***
5.007738e-01	5.007738e-01	5.007738e-01	5.007738e-01 ***
5.026100e-01	5.026100e-01	5.026100e-01	5.026100e-01 ***
5.025077e-01	5.025077e-01	5.025077e-01	5.025077e-01 ***
5.000000e-01	5.000000e-01	5.000000e-01	5.000000e-01 ***
5.162079e-01	5.162079e-01	5.162079e-01	5.162079e-01 ***
5.168979e-01	5.168979e-01	5.168979e-01	5.168979e-01 ***
5.048628e-01	5.048628e-01	5.048628e-01	5.048628e-01 ***
5.036634e-01	5.036634e-01	5.036634e-01	5.036634e-01 ***
5.037692e-01	5.037692e-01	5.037692e-01	5.037692e-01 ***
5.015262e-01	5.015262e-01	5.015262e-01	5.015262e-01 ***
5.000000e-01	5.000000e-01	5.000000e-01	5.000000e-01 ***
***** Phase 4 event constraints *****
LOWER		G(X)		UPPER		SCALING
2.436114e+07	2.436114e+07	2.436114e+07	1.000000e+00 ***
1.541675e-01	1.541675e-01	1.541675e-01	2.109571e-01 ***
3.180377e-01	3.180377e-01	3.180377e-01	6.393760e-01 ***
1.488363e+00	1.488363e+00	1.488363e+00	3.160746e-01
4.884212e-01	4.884212e-01	4.884212e-01	2.144404e-01 ***
***** Phase 4 tf >= t0 constraint *****
LOWER		G(X)		UPPER		SCALING
-5.150622e-01	-4.879415e-01	0.000000e+00	7.071068e-01
***** Phase linkage constraints *****
LOWER		G(X)		UPPER		SCALING
0.000000e+00	0.000000e+00	0.000000e+00	1.000000e+00
0.000000e+00	0.000000e+00	0.000000e+00	1.000000e+00
0.000000e+00	0.000000e+00	0.000000e+00	1.000000e+00
0.000000e+00	2.492051e-16	0.000000e+00	7.071068e-05 ***
0.000000e+00	-2.733217e-16	0.000000e+00	7.071068e-05 ***
0.000000e+00	1.286220e-16	0.000000e+00	7.071068e-05 ***
0.000000e+00	5.380109e-11	0.000000e+00	2.937410e-06 ***
0.000000e+00	0.000000e+00	0.000000e+00	5.946989e-03
0.000000e+00	0.000000e+00	0.000000e+00	1.000000e+00
0.000000e+00	0.000000e+00	0.000000e+00	1.000000e+00
0.000000e+00	0.000000e+00	0.000000e+00	1.000000e+00
0.000000e+00	-2.009718e-16	0.000000e+00	7.071068e-05 ***
0.000000e+00	-9.646648e-17	0.000000e+00	7.071068e-05 ***
0.000000e+00	-1.205831e-16	0.000000e+00	7.071068e-05 ***
0.000000e+00	1.135567e-09	0.000000e+00	5.742991e-06 ***
0.000000e+00	9.435133e-17	0.000000e+00	3.319692e-03 ***
0.000000e+00	0.000000e+00	0.000000e+00	1.000000e+00
0.000000e+00	0.000000e+00	0.000000e+00	1.000000e+00
0.000000e+00	0.000000e+00	0.000000e+00	1.000000e+00
0.000000e+00	-1.547483e-16	0.000000e+00	7.071068e-05 ***
0.000000e+00	-6.431099e-17	0.000000e+00	7.071068e-05 ***
0.000000e+00	-9.043733e-17	0.000000e+00	7.071068e-05 ***
0.000000e+00	3.052744e-09	0.000000e+00	1.307660e-05 ***
0.000000e+00	0.000000e+00	0.000000e+00	1.004205e-03
***** Scaled Decision Variables ******************************
J	LOWER		X(J)		UPPER		SCALING		DESCRIPTION
1	-1.000000e+00	8.314861e-01	1.000000e+00	1.000000e+00	CONTROL 1 PHASE 1
2	-1.000000e+00	3.248565e-01	1.000000e+00	1.000000e+00	CONTROL 2 PHASE 1
3	-1.000000e+00	4.506653e-01	1.000000e+00	1.000000e+00	CONTROL 3 PHASE 1
4	-1.000000e+00	8.299558e-01	1.000000e+00	1.000000e+00	CONTROL 1 PHASE 1
5	-1.000000e+00	3.299474e-01	1.000000e+00	1.000000e+00	CONTROL 2 PHASE 1
6	-1.000000e+00	4.497867e-01	1.000000e+00	1.000000e+00	CONTROL 3 PHASE 1
7	-1.000000e+00	8.260240e-01	1.000000e+00	1.000000e+00	CONTROL 1 PHASE 1
8	-1.000000e+00	3.424973e-01	1.000000e+00	1.000000e+00	CONTROL 2 PHASE 1
9	-1.000000e+00	4.476383e-01	1.000000e+00	1.000000e+00	CONTROL 3 PHASE 1
10	-1.000000e+00	8.189650e-01	1.000000e+00	1.000000e+00	CONTROL 1 PHASE 1
11	-1.000000e+00	3.637936e-01	1.000000e+00	1.000000e+00	CONTROL 2 PHASE 1
12	-1.000000e+00	4.437910e-01	1.000000e+00	1.000000e+00	CONTROL 3 PHASE 1
13	-1.000000e+00	8.075051e-01	1.000000e+00	1.000000e+00	CONTROL 1 PHASE 1
14	-1.000000e+00	3.956042e-01	1.000000e+00	1.000000e+00	CONTROL 2 PHASE 1
15	-1.000000e+00	4.375303e-01	1.000000e+00	1.000000e+00	CONTROL 3 PHASE 1
16	-1.000000e+00	7.898717e-01	1.000000e+00	1.000000e+00	CONTROL 1 PHASE 1
17	-1.000000e+00	4.393240e-01	1.000000e+00	1.000000e+00	CONTROL 2 PHASE 1
18	-1.000000e+00	4.278984e-01	1.000000e+00	1.000000e+00	CONTROL 3 PHASE 1
19	-1.000000e+00	7.642623e-01	1.000000e+00	1.000000e+00	CONTROL 1 PHASE 1
20	-1.000000e+00	4.945595e-01	1.000000e+00	1.000000e+00	CONTROL 2 PHASE 1
21	-1.000000e+00	4.139010e-01	1.000000e+00	1.000000e+00	CONTROL 3 PHASE 1
22	-1.000000e+00	7.299063e-01	1.000000e+00	1.000000e+00	CONTROL 1 PHASE 1
23	-1.000000e+00	5.577684e-01	1.000000e+00	1.000000e+00	CONTROL 2 PHASE 1
24	-1.000000e+00	3.951344e-01	1.000000e+00	1.000000e+00	CONTROL 3 PHASE 1
25	-1.000000e+00	6.884090e-01	1.000000e+00	1.000000e+00	CONTROL 1 PHASE 1
26	-1.000000e+00	6.223801e-01	1.000000e+00	1.000000e+00	CONTROL 2 PHASE 1
27	-1.000000e+00	3.724729e-01	1.000000e+00	1.000000e+00	CONTROL 3 PHASE 1
28	-1.000000e+00	6.440358e-01	1.000000e+00	1.000000e+00	CONTROL 1 PHASE 1
29	-1.000000e+00	6.811260e-01	1.000000e+00	1.000000e+00	CONTROL 2 PHASE 1
30	-1.000000e+00	3.482602e-01	1.000000e+00	1.000000e+00	CONTROL 3 PHASE 1
31	-1.000000e+00	6.022155e-01	1.000000e+00	1.000000e+00	CONTROL 1 PHASE 1
32	-1.000000e+00	7.289860e-01	1.000000e+00	1.000000e+00	CONTROL 2 PHASE 1
33	-1.000000e+00	3.254474e-01	1.000000e+00	1.000000e+00	CONTROL 3 PHASE 1
34	-1.000000e+00	5.673095e-01	1.000000e+00	1.000000e+00	CONTROL 1 PHASE 1
35	-1.000000e+00	7.643738e-01	1.000000e+00	1.000000e+00	CONTROL 2 PHASE 1
36	-1.000000e+00	3.064190e-01	1.000000e+00	1.000000e+00	CONTROL 3 PHASE 1
37	-1.000000e+00	5.415467e-01	1.000000e+00	1.000000e+00	CONTROL 1 PHASE 1
38	-1.000000e+00	7.881907e-01	1.000000e+00	1.000000e+00	CONTROL 2 PHASE 1
39	-1.000000e+00	2.923739e-01	1.000000e+00	1.000000e+00	CONTROL 3 PHASE 1
40	-1.000000e+00	5.254045e-01	1.000000e+00	1.000000e+00	CONTROL 1 PHASE 1
41	-1.000000e+00	8.022038e-01	1.000000e+00	1.000000e+00	CONTROL 2 PHASE 1
42	-1.000000e+00	2.835826e-01	1.000000e+00	1.000000e+00	CONTROL 3 PHASE 1
43	-1.000000e+00	5.186396e-01	1.000000e+00	1.000000e+00	CONTROL 1 PHASE 1
44	-1.000000e+00	8.078696e-01	1.000000e+00	1.000000e+00	CONTROL 2 PHASE 1
45	-1.000000e+00	2.799278e-01	1.000000e+00	1.000000e+00	CONTROL 3 PHASE 1
46	-1.000000e+00	4.394086e-01	1.000000e+00	7.839270e-08	STATE 1 PHASE 1
47	-1.000000e+00	-3.203905e-20	1.000000e+00	7.839270e-08	STATE 2 PHASE 1
48	-1.000000e+00	2.385794e-01	1.000000e+00	7.839270e-08	STATE 3 PHASE 1
49	-1.000000e+00	-1.546471e-15	1.000000e+00	1.000000e-04	STATE 4 PHASE 1
50	-1.000000e+00	4.087394e-02	1.000000e+00	1.000000e-04	STATE 5 PHASE 1
51	-1.000000e+00	-8.264240e-16	1.000000e+00	1.000000e-04	STATE 6 PHASE 1
52	5.701165e-01	1.000000e+00	1.000000e+00	3.317256e-06	STATE 7 PHASE 1
53	-1.000000e+00	4.394089e-01	1.000000e+00	7.839270e-08	STATE 1 PHASE 1
54	-1.000000e+00	4.222400e-05	1.000000e+00	7.839270e-08	STATE 2 PHASE 1
55	-1.000000e+00	2.385796e-01	1.000000e+00	7.839270e-08	STATE 3 PHASE 1
56	-1.000000e+00	6.292927e-04	1.000000e+00	1.000000e-04	STATE 4 PHASE 1
57	-1.000000e+00	4.156531e-02	1.000000e+00	1.000000e-04	STATE 5 PHASE 1
58	-1.000000e+00	3.399399e-04	1.000000e+00	1.000000e-04	STATE 6 PHASE 1
59	5.701165e-01	9.925299e-01	1.000000e+00	3.317256e-06	STATE 7 PHASE 1
60	-1.000000e+00	4.394121e-01	1.000000e+00	7.839270e-08	STATE 1 PHASE 1
61	-1.000000e+00	1.423775e-04	1.000000e+00	7.839270e-08	STATE 2 PHASE 1
62	-1.000000e+00	2.385813e-01	1.000000e+00	7.839270e-08	STATE 3 PHASE 1
63	-1.000000e+00	2.117204e-03	1.000000e+00	1.000000e-04	STATE 4 PHASE 1
64	-1.000000e+00	4.322155e-02	1.000000e+00	1.000000e-04	STATE 5 PHASE 1
65	-1.000000e+00	1.143607e-03	1.000000e+00	1.000000e-04	STATE 6 PHASE 1
66	5.701165e-01	9.752993e-01	1.000000e+00	3.317256e-06	STATE 7 PHASE 1
67	-1.000000e+00	4.394239e-01	1.000000e+00	7.839270e-08	STATE 1 PHASE 1
68	-1.000000e+00	3.019928e-04	1.000000e+00	7.839270e-08	STATE 2 PHASE 1
69	-1.000000e+00	2.385877e-01	1.000000e+00	7.839270e-08	STATE 3 PHASE 1
70	-1.000000e+00	4.463028e-03	1.000000e+00	1.000000e-04	STATE 4 PHASE 1
71	-1.000000e+00	4.590746e-02	1.000000e+00	1.000000e-04	STATE 5 PHASE 1
72	-1.000000e+00	2.410767e-03	1.000000e+00	1.000000e-04	STATE 6 PHASE 1
73	5.701165e-01	9.491705e-01	1.000000e+00	3.317256e-06	STATE 7 PHASE 1
74	-1.000000e+00	4.394519e-01	1.000000e+00	7.839270e-08	STATE 1 PHASE 1
75	-1.000000e+00	5.234895e-04	1.000000e+00	7.839270e-08	STATE 2 PHASE 1
76	-1.000000e+00	2.386028e-01	1.000000e+00	7.839270e-08	STATE 3 PHASE 1
77	-1.000000e+00	7.634429e-03	1.000000e+00	1.000000e-04	STATE 4 PHASE 1
78	-1.000000e+00	4.972523e-02	1.000000e+00	1.000000e-04	STATE 5 PHASE 1
79	-1.000000e+00	4.123893e-03	1.000000e+00	1.000000e-04	STATE 6 PHASE 1
80	5.701165e-01	9.153674e-01	1.000000e+00	3.317256e-06	STATE 7 PHASE 1
81	-1.000000e+00	4.395042e-01	1.000000e+00	7.839270e-08	STATE 1 PHASE 1
82	-1.000000e+00	8.091142e-04	1.000000e+00	7.839270e-08	STATE 2 PHASE 1
83	-1.000000e+00	2.386310e-01	1.000000e+00	7.839270e-08	STATE 3 PHASE 1
84	-1.000000e+00	1.152365e-02	1.000000e+00	1.000000e-04	STATE 4 PHASE 1
85	-1.000000e+00	5.479522e-02	1.000000e+00	1.000000e-04	STATE 5 PHASE 1
86	-1.000000e+00	6.224652e-03	1.000000e+00	1.000000e-04	STATE 6 PHASE 1
87	5.701165e-01	8.754709e-01	1.000000e+00	3.317256e-06	STATE 7 PHASE 1
88	-1.000000e+00	4.395872e-01	1.000000e+00	7.839270e-08	STATE 1 PHASE 1
89	-1.000000e+00	1.159667e-03	1.000000e+00	7.839270e-08	STATE 2 PHASE 1
90	-1.000000e+00	2.386759e-01	1.000000e+00	7.839270e-08	STATE 3 PHASE 1
91	-1.000000e+00	1.592556e-02	1.000000e+00	1.000000e-04	STATE 4 PHASE 1
92	-1.000000e+00	6.122969e-02	1.000000e+00	1.000000e-04	STATE 5 PHASE 1
93	-1.000000e+00	8.601754e-03	1.000000e+00	1.000000e-04	STATE 6 PHASE 1
94	5.701165e-01	8.313468e-01	1.000000e+00	3.317256e-06	STATE 7 PHASE 1
95	-1.000000e+00	4.397030e-01	1.000000e+00	7.839270e-08	STATE 1 PHASE 1
96	-1.000000e+00	1.572616e-03	1.000000e+00	7.839270e-08	STATE 2 PHASE 1
97	-1.000000e+00	2.387384e-01	1.000000e+00	7.839270e-08	STATE 3 PHASE 1
98	-1.000000e+00	2.055778e-02	1.000000e+00	1.000000e-04	STATE 4 PHASE 1
99	-1.000000e+00	6.908537e-02	1.000000e+00	1.000000e-04	STATE 5 PHASE 1
100	-1.000000e+00	1.110195e-02	1.000000e+00	1.000000e-04	STATE 6 PHASE 1
101	5.701165e-01	7.850582e-01	1.000000e+00	3.317256e-06	STATE 7 PHASE 1
102	-1.000000e+00	4.398481e-01	1.000000e+00	7.839270e-08	STATE 1 PHASE 1
103	-1.000000e+00	2.039571e-03	1.000000e+00	7.839270e-08	STATE 2 PHASE 1
104	-1.000000e+00	2.388167e-01	1.000000e+00	7.839270e-08	STATE 3 PHASE 1
105	-1.000000e+00	2.512024e-02	1.000000e+00	1.000000e-04	STATE 4 PHASE 1
106	-1.000000e+00	7.828252e-02	1.000000e+00	1.000000e-04	STATE 5 PHASE 1
107	-1.000000e+00	1.356229e-02	1.000000e+00	1.000000e-04	STATE 6 PHASE 1
108	5.701165e-01	7.387697e-01	1.000000e+00	3.317256e-06	STATE 7 PHASE 1
109	-1.000000e+00	4.400129e-01	1.000000e+00	7.839270e-08	STATE 1 PHASE 1
110	-1.000000e+00	2.543408e-03	1.000000e+00	7.839270e-08	STATE 2 PHASE 1
111	-1.000000e+00	2.389058e-01	1.000000e+00	7.839270e-08	STATE 3 PHASE 1
112	-1.000000e+00	2.935873e-02	1.000000e+00	1.000000e-04	STATE 4 PHASE 1
113	-1.000000e+00	8.850436e-02	1.000000e+00	1.000000e-04	STATE 5 PHASE 1
114	-1.000000e+00	1.584502e-02	1.000000e+00	1.000000e-04	STATE 6 PHASE 1
115	5.701165e-01	6.946455e-01	1.000000e+00	3.317256e-06	STATE 7 PHASE 1
116	-1.000000e+00	4.401838e-01	1.000000e+00	7.839270e-08	STATE 1 PHASE 1
117	-1.000000e+00	3.056067e-03	1.000000e+00	7.839270e-08	STATE 2 PHASE 1
118	-1.000000e+00	2.389980e-01	1.000000e+00	7.839270e-08	STATE 3 PHASE 1
119	-1.000000e+00	3.309442e-02	1.000000e+00	1.000000e-04	STATE 4 PHASE 1
120	-1.000000e+00	9.913288e-02	1.000000e+00	1.000000e-04	STATE 5 PHASE 1
121	-1.000000e+00	1.785385e-02	1.000000e+00	1.000000e-04	STATE 6 PHASE 1
122	5.701165e-01	6.547491e-01	1.000000e+00	3.317256e-06	STATE 7 PHASE 1
123	-1.000000e+00	4.403445e-01	1.000000e+00	7.839270e-08	STATE 1 PHASE 1
124	-1.000000e+00	3.538687e-03	1.000000e+00	7.839270e-08	STATE 2 PHASE 1
125	-1.000000e+00	2.390846e-01	1.000000e+00	7.839270e-08	STATE 3 PHASE 1
126	-1.000000e+00	3.620866e-02	1.000000e+00	1.000000e-04	STATE 4 PHASE 1
127	-1.000000e+00	1.092752e-01	1.000000e+00	1.000000e-04	STATE 5 PHASE 1
128	-1.000000e+00	1.952585e-02	1.000000e+00	1.000000e-04	STATE 6 PHASE 1
129	5.701165e-01	6.209459e-01	1.000000e+00	3.317256e-06	STATE 7 PHASE 1
130	-1.000000e+00	4.404785e-01	1.000000e+00	7.839270e-08	STATE 1 PHASE 1
131	-1.000000e+00	3.945454e-03	1.000000e+00	7.839270e-08	STATE 2 PHASE 1
132	-1.000000e+00	2.391569e-01	1.000000e+00	7.839270e-08	STATE 3 PHASE 1
133	-1.000000e+00	3.860646e-02	1.000000e+00	1.000000e-04	STATE 4 PHASE 1
134	-1.000000e+00	1.178862e-01	1.000000e+00	1.000000e-04	STATE 5 PHASE 1
135	-1.000000e+00	2.081147e-02	1.000000e+00	1.000000e-04	STATE 6 PHASE 1
136	5.701165e-01	5.948171e-01	1.000000e+00	3.317256e-06	STATE 7 PHASE 1
137	-1.000000e+00	4.405716e-01	1.000000e+00	7.839270e-08	STATE 1 PHASE 1
138	-1.000000e+00	4.231111e-03	1.000000e+00	7.839270e-08	STATE 2 PHASE 1
139	-1.000000e+00	2.392070e-01	1.000000e+00	7.839270e-08	STATE 3 PHASE 1
140	-1.000000e+00	4.019491e-02	1.000000e+00	1.000000e-04	STATE 4 PHASE 1
141	-1.000000e+00	1.239540e-01	1.000000e+00	1.000000e-04	STATE 5 PHASE 1
142	-1.000000e+00	2.166229e-02	1.000000e+00	1.000000e-04	STATE 6 PHASE 1
143	5.701165e-01	5.775866e-01	1.000000e+00	3.317256e-06	STATE 7 PHASE 1
144	-1.000000e+00	4.406131e-01	1.000000e+00	7.839270e-08	STATE 1 PHASE 1
145	-1.000000e+00	4.359483e-03	1.000000e+00	7.839270e-08	STATE 2 PHASE 1
146	-1.000000e+00	2.392294e-01	1.000000e+00	7.839270e-08	STATE 3 PHASE 1
147	-1.000000e+00	4.088761e-02	1.000000e+00	1.000000e-04	STATE 4 PHASE 1
148	-1.000000e+00	1.266844e-01	1.000000e+00	1.000000e-04	STATE 5 PHASE 1
149	-1.000000e+00	2.203319e-02	1.000000e+00	1.000000e-04	STATE 6 PHASE 1
150	5.701165e-01	5.701165e-01	1.000000e+00	3.317256e-06	STATE 7 PHASE 1
151	0.000000e+00	0.000000e+00	0.000000e+00	1.329787e-02	t0 PHASE 1
152	1.000000e+00	1.000000e+00	1.000000e+00	1.329787e-02	tf PHASE 1
153	-1.000000e+00	5.186618e-01	1.000000e+00	1.000000e+00	CONTROL 1 PHASE 2
154	-1.000000e+00	8.078469e-01	1.000000e+00	1.000000e+00	CONTROL 2 PHASE 2
155	-1.000000e+00	2.799524e-01	1.000000e+00	1.000000e+00	CONTROL 3 PHASE 2
156	-1.000000e+00	5.120511e-01	1.000000e+00	1.000000e+00	CONTROL 1 PHASE 2
157	-1.000000e+00	8.132997e-01	1.000000e+00	1.000000e+00	CONTROL 2 PHASE 2
158	-1.000000e+00	2.763101e-01	1.000000e+00	1.000000e+00	CONTROL 3 PHASE 2
159	-1.000000e+00	4.975035e-01	1.000000e+00	1.000000e+00	CONTROL 1 PHASE 2
160	-1.000000e+00	8.249033e-01	1.000000e+00	1.000000e+00	CONTROL 2 PHASE 2
161	-1.000000e+00	2.683743e-01	1.000000e+00	1.000000e+00	CONTROL 3 PHASE 2
162	-1.000000e+00	4.772161e-01	1.000000e+00	1.000000e+00	CONTROL 1 PHASE 2
163	-1.000000e+00	8.402668e-01	1.000000e+00	1.000000e+00	CONTROL 2 PHASE 2
164	-1.000000e+00	2.573258e-01	1.000000e+00	1.000000e+00	CONTROL 3 PHASE 2
165	-1.000000e+00	4.539020e-01	1.000000e+00	1.000000e+00	CONTROL 1 PHASE 2
166	-1.000000e+00	8.568149e-01	1.000000e+00	1.000000e+00	CONTROL 2 PHASE 2
167	-1.000000e+00	2.446244e-01	1.000000e+00	1.000000e+00	CONTROL 3 PHASE 2
168	-1.000000e+00	4.302044e-01	1.000000e+00	1.000000e+00	CONTROL 1 PHASE 2
169	-1.000000e+00	8.724842e-01	1.000000e+00	1.000000e+00	CONTROL 2 PHASE 2
170	-1.000000e+00	2.317229e-01	1.000000e+00	1.000000e+00	CONTROL 3 PHASE 2
171	-1.000000e+00	4.080983e-01	1.000000e+00	1.000000e+00	CONTROL 1 PHASE 2
172	-1.000000e+00	8.861116e-01	1.000000e+00	1.000000e+00	CONTROL 2 PHASE 2
173	-1.000000e+00	2.196860e-01	1.000000e+00	1.000000e+00	CONTROL 3 PHASE 2
174	-1.000000e+00	3.886843e-01	1.000000e+00	1.000000e+00	CONTROL 1 PHASE 2
175	-1.000000e+00	8.973254e-01	1.000000e+00	1.000000e+00	CONTROL 2 PHASE 2
176	-1.000000e+00	2.091209e-01	1.000000e+00	1.000000e+00	CONTROL 3 PHASE 2
177	-1.000000e+00	3.723116e-01	1.000000e+00	1.000000e+00	CONTROL 1 PHASE 2
178	-1.000000e+00	9.062559e-01	1.000000e+00	1.000000e+00	CONTROL 2 PHASE 2
179	-1.000000e+00	2.002107e-01	1.000000e+00	1.000000e+00	CONTROL 3 PHASE 2
180	-1.000000e+00	3.588551e-01	1.000000e+00	1.000000e+00	CONTROL 1 PHASE 2
181	-1.000000e+00	9.132448e-01	1.000000e+00	1.000000e+00	CONTROL 2 PHASE 2
182	-1.000000e+00	1.928908e-01	1.000000e+00	1.000000e+00	CONTROL 3 PHASE 2
183	-1.000000e+00	3.480452e-01	1.000000e+00	1.000000e+00	CONTROL 1 PHASE 2
184	-1.000000e+00	9.186357e-01	1.000000e+00	1.000000e+00	CONTROL 2 PHASE 2
185	-1.000000e+00	1.870106e-01	1.000000e+00	1.000000e+00	CONTROL 3 PHASE 2
186	-1.000000e+00	3.396396e-01	1.000000e+00	1.000000e+00	CONTROL 1 PHASE 2
187	-1.000000e+00	9.226921e-01	1.000000e+00	1.000000e+00	CONTROL 2 PHASE 2
188	-1.000000e+00	1.824395e-01	1.000000e+00	1.000000e+00	CONTROL 3 PHASE 2
189	-1.000000e+00	3.335105e-01	1.000000e+00	1.000000e+00	CONTROL 1 PHASE 2
190	-1.000000e+00	9.255763e-01	1.000000e+00	1.000000e+00	CONTROL 2 PHASE 2
191	-1.000000e+00	1.791070e-01	1.000000e+00	1.000000e+00	CONTROL 3 PHASE 2
192	-1.000000e+00	3.295922e-01	1.000000e+00	1.000000e+00	CONTROL 1 PHASE 2
193	-1.000000e+00	9.273880e-01	1.000000e+00	1.000000e+00	CONTROL 2 PHASE 2
194	-1.000000e+00	1.769758e-01	1.000000e+00	1.000000e+00	CONTROL 3 PHASE 2
195	-1.000000e+00	3.278983e-01	1.000000e+00	1.000000e+00	CONTROL 1 PHASE 2
196	-1.000000e+00	9.281625e-01	1.000000e+00	1.000000e+00	CONTROL 2 PHASE 2
197	-1.000000e+00	1.760600e-01	1.000000e+00	1.000000e+00	CONTROL 3 PHASE 2
198	-1.000000e+00	4.406131e-01	1.000000e+00	7.839270e-08	STATE 1 PHASE 2
199	-1.000000e+00	4.359483e-03	1.000000e+00	7.839270e-08	STATE 2 PHASE 2
200	-1.000000e+00	2.392294e-01	1.000000e+00	7.839270e-08	STATE 3 PHASE 2
201	-1.000000e+00	4.088761e-02	1.000000e+00	1.000000e-04	STATE 4 PHASE 2
202	-1.000000e+00	1.266844e-01	1.000000e+00	1.000000e-04	STATE 5 PHASE 2
203	-1.000000e+00	2.203319e-02	1.000000e+00	1.000000e-04	STATE 6 PHASE 2
204	5.033621e-01	1.000000e+00	1.000000e+00	6.321756e-06	STATE 7 PHASE 2
205	-1.000000e+00	4.406550e-01	1.000000e+00	7.839270e-08	STATE 1 PHASE 2
206	-1.000000e+00	4.490158e-03	1.000000e+00	7.839270e-08	STATE 2 PHASE 2
207	-1.000000e+00	2.392520e-01	1.000000e+00	7.839270e-08	STATE 3 PHASE 2
208	-1.000000e+00	4.093160e-02	1.000000e+00	1.000000e-04	STATE 4 PHASE 2
209	-1.000000e+00	1.284467e-01	1.000000e+00	1.000000e-04	STATE 5 PHASE 2
210	-1.000000e+00	2.205393e-02	1.000000e+00	1.000000e-04	STATE 6 PHASE 2
211	5.033621e-01	9.913699e-01	1.000000e+00	6.321756e-06	STATE 7 PHASE 2
212	-1.000000e+00	4.407519e-01	1.000000e+00	7.839270e-08	STATE 1 PHASE 2
213	-1.000000e+00	4.798600e-03	1.000000e+00	7.839270e-08	STATE 2 PHASE 2
214	-1.000000e+00	2.393042e-01	1.000000e+00	7.839270e-08	STATE 3 PHASE 2
215	-1.000000e+00	4.103822e-02	1.000000e+00	1.000000e-04	STATE 4 PHASE 2
216	-1.000000e+00	1.326610e-01	1.000000e+00	1.000000e-04	STATE 5 PHASE 2
217	-1.000000e+00	2.210404e-02	1.000000e+00	1.000000e-04	STATE 6 PHASE 2
218	5.033621e-01	9.714637e-01	1.000000e+00	6.321756e-06	STATE 7 PHASE 2
219	-1.000000e+00	4.408992e-01	1.000000e+00	7.839270e-08	STATE 1 PHASE 2
220	-1.000000e+00	5.285949e-03	1.000000e+00	7.839270e-08	STATE 2 PHASE 2
221	-1.000000e+00	2.393835e-01	1.000000e+00	7.839270e-08	STATE 3 PHASE 2
222	-1.000000e+00	4.121427e-02	1.000000e+00	1.000000e-04	STATE 4 PHASE 2
223	-1.000000e+00	1.394400e-01	1.000000e+00	1.000000e-04	STATE 5 PHASE 2
224	-1.000000e+00	2.218684e-02	1.000000e+00	1.000000e-04	STATE 6 PHASE 2
225	5.033621e-01	9.412775e-01	1.000000e+00	6.321756e-06	STATE 7 PHASE 2
226	-1.000000e+00	4.410909e-01	1.000000e+00	7.839270e-08	STATE 1 PHASE 2
227	-1.000000e+00	5.953933e-03	1.000000e+00	7.839270e-08	STATE 2 PHASE 2
228	-1.000000e+00	2.394867e-01	1.000000e+00	7.839270e-08	STATE 3 PHASE 2
229	-1.000000e+00	4.147301e-02	1.000000e+00	1.000000e-04	STATE 4 PHASE 2
230	-1.000000e+00	1.488880e-01	1.000000e+00	1.000000e-04	STATE 5 PHASE 2
231	-1.000000e+00	2.230899e-02	1.000000e+00	1.000000e-04	STATE 6 PHASE 2
232	5.033621e-01	9.022252e-01	1.000000e+00	6.321756e-06	STATE 7 PHASE 2
233	-1.000000e+00	4.413187e-01	1.000000e+00	7.839270e-08	STATE 1 PHASE 2
234	-1.000000e+00	6.801202e-03	1.000000e+00	7.839270e-08	STATE 2 PHASE 2
235	-1.000000e+00	2.396092e-01	1.000000e+00	7.839270e-08	STATE 3 PHASE 2
236	-1.000000e+00	4.184085e-02	1.000000e+00	1.000000e-04	STATE 4 PHASE 2
237	-1.000000e+00	1.610108e-01	1.000000e+00	1.000000e-04	STATE 5 PHASE 2
238	-1.000000e+00	2.248459e-02	1.000000e+00	1.000000e-04	STATE 6 PHASE 2
239	5.033621e-01	8.561334e-01	1.000000e+00	6.321756e-06	STATE 7 PHASE 2
240	-1.000000e+00	4.415734e-01	1.000000e+00	7.839270e-08	STATE 1 PHASE 2
241	-1.000000e+00	7.819103e-03	1.000000e+00	7.839270e-08	STATE 2 PHASE 2
242	-1.000000e+00	2.397459e-01	1.000000e+00	7.839270e-08	STATE 3 PHASE 2
243	-1.000000e+00	4.236227e-02	1.000000e+00	1.000000e-04	STATE 4 PHASE 2
244	-1.000000e+00	1.756558e-01	1.000000e+00	1.000000e-04	STATE 5 PHASE 2
245	-1.000000e+00	2.273794e-02	1.000000e+00	1.000000e-04	STATE 6 PHASE 2
246	5.033621e-01	8.051575e-01	1.000000e+00	6.321756e-06	STATE 7 PHASE 2
247	-1.000000e+00	4.418445e-01	1.000000e+00	7.839270e-08	STATE 1 PHASE 2
248	-1.000000e+00	8.986676e-03	1.000000e+00	7.839270e-08	STATE 2 PHASE 2
249	-1.000000e+00	2.398914e-01	1.000000e+00	7.839270e-08	STATE 3 PHASE 2
250	-1.000000e+00	4.309317e-02	1.000000e+00	1.000000e-04	STATE 4 PHASE 2
251	-1.000000e+00	1.924727e-01	1.000000e+00	1.000000e-04	STATE 5 PHASE 2
252	-1.000000e+00	2.310003e-02	1.000000e+00	1.000000e-04	STATE 6 PHASE 2
253	5.033621e-01	7.516810e-01	1.000000e+00	6.321756e-06	STATE 7 PHASE 2
254	-1.000000e+00	4.421210e-01	1.000000e+00	7.839270e-08	STATE 1 PHASE 2
255	-1.000000e+00	1.026600e-02	1.000000e+00	7.839270e-08	STATE 2 PHASE 2
256	-1.000000e+00	2.400395e-01	1.000000e+00	7.839270e-08	STATE 3 PHASE 2
257	-1.000000e+00	4.408013e-02	1.000000e+00	1.000000e-04	STATE 4 PHASE 2
258	-1.000000e+00	2.108871e-01	1.000000e+00	1.000000e-04	STATE 5 PHASE 2
259	-1.000000e+00	2.359742e-02	1.000000e+00	1.000000e-04	STATE 6 PHASE 2
260	5.033621e-01	6.982046e-01	1.000000e+00	6.321756e-06	STATE 7 PHASE 2
261	-1.000000e+00	4.423914e-01	1.000000e+00	7.839270e-08	STATE 1 PHASE 2
262	-1.000000e+00	1.159926e-02	1.000000e+00	7.839270e-08	STATE 2 PHASE 2
263	-1.000000e+00	2.401841e-01	1.000000e+00	7.839270e-08	STATE 3 PHASE 2
264	-1.000000e+00	4.533098e-02	1.000000e+00	1.000000e-04	STATE 4 PHASE 2
265	-1.000000e+00	2.300805e-01	1.000000e+00	1.000000e-04	STATE 5 PHASE 2
266	-1.000000e+00	2.423611e-02	1.000000e+00	1.000000e-04	STATE 6 PHASE 2
267	5.033621e-01	6.472286e-01	1.000000e+00	6.321756e-06	STATE 7 PHASE 2
268	-1.000000e+00	4.426432e-01	1.000000e+00	7.839270e-08	STATE 1 PHASE 2
269	-1.000000e+00	1.290906e-02	1.000000e+00	7.839270e-08	STATE 2 PHASE 2
270	-1.000000e+00	2.403187e-01	1.000000e+00	7.839270e-08	STATE 3 PHASE 2
271	-1.000000e+00	4.678797e-02	1.000000e+00	1.000000e-04	STATE 4 PHASE 2
272	-1.000000e+00	2.489829e-01	1.000000e+00	1.000000e-04	STATE 5 PHASE 2
273	-1.000000e+00	2.498716e-02	1.000000e+00	1.000000e-04	STATE 6 PHASE 2
274	5.033621e-01	6.011369e-01	1.000000e+00	6.321756e-06	STATE 7 PHASE 2
275	-1.000000e+00	4.428635e-01	1.000000e+00	7.839270e-08	STATE 1 PHASE 2
276	-1.000000e+00	1.410287e-02	1.000000e+00	7.839270e-08	STATE 2 PHASE 2
277	-1.000000e+00	2.404363e-01	1.000000e+00	7.839270e-08	STATE 3 PHASE 2
278	-1.000000e+00	4.831559e-02	1.000000e+00	1.000000e-04	STATE 4 PHASE 2
279	-1.000000e+00	2.663000e-01	1.000000e+00	1.000000e-04	STATE 5 PHASE 2
280	-1.000000e+00	2.577979e-02	1.000000e+00	1.000000e-04	STATE 6 PHASE 2
281	5.033621e-01	5.620846e-01	1.000000e+00	6.321756e-06	STATE 7 PHASE 2
282	-1.000000e+00	4.430391e-01	1.000000e+00	7.839270e-08	STATE 1 PHASE 2
283	-1.000000e+00	1.508244e-02	1.000000e+00	7.839270e-08	STATE 2 PHASE 2
284	-1.000000e+00	2.405299e-01	1.000000e+00	7.839270e-08	STATE 3 PHASE 2
285	-1.000000e+00	4.971215e-02	1.000000e+00	1.000000e-04	STATE 4 PHASE 2
286	-1.000000e+00	2.806062e-01	1.000000e+00	1.000000e-04	STATE 5 PHASE 2
287	-1.000000e+00	2.650764e-02	1.000000e+00	1.000000e-04	STATE 6 PHASE 2
288	5.033621e-01	5.318984e-01	1.000000e+00	6.321756e-06	STATE 7 PHASE 2
289	-1.000000e+00	4.431578e-01	1.000000e+00	7.839270e-08	STATE 1 PHASE 2
290	-1.000000e+00	1.575712e-02	1.000000e+00	7.839270e-08	STATE 2 PHASE 2
291	-1.000000e+00	2.405932e-01	1.000000e+00	7.839270e-08	STATE 3 PHASE 2
292	-1.000000e+00	5.074941e-02	1.000000e+00	1.000000e-04	STATE 4 PHASE 2
293	-1.000000e+00	2.905256e-01	1.000000e+00	1.000000e-04	STATE 5 PHASE 2
294	-1.000000e+00	2.704970e-02	1.000000e+00	1.000000e-04	STATE 6 PHASE 2
295	5.033621e-01	5.119922e-01	1.000000e+00	6.321756e-06	STATE 7 PHASE 2
296	-1.000000e+00	4.432100e-01	1.000000e+00	7.839270e-08	STATE 1 PHASE 2
297	-1.000000e+00	1.605699e-02	1.000000e+00	7.839270e-08	STATE 2 PHASE 2
298	-1.000000e+00	2.406210e-01	1.000000e+00	7.839270e-08	STATE 3 PHASE 2
299	-1.000000e+00	5.123015e-02	1.000000e+00	1.000000e-04	STATE 4 PHASE 2
300	-1.000000e+00	2.949546e-01	1.000000e+00	1.000000e-04	STATE 5 PHASE 2
301	-1.000000e+00	2.730129e-02	1.000000e+00	1.000000e-04	STATE 6 PHASE 2
302	5.033621e-01	5.033621e-01	1.000000e+00	6.321756e-06	STATE 7 PHASE 2
303	5.000000e-01	5.000000e-01	5.000000e-01	6.648936e-03	t0 PHASE 2
304	1.000000e+00	1.000000e+00	1.000000e+00	6.648936e-03	tf PHASE 2
305	-1.000000e+00	3.278046e-01	1.000000e+00	1.000000e+00	CONTROL 1 PHASE 3
306	-1.000000e+00	9.282028e-01	1.000000e+00	1.000000e+00	CONTROL 2 PHASE 3
307	-1.000000e+00	1.760220e-01	1.000000e+00	1.000000e+00	CONTROL 3 PHASE 3
308	-1.000000e+00	3.254958e-01	1.000000e+00	1.000000e+00	CONTROL 1 PHASE 3
309	-1.000000e+00	9.292579e-01	1.000000e+00	1.000000e+00	CONTROL 2 PHASE 3
310	-1.000000e+00	1.747348e-01	1.000000e+00	1.000000e+00	CONTROL 3 PHASE 3
311	-1.000000e+00	3.200734e-01	1.000000e+00	1.000000e+00	CONTROL 1 PHASE 3
312	-1.000000e+00	9.316867e-01	1.000000e+00	1.000000e+00	CONTROL 2 PHASE 3
313	-1.000000e+00	1.717931e-01	1.000000e+00	1.000000e+00	CONTROL 3 PHASE 3
314	-1.000000e+00	3.119712e-01	1.000000e+00	1.000000e+00	CONTROL 1 PHASE 3
315	-1.000000e+00	9.352279e-01	1.000000e+00	1.000000e+00	CONTROL 2 PHASE 3
316	-1.000000e+00	1.674001e-01	1.000000e+00	1.000000e+00	CONTROL 3 PHASE 3
317	-1.000000e+00	3.017506e-01	1.000000e+00	1.000000e+00	CONTROL 1 PHASE 3
318	-1.000000e+00	9.395502e-01	1.000000e+00	1.000000e+00	CONTROL 2 PHASE 3
319	-1.000000e+00	1.618394e-01	1.000000e+00	1.000000e+00	CONTROL 3 PHASE 3
320	-1.000000e+00	2.898112e-01	1.000000e+00	1.000000e+00	CONTROL 1 PHASE 3
321	-1.000000e+00	9.443911e-01	1.000000e+00	1.000000e+00	CONTROL 2 PHASE 3
322	-1.000000e+00	1.553540e-01	1.000000e+00	1.000000e+00	CONTROL 3 PHASE 3
323	-1.000000e+00	2.766402e-01	1.000000e+00	1.000000e+00	CONTROL 1 PHASE 3
324	-1.000000e+00	9.494782e-01	1.000000e+00	1.000000e+00	CONTROL 2 PHASE 3
325	-1.000000e+00	1.481937e-01	1.000000e+00	1.000000e+00	CONTROL 3 PHASE 3
326	-1.000000e+00	2.627919e-01	1.000000e+00	1.000000e+00	CONTROL 1 PHASE 3
327	-1.000000e+00	9.545430e-01	1.000000e+00	1.000000e+00	CONTROL 2 PHASE 3
328	-1.000000e+00	1.406704e-01	1.000000e+00	1.000000e+00	CONTROL 3 PHASE 3
329	-1.000000e+00	2.488550e-01	1.000000e+00	1.000000e+00	CONTROL 1 PHASE 3
330	-1.000000e+00	9.593520e-01	1.000000e+00	1.000000e+00	CONTROL 2 PHASE 3
331	-1.000000e+00	1.330975e-01	1.000000e+00	1.000000e+00	CONTROL 3 PHASE 3
332	-1.000000e+00	2.354876e-01	1.000000e+00	1.000000e+00	CONTROL 1 PHASE 3
333	-1.000000e+00	9.636966e-01	1.000000e+00	1.000000e+00	CONTROL 2 PHASE 3
334	-1.000000e+00	1.258347e-01	1.000000e+00	1.000000e+00	CONTROL 3 PHASE 3
335	-1.000000e+00	2.233167e-01	1.000000e+00	1.000000e+00	CONTROL 1 PHASE 3
336	-1.000000e+00	9.674271e-01	1.000000e+00	1.000000e+00	CONTROL 2 PHASE 3
337	-1.000000e+00	1.192242e-01	1.000000e+00	1.000000e+00	CONTROL 3 PHASE 3
338	-1.000000e+00	2.129389e-01	1.000000e+00	1.000000e+00	CONTROL 1 PHASE 3
339	-1.000000e+00	9.704409e-01	1.000000e+00	1.000000e+00	CONTROL 2 PHASE 3
340	-1.000000e+00	1.135845e-01	1.000000e+00	1.000000e+00	CONTROL 3 PHASE 3
341	-1.000000e+00	2.048902e-01	1.000000e+00	1.000000e+00	CONTROL 1 PHASE 3
342	-1.000000e+00	9.726725e-01	1.000000e+00	1.000000e+00	CONTROL 2 PHASE 3
343	-1.000000e+00	1.092162e-01	1.000000e+00	1.000000e+00	CONTROL 3 PHASE 3
344	-1.000000e+00	1.995432e-01	1.000000e+00	1.000000e+00	CONTROL 1 PHASE 3
345	-1.000000e+00	9.741056e-01	1.000000e+00	1.000000e+00	CONTROL 2 PHASE 3
346	-1.000000e+00	1.063053e-01	1.000000e+00	1.000000e+00	CONTROL 3 PHASE 3
347	-1.000000e+00	1.971949e-01	1.000000e+00	1.000000e+00	CONTROL 1 PHASE 3
348	-1.000000e+00	9.747236e-01	1.000000e+00	1.000000e+00	CONTROL 2 PHASE 3
349	-1.000000e+00	1.050147e-01	1.000000e+00	1.000000e+00	CONTROL 3 PHASE 3
350	-1.000000e+00	4.432100e-01	1.000000e+00	7.839270e-08	STATE 1 PHASE 3
351	-1.000000e+00	1.605699e-02	1.000000e+00	7.839270e-08	STATE 2 PHASE 3
352	-1.000000e+00	2.406210e-01	1.000000e+00	7.839270e-08	STATE 3 PHASE 3
353	-1.000000e+00	5.123015e-02	1.000000e+00	1.000000e-04	STATE 4 PHASE 3
354	-1.000000e+00	2.949546e-01	1.000000e+00	1.000000e-04	STATE 5 PHASE 3
355	-1.000000e+00	2.730129e-02	1.000000e+00	1.000000e-04	STATE 6 PHASE 3
356	4.436978e-01	1.000000e+00	1.000000e+00	1.373933e-05	STATE 7 PHASE 3
357	-1.000000e+00	4.432867e-01	1.000000e+00	7.839270e-08	STATE 1 PHASE 3
358	-1.000000e+00	1.650333e-02	1.000000e+00	7.839270e-08	STATE 2 PHASE 3
359	-1.000000e+00	2.406619e-01	1.000000e+00	7.839270e-08	STATE 3 PHASE 3
360	-1.000000e+00	5.054108e-02	1.000000e+00	1.000000e-04	STATE 4 PHASE 3
361	-1.000000e+00	2.975450e-01	1.000000e+00	1.000000e-04	STATE 5 PHASE 3
362	-1.000000e+00	2.692164e-02	1.000000e+00	1.000000e-04	STATE 6 PHASE 3
363	4.436978e-01	9.903331e-01	1.000000e+00	1.373933e-05	STATE 7 PHASE 3
364	-1.000000e+00	4.434596e-01	1.000000e+00	7.839270e-08	STATE 1 PHASE 3
365	-1.000000e+00	1.754789e-02	1.000000e+00	7.839270e-08	STATE 2 PHASE 3
366	-1.000000e+00	2.407539e-01	1.000000e+00	7.839270e-08	STATE 3 PHASE 3
367	-1.000000e+00	4.896579e-02	1.000000e+00	1.000000e-04	STATE 4 PHASE 3
368	-1.000000e+00	3.036360e-01	1.000000e+00	1.000000e-04	STATE 5 PHASE 3
369	-1.000000e+00	2.605326e-02	1.000000e+00	1.000000e-04	STATE 6 PHASE 3
370	4.436978e-01	9.680354e-01	1.000000e+00	1.373933e-05	STATE 7 PHASE 3
371	-1.000000e+00	4.437114e-01	1.000000e+00	7.839270e-08	STATE 1 PHASE 3
372	-1.000000e+00	1.917301e-02	1.000000e+00	7.839270e-08	STATE 2 PHASE 3
373	-1.000000e+00	2.408878e-01	1.000000e+00	7.839270e-08	STATE 3 PHASE 3
374	-1.000000e+00	4.661390e-02	1.000000e+00	1.000000e-04	STATE 4 PHASE 3
375	-1.000000e+00	3.131862e-01	1.000000e+00	1.000000e-04	STATE 5 PHASE 3
376	-1.000000e+00	2.475591e-02	1.000000e+00	1.000000e-04	STATE 6 PHASE 3
377	4.436978e-01	9.342227e-01	1.000000e+00	1.373933e-05	STATE 7 PHASE 3
378	-1.000000e+00	4.440190e-01	1.000000e+00	7.839270e-08	STATE 1 PHASE 3
379	-1.000000e+00	2.135194e-02	1.000000e+00	7.839270e-08	STATE 2 PHASE 3
380	-1.000000e+00	2.410510e-01	1.000000e+00	7.839270e-08	STATE 3 PHASE 3
381	-1.000000e+00	4.364051e-02	1.000000e+00	1.000000e-04	STATE 4 PHASE 3
382	-1.000000e+00	3.261270e-01	1.000000e+00	1.000000e-04	STATE 5 PHASE 3
383	-1.000000e+00	2.311386e-02	1.000000e+00	1.000000e-04	STATE 6 PHASE 3
384	4.436978e-01	8.904789e-01	1.000000e+00	1.373933e-05	STATE 7 PHASE 3
385	-1.000000e+00	4.443564e-01	1.000000e+00	7.839270e-08	STATE 1 PHASE 3
386	-1.000000e+00	2.404061e-02	1.000000e+00	7.839270e-08	STATE 2 PHASE 3
387	-1.000000e+00	2.412293e-01	1.000000e+00	7.839270e-08	STATE 3 PHASE 3
388	-1.000000e+00	4.023961e-02	1.000000e+00	1.000000e-04	STATE 4 PHASE 3
389	-1.000000e+00	3.423175e-01	1.000000e+00	1.000000e-04	STATE 5 PHASE 3
390	-1.000000e+00	2.123274e-02	1.000000e+00	1.000000e-04	STATE 6 PHASE 3
391	4.436978e-01	8.388498e-01	1.000000e+00	1.373933e-05	STATE 7 PHASE 3
392	-1.000000e+00	4.446983e-01	1.000000e+00	7.839270e-08	STATE 1 PHASE 3
393	-1.000000e+00	2.717134e-02	1.000000e+00	7.839270e-08	STATE 2 PHASE 3
394	-1.000000e+00	2.414093e-01	1.000000e+00	7.839270e-08	STATE 3 PHASE 3
395	-1.000000e+00	3.662833e-02	1.000000e+00	1.000000e-04	STATE 4 PHASE 3
396	-1.000000e+00	3.615129e-01	1.000000e+00	1.000000e-04	STATE 5 PHASE 3
397	-1.000000e+00	1.923105e-02	1.000000e+00	1.000000e-04	STATE 6 PHASE 3
398	4.436978e-01	7.817498e-01	1.000000e+00	1.373933e-05	STATE 7 PHASE 3
399	-1.000000e+00	4.450233e-01	1.000000e+00	7.839270e-08	STATE 1 PHASE 3
400	-1.000000e+00	3.064672e-02	1.000000e+00	7.839270e-08	STATE 2 PHASE 3
401	-1.000000e+00	2.415794e-01	1.000000e+00	7.839270e-08	STATE 3 PHASE 3
402	-1.000000e+00	3.302982e-02	1.000000e+00	1.000000e-04	STATE 4 PHASE 3
403	-1.000000e+00	3.833171e-01	1.000000e+00	1.000000e-04	STATE 5 PHASE 3
404	-1.000000e+00	1.723079e-02	1.000000e+00	1.000000e-04	STATE 6 PHASE 3
405	4.436978e-01	7.218489e-01	1.000000e+00	1.373933e-05	STATE 7 PHASE 3
406	-1.000000e+00	4.453157e-01	1.000000e+00	7.839270e-08	STATE 1 PHASE 3
407	-1.000000e+00	3.433472e-02	1.000000e+00	7.839270e-08	STATE 2 PHASE 3
408	-1.000000e+00	2.417314e-01	1.000000e+00	7.839270e-08	STATE 3 PHASE 3
409	-1.000000e+00	2.965283e-02	1.000000e+00	1.000000e-04	STATE 4 PHASE 3
410	-1.000000e+00	4.071185e-01	1.000000e+00	1.000000e-04	STATE 5 PHASE 3
411	-1.000000e+00	1.534673e-02	1.000000e+00	1.000000e-04	STATE 6 PHASE 3
412	4.436978e-01	6.619480e-01	1.000000e+00	1.373933e-05	STATE 7 PHASE 3
413	-1.000000e+00	4.455662e-01	1.000000e+00	7.839270e-08	STATE 1 PHASE 3
414	-1.000000e+00	3.806683e-02	1.000000e+00	7.839270e-08	STATE 2 PHASE 3
415	-1.000000e+00	2.418605e-01	1.000000e+00	7.839270e-08	STATE 3 PHASE 3
416	-1.000000e+00	2.667212e-02	1.000000e+00	1.000000e-04	STATE 4 PHASE 3
417	-1.000000e+00	4.320144e-01	1.000000e+00	1.000000e-04	STATE 5 PHASE 3
418	-1.000000e+00	1.367559e-02	1.000000e+00	1.000000e-04	STATE 6 PHASE 3
419	4.436978e-01	6.048480e-01	1.000000e+00	1.373933e-05	STATE 7 PHASE 3
420	-1.000000e+00	4.457707e-01	1.000000e+00	7.839270e-08	STATE 1 PHASE 3
421	-1.000000e+00	4.164103e-02	1.000000e+00	7.839270e-08	STATE 2 PHASE 3
422	-1.000000e+00	2.419648e-01	1.000000e+00	7.839270e-08	STATE 3 PHASE 3
423	-1.000000e+00	2.421082e-02	1.000000e+00	1.000000e-04	STATE 4 PHASE 3
424	-1.000000e+00	4.567422e-01	1.000000e+00	1.000000e-04	STATE 5 PHASE 3
425	-1.000000e+00	1.228701e-02	1.000000e+00	1.000000e-04	STATE 6 PHASE 3
426	4.436978e-01	5.532189e-01	1.000000e+00	1.373933e-05	STATE 7 PHASE 3
427	-1.000000e+00	4.459293e-01	1.000000e+00	7.839270e-08	STATE 1 PHASE 3
428	-1.000000e+00	4.483195e-02	1.000000e+00	7.839270e-08	STATE 2 PHASE 3
429	-1.000000e+00	2.420449e-01	1.000000e+00	7.839270e-08	STATE 3 PHASE 3
430	-1.000000e+00	2.232820e-02	1.000000e+00	1.000000e-04	STATE 4 PHASE 3
431	-1.000000e+00	4.796584e-01	1.000000e+00	1.000000e-04	STATE 5 PHASE 3
432	-1.000000e+00	1.121653e-02	1.000000e+00	1.000000e-04	STATE 6 PHASE 3
433	4.436978e-01	5.094751e-01	1.000000e+00	1.373933e-05	STATE 7 PHASE 3
434	-1.000000e+00	4.460434e-01	1.000000e+00	7.839270e-08	STATE 1 PHASE 3
435	-1.000000e+00	4.740959e-02	1.000000e+00	7.839270e-08	STATE 2 PHASE 3
436	-1.000000e+00	2.421020e-01	1.000000e+00	7.839270e-08	STATE 3 PHASE 3
437	-1.000000e+00	2.102046e-02	1.000000e+00	1.000000e-04	STATE 4 PHASE 3
438	-1.000000e+00	4.988240e-01	1.000000e+00	1.000000e-04	STATE 5 PHASE 3
439	-1.000000e+00	1.046618e-02	1.000000e+00	1.000000e-04	STATE 6 PHASE 3
440	4.436978e-01	4.756624e-01	1.000000e+00	1.373933e-05	STATE 7 PHASE 3
441	-1.000000e+00	4.461151e-01	1.000000e+00	7.839270e-08	STATE 1 PHASE 3
442	-1.000000e+00	4.916624e-02	1.000000e+00	7.839270e-08	STATE 2 PHASE 3
443	-1.000000e+00	2.421376e-01	1.000000e+00	7.839270e-08	STATE 3 PHASE 3
444	-1.000000e+00	2.023754e-02	1.000000e+00	1.000000e-04	STATE 4 PHASE 3
445	-1.000000e+00	5.122549e-01	1.000000e+00	1.000000e-04	STATE 5 PHASE 3
446	-1.000000e+00	1.001289e-02	1.000000e+00	1.000000e-04	STATE 6 PHASE 3
447	4.436978e-01	4.533647e-01	1.000000e+00	1.373933e-05	STATE 7 PHASE 3
448	-1.000000e+00	4.461453e-01	1.000000e+00	7.839270e-08	STATE 1 PHASE 3
449	-1.000000e+00	4.994255e-02	1.000000e+00	7.839270e-08	STATE 2 PHASE 3
450	-1.000000e+00	2.421525e-01	1.000000e+00	7.839270e-08	STATE 3 PHASE 3
451	-1.000000e+00	1.991931e-02	1.000000e+00	1.000000e-04	STATE 4 PHASE 3
452	-1.000000e+00	5.182925e-01	1.000000e+00	1.000000e-04	STATE 5 PHASE 3
453	-1.000000e+00	9.827368e-03	1.000000e+00	1.000000e-04	STATE 6 PHASE 3
454	4.436978e-01	4.436978e-01	1.000000e+00	1.373933e-05	STATE 7 PHASE 3
455	5.762452e-01	5.762452e-01	5.762452e-01	3.831418e-03	t0 PHASE 3
456	1.000000e+00	1.000000e+00	1.000000e+00	3.831418e-03	tf PHASE 3
457	-1.000000e+00	1.972058e-01	1.000000e+00	1.000000e+00	CONTROL 1 PHASE 4
458	-1.000000e+00	9.747211e-01	1.000000e+00	1.000000e+00	CONTROL 2 PHASE 4
459	-1.000000e+00	1.050171e-01	1.000000e+00	1.000000e+00	CONTROL 3 PHASE 4
460	-1.000000e+00	1.832866e-01	1.000000e+00	1.000000e+00	CONTROL 1 PHASE 4
461	-1.000000e+00	9.782145e-01	1.000000e+00	1.000000e+00	CONTROL 2 PHASE 4
462	-1.000000e+00	9.747994e-02	1.000000e+00	1.000000e+00	CONTROL 3 PHASE 4
463	-1.000000e+00	1.507321e-01	1.000000e+00	1.000000e+00	CONTROL 1 PHASE 4
464	-1.000000e+00	9.853485e-01	1.000000e+00	1.000000e+00	CONTROL 2 PHASE 4
465	-1.000000e+00	7.980140e-02	1.000000e+00	1.000000e+00	CONTROL 3 PHASE 4
466	-1.000000e+00	1.003783e-01	1.000000e+00	1.000000e+00	CONTROL 1 PHASE 4
467	-1.000000e+00	9.935653e-01	1.000000e+00	1.000000e+00	CONTROL 2 PHASE 4
468	-1.000000e+00	5.246220e-02	1.000000e+00	1.000000e+00	CONTROL 3 PHASE 4
469	-1.000000e+00	3.361951e-02	1.000000e+00	1.000000e+00	CONTROL 1 PHASE 4
470	-1.000000e+00	9.993029e-01	1.000000e+00	1.000000e+00	CONTROL 2 PHASE 4
471	-1.000000e+00	1.622942e-02	1.000000e+00	1.000000e+00	CONTROL 3 PHASE 4
472	-1.000000e+00	-4.723370e-02	1.000000e+00	1.000000e+00	CONTROL 1 PHASE 4
473	-1.000000e+00	9.985014e-01	1.000000e+00	1.000000e+00	CONTROL 2 PHASE 4
474	-1.000000e+00	-2.764046e-02	1.000000e+00	1.000000e+00	CONTROL 3 PHASE 4
475	-1.000000e+00	-1.385760e-01	1.000000e+00	1.000000e+00	CONTROL 1 PHASE 4
476	-1.000000e+00	9.873403e-01	1.000000e+00	1.000000e+00	CONTROL 2 PHASE 4
477	-1.000000e+00	-7.717371e-02	1.000000e+00	1.000000e+00	CONTROL 3 PHASE 4
478	-1.000000e+00	-2.354558e-01	1.000000e+00	1.000000e+00	CONTROL 1 PHASE 4
479	-1.000000e+00	9.631934e-01	1.000000e+00	1.000000e+00	CONTROL 2 PHASE 4
480	-1.000000e+00	-1.296880e-01	1.000000e+00	1.000000e+00	CONTROL 3 PHASE 4
481	-1.000000e+00	-3.318303e-01	1.000000e+00	1.000000e+00	CONTROL 1 PHASE 4
482	-1.000000e+00	9.256364e-01	1.000000e+00	1.000000e+00	CONTROL 2 PHASE 4
483	-1.000000e+00	-1.818956e-01	1.000000e+00	1.000000e+00	CONTROL 3 PHASE 4
484	-1.000000e+00	-4.214117e-01	1.000000e+00	1.000000e+00	CONTROL 1 PHASE 4
485	-1.000000e+00	8.771136e-01	1.000000e+00	1.000000e+00	CONTROL 2 PHASE 4
486	-1.000000e+00	-2.303994e-01	1.000000e+00	1.000000e+00	CONTROL 3 PHASE 4
487	-1.000000e+00	-4.988638e-01	1.000000e+00	1.000000e+00	CONTROL 1 PHASE 4
488	-1.000000e+00	8.227889e-01	1.000000e+00	1.000000e+00	CONTROL 2 PHASE 4
489	-1.000000e+00	-2.723111e-01	1.000000e+00	1.000000e+00	CONTROL 3 PHASE 4
490	-1.000000e+00	-5.607082e-01	1.000000e+00	1.000000e+00	CONTROL 1 PHASE 4
491	-1.000000e+00	7.694937e-01	1.000000e+00	1.000000e+00	CONTROL 2 PHASE 4
492	-1.000000e+00	-3.057545e-01	1.000000e+00	1.000000e+00	CONTROL 3 PHASE 4
493	-1.000000e+00	-6.055550e-01	1.000000e+00	1.000000e+00	CONTROL 1 PHASE 4
494	-1.000000e+00	7.241606e-01	1.000000e+00	1.000000e+00	CONTROL 2 PHASE 4
495	-1.000000e+00	-3.299918e-01	1.000000e+00	1.000000e+00	CONTROL 3 PHASE 4
496	-1.000000e+00	-6.335286e-01	1.000000e+00	1.000000e+00	CONTROL 1 PHASE 4
497	-1.000000e+00	6.924913e-01	1.000000e+00	1.000000e+00	CONTROL 2 PHASE 4
498	-1.000000e+00	-3.451047e-01	1.000000e+00	1.000000e+00	CONTROL 3 PHASE 4
499	-1.000000e+00	-6.452320e-01	1.000000e+00	1.000000e+00	CONTROL 1 PHASE 4
500	-1.000000e+00	6.783598e-01	1.000000e+00	1.000000e+00	CONTROL 2 PHASE 4
501	-1.000000e+00	-3.514309e-01	1.000000e+00	1.000000e+00	CONTROL 3 PHASE 4
502	-1.000000e+00	4.461453e-01	1.000000e+00	7.839270e-08	STATE 1 PHASE 4
503	-1.000000e+00	4.994255e-02	1.000000e+00	7.839270e-08	STATE 2 PHASE 4
504	-1.000000e+00	2.421525e-01	1.000000e+00	7.839270e-08	STATE 3 PHASE 4
505	-1.000000e+00	1.991931e-02	1.000000e+00	1.000000e-04	STATE 4 PHASE 4
506	-1.000000e+00	5.182925e-01	1.000000e+00	1.000000e-04	STATE 5 PHASE 4
507	-1.000000e+00	9.827368e-03	1.000000e+00	1.000000e-04	STATE 6 PHASE 4
508	1.774633e-01	1.000000e+00	1.000000e+00	4.261848e-05	STATE 7 PHASE 4
509	-1.000000e+00	4.462872e-01	1.000000e+00	7.839270e-08	STATE 1 PHASE 4
510	-1.000000e+00	5.464355e-02	1.000000e+00	7.839270e-08	STATE 2 PHASE 4
511	-1.000000e+00	2.422206e-01	1.000000e+00	7.839270e-08	STATE 3 PHASE 4
512	-1.000000e+00	1.148088e-02	1.000000e+00	1.000000e-04	STATE 4 PHASE 4
513	-1.000000e+00	5.224935e-01	1.000000e+00	1.000000e-04	STATE 5 PHASE 4
514	-1.000000e+00	5.236444e-03	1.000000e+00	1.000000e-04	STATE 6 PHASE 4
515	1.774633e-01	9.881993e-01	1.000000e+00	4.261848e-05	STATE 7 PHASE 4
516	-1.000000e+00	4.463226e-01	1.000000e+00	7.839270e-08	STATE 1 PHASE 4
517	-1.000000e+00	6.563117e-02	1.000000e+00	7.839270e-08	STATE 2 PHASE 4
518	-1.000000e+00	2.422188e-01	1.000000e+00	7.839270e-08	STATE 3 PHASE 4
519	-1.000000e+00	-8.111615e-03	1.000000e+00	1.000000e-04	STATE 4 PHASE 4
520	-1.000000e+00	5.321328e-01	1.000000e+00	1.000000e-04	STATE 5 PHASE 4
521	-1.000000e+00	-5.422402e-03	1.000000e+00	1.000000e-04	STATE 6 PHASE 4
522	1.774633e-01	9.609798e-01	1.000000e+00	4.261848e-05	STATE 7 PHASE 4
523	-1.000000e+00	4.455919e-01	1.000000e+00	7.839270e-08	STATE 1 PHASE 4
524	-1.000000e+00	8.267444e-02	1.000000e+00	7.839270e-08	STATE 2 PHASE 4
525	-1.000000e+00	2.417894e-01	1.000000e+00	7.839270e-08	STATE 3 PHASE 4
526	-1.000000e+00	-3.822972e-02	1.000000e+00	1.000000e-04	STATE 4 PHASE 4
527	-1.000000e+00	5.466189e-01	1.000000e+00	1.000000e-04	STATE 5 PHASE 4
528	-1.000000e+00	-2.180668e-02	1.000000e+00	1.000000e-04	STATE 6 PHASE 4
529	1.774633e-01	9.197034e-01	1.000000e+00	4.261848e-05	STATE 7 PHASE 4
530	-1.000000e+00	4.432181e-01	1.000000e+00	7.839270e-08	STATE 1 PHASE 4
531	-1.000000e+00	1.053982e-01	1.000000e+00	7.839270e-08	STATE 2 PHASE 4
532	-1.000000e+00	2.404568e-01	1.000000e+00	7.839270e-08	STATE 3 PHASE 4
533	-1.000000e+00	-7.810167e-02	1.000000e+00	1.000000e-04	STATE 4 PHASE 4
534	-1.000000e+00	5.651270e-01	1.000000e+00	1.000000e-04	STATE 5 PHASE 4
535	-1.000000e+00	-4.349521e-02	1.000000e+00	1.000000e-04	STATE 6 PHASE 4
536	1.774633e-01	8.663038e-01	1.000000e+00	4.261848e-05	STATE 7 PHASE 4
537	-1.000000e+00	4.382827e-01	1.000000e+00	7.839270e-08	STATE 1 PHASE 4
538	-1.000000e+00	1.331836e-01	1.000000e+00	7.839270e-08	STATE 2 PHASE 4
539	-1.000000e+00	2.377234e-01	1.000000e+00	7.839270e-08	STATE 3 PHASE 4
540	-1.000000e+00	-1.268253e-01	1.000000e+00	1.000000e-04	STATE 4 PHASE 4
541	-1.000000e+00	5.866180e-01	1.000000e+00	1.000000e-04	STATE 5 PHASE 4
542	-1.000000e+00	-6.999568e-02	1.000000e+00	1.000000e-04	STATE 6 PHASE 4
543	1.774633e-01	8.032784e-01	1.000000e+00	4.261848e-05	STATE 7 PHASE 4
544	-1.000000e+00	4.300210e-01	1.000000e+00	7.839270e-08	STATE 1 PHASE 4
545	-1.000000e+00	1.651082e-01	1.000000e+00	7.839270e-08	STATE 2 PHASE 4
546	-1.000000e+00	2.331758e-01	1.000000e+00	7.839270e-08	STATE 3 PHASE 4
547	-1.000000e+00	-1.833551e-01	1.000000e+00	1.000000e-04	STATE 4 PHASE 4
548	-1.000000e+00	6.098877e-01	1.000000e+00	1.000000e-04	STATE 5 PHASE 4
549	-1.000000e+00	-1.007372e-01	1.000000e+00	1.000000e-04	STATE 6 PHASE 4
550	1.774633e-01	7.335745e-01	1.000000e+00	4.261848e-05	STATE 7 PHASE 4
551	-1.000000e+00	4.180131e-01	1.000000e+00	7.839270e-08	STATE 1 PHASE 4
552	-1.000000e+00	1.999157e-01	1.000000e+00	7.839270e-08	STATE 2 PHASE 4
553	-1.000000e+00	2.265885e-01	1.000000e+00	7.839270e-08	STATE 3 PHASE 4
554	-1.000000e+00	-2.463842e-01	1.000000e+00	1.000000e-04	STATE 4 PHASE 4
555	-1.000000e+00	6.336405e-01	1.000000e+00	1.000000e-04	STATE 5 PHASE 4
556	-1.000000e+00	-1.350069e-01	1.000000e+00	1.000000e-04	STATE 6 PHASE 4
557	1.774633e-01	6.604514e-01	1.000000e+00	4.261848e-05	STATE 7 PHASE 4
558	-1.000000e+00	4.023495e-01	1.000000e+00	7.839270e-08	STATE 1 PHASE 4
559	-1.000000e+00	2.360314e-01	1.000000e+00	7.839270e-08	STATE 2 PHASE 4
560	-1.000000e+00	2.180136e-01	1.000000e+00	7.839270e-08	STATE 3 PHASE 4
561	-1.000000e+00	-3.141440e-01	1.000000e+00	1.000000e-04	STATE 4 PHASE 4
562	-1.000000e+00	6.566146e-01	1.000000e+00	1.000000e-04	STATE 5 PHASE 4
563	-1.000000e+00	-1.718413e-01	1.000000e+00	1.000000e-04	STATE 6 PHASE 4
564	1.774633e-01	5.873282e-01	1.000000e+00	4.261848e-05	STATE 7 PHASE 4
565	-1.000000e+00	3.837448e-01	1.000000e+00	7.839270e-08	STATE 1 PHASE 4
566	-1.000000e+00	2.716347e-01	1.000000e+00	7.839270e-08	STATE 2 PHASE 4
567	-1.000000e+00	2.078431e-01	1.000000e+00	7.839270e-08	STATE 3 PHASE 4
568	-1.000000e+00	-3.841812e-01	1.000000e+00	1.000000e-04	STATE 4 PHASE 4
569	-1.000000e+00	6.777467e-01	1.000000e+00	1.000000e-04	STATE 5 PHASE 4
570	-1.000000e+00	-2.099059e-01	1.000000e+00	1.000000e-04	STATE 6 PHASE 4
571	1.774633e-01	5.176243e-01	1.000000e+00	4.261848e-05	STATE 7 PHASE 4
572	-1.000000e+00	3.635690e-01	1.000000e+00	7.839270e-08	STATE 1 PHASE 4
573	-1.000000e+00	3.047828e-01	1.000000e+00	7.839270e-08	STATE 2 PHASE 4
574	-1.000000e+00	1.968245e-01	1.000000e+00	7.839270e-08	STATE 3 PHASE 4
575	-1.000000e+00	-4.531868e-01	1.000000e+00	1.000000e-04	STATE 4 PHASE 4
576	-1.000000e+00	6.962937e-01	1.000000e+00	1.000000e-04	STATE 5 PHASE 4
577	-1.000000e+00	-2.474027e-01	1.000000e+00	1.000000e-04	STATE 6 PHASE 4
578	1.774633e-01	4.545989e-01	1.000000e+00	4.261848e-05	STATE 7 PHASE 4
579	-1.000000e+00	3.437595e-01	1.000000e+00	7.839270e-08	STATE 1 PHASE 4
580	-1.000000e+00	3.335628e-01	1.000000e+00	7.839270e-08	STATE 2 PHASE 4
581	-1.000000e+00	1.860134e-01	1.000000e+00	7.839270e-08	STATE 3 PHASE 4
582	-1.000000e+00	-5.169234e-01	1.000000e+00	1.000000e-04	STATE 4 PHASE 4
583	-1.000000e+00	7.118008e-01	1.000000e+00	1.000000e-04	STATE 5 PHASE 4
584	-1.000000e+00	-2.820310e-01	1.000000e+00	1.000000e-04	STATE 6 PHASE 4
585	1.774633e-01	4.011993e-01	1.000000e+00	4.261848e-05	STATE 7 PHASE 4
586	-1.000000e+00	3.265931e-01	1.000000e+00	7.839270e-08	STATE 1 PHASE 4
587	-1.000000e+00	3.562443e-01	1.000000e+00	7.839270e-08	STATE 2 PHASE 4
588	-1.000000e+00	1.766495e-01	1.000000e+00	7.839270e-08	STATE 3 PHASE 4
589	-1.000000e+00	-5.703203e-01	1.000000e+00	1.000000e-04	STATE 4 PHASE 4
590	-1.000000e+00	7.238934e-01	1.000000e+00	1.000000e-04	STATE 5 PHASE 4
591	-1.000000e+00	-3.110382e-01	1.000000e+00	1.000000e-04	STATE 6 PHASE 4
592	1.774633e-01	3.599230e-01	1.000000e+00	4.261848e-05	STATE 7 PHASE 4
593	-1.000000e+00	3.143213e-01	1.000000e+00	7.839270e-08	STATE 1 PHASE 4
594	-1.000000e+00	3.714126e-01	1.000000e+00	7.839270e-08	STATE 2 PHASE 4
595	-1.000000e+00	1.699576e-01	1.000000e+00	7.839270e-08	STATE 3 PHASE 4
596	-1.000000e+00	-6.079363e-01	1.000000e+00	1.000000e-04	STATE 4 PHASE 4
597	-1.000000e+00	7.320648e-01	1.000000e+00	1.000000e-04	STATE 5 PHASE 4
598	-1.000000e+00	-3.314710e-01	1.000000e+00	1.000000e-04	STATE 6 PHASE 4
599	1.774633e-01	3.327034e-01	1.000000e+00	4.261848e-05	STATE 7 PHASE 4
600	-1.000000e+00	3.087530e-01	1.000000e+00	7.839270e-08	STATE 1 PHASE 4
601	-1.000000e+00	3.780421e-01	1.000000e+00	7.839270e-08	STATE 2 PHASE 4
602	-1.000000e+00	1.669217e-01	1.000000e+00	7.839270e-08	STATE 3 PHASE 4
603	-1.000000e+00	-6.249320e-01	1.000000e+00	1.000000e-04	STATE 4 PHASE 4
604	-1.000000e+00	7.356897e-01	1.000000e+00	1.000000e-04	STATE 5 PHASE 4
605	-1.000000e+00	-3.407026e-01	1.000000e+00	1.000000e-04	STATE 6 PHASE 4
606	1.774633e-01	3.209027e-01	1.000000e+00	4.261848e-05	STATE 7 PHASE 4
607	2.715921e-01	2.715921e-01	2.715921e-01	1.040583e-03	t0 PHASE 4
608	2.715921e-01	9.616455e-01	1.000000e+00	1.040583e-03	tf PHASE 4