
***** Phase 1 differential defect constraints *****
LOWER		G(X)		UPPER		SCALING
0.000000e+00	4.052926e-13	0.000000e+00	2.065468e-04 ***
0.000000e+00	-6.326817e-13	0.000000e+00	2.067283e-04 ***
0.000000e+00	5.937064e-12	0.000000e+00	2.068160e-04 ***
0.000000e+00	-3.156184e-11	0.000000e+00	2.069592e-04 ***
0.000000e+00	-1.447532e-12	0.000000e+00	2.071513e-04 ***
0.000000e+00	6.235039e-13	0.000000e+00	2.073789e-04 ***
0.000000e+00	9.496516e-14	0.000000e+00	2.076184e-04 ***
0.000000e+00	-4.499342e-15	0.000000e+00	2.078353e-04 ***
0.000000e+00	-2.830854e-15	0.000000e+00	2.079888e-04 ***
0.000000e+00	4.289971e-16	0.000000e+00	2.080445e-04 ***
0.000000e+00	3.078684e-13	0.000000e+00	8.717979e-04 ***
0.000000e+00	3.720465e-13	0.000000e+00	8.717314e-04 ***
0.000000e+00	-3.525232e-12	0.000000e+00	8.716564e-04 ***
0.000000e+00	1.861294e-11	0.000000e+00	8.715055e-04 ***
0.000000e+00	7.156133e-13	0.000000e+00	8.712464e-04 ***
0.000000e+00	-3.507268e-13	0.000000e+00	8.708550e-04 ***
0.000000e+00	-5.786146e-14	0.000000e+00	8.703442e-04 ***
0.000000e+00	1.091443e-15	0.000000e+00	8.697940e-04 ***
0.000000e+00	1.354867e-16	0.000000e+00	8.693539e-04 ***
0.000000e+00	-1.136707e-15	0.000000e+00	8.691837e-04 ***
0.000000e+00	-9.079008e-14	0.000000e+00	1.336496e-03 ***
0.000000e+00	-3.250738e-13	0.000000e+00	1.336274e-03 ***
0.000000e+00	3.058543e-12	0.000000e+00	1.336000e-03 ***
0.000000e+00	-1.628516e-11	0.000000e+00	1.335457e-03 ***
0.000000e+00	-6.730614e-13	0.000000e+00	1.334526e-03 ***
0.000000e+00	3.355329e-13	0.000000e+00	1.333123e-03 ***
0.000000e+00	4.837593e-14	0.000000e+00	1.331295e-03 ***
0.000000e+00	-3.288427e-15	0.000000e+00	1.329332e-03 ***
0.000000e+00	-2.504339e-15	0.000000e+00	1.327766e-03 ***
0.000000e+00	-3.258522e-16	0.000000e+00	1.327161e-03 ***
0.000000e+00	4.233407e-14	0.000000e+00	1.831361e-03 ***
0.000000e+00	2.824363e-13	0.000000e+00	1.830865e-03 ***
0.000000e+00	-2.629299e-12	0.000000e+00	1.830146e-03 ***
0.000000e+00	1.422739e-11	0.000000e+00	1.828752e-03 ***
0.000000e+00	5.375584e-13	0.000000e+00	1.826366e-03 ***
0.000000e+00	-2.939522e-13	0.000000e+00	1.822781e-03 ***
0.000000e+00	-4.606747e-14	0.000000e+00	1.818129e-03 ***
0.000000e+00	2.411075e-16	0.000000e+00	1.813152e-03 ***
0.000000e+00	-5.397135e-16	0.000000e+00	1.809195e-03 ***
0.000000e+00	-1.145699e-15	0.000000e+00	1.807670e-03 ***
0.000000e+00	-2.262687e-14	0.000000e+00	2.327282e-03 ***
0.000000e+00	-2.527863e-13	0.000000e+00	2.326459e-03 ***
0.000000e+00	2.320612e-12	0.000000e+00	2.324955e-03 ***
0.000000e+00	-1.287962e-11	0.000000e+00	2.322100e-03 ***
0.000000e+00	-6.242088e-13	0.000000e+00	2.317231e-03 ***
0.000000e+00	2.214445e-13	0.000000e+00	2.309942e-03 ***
0.000000e+00	3.947513e-14	0.000000e+00	2.300528e-03 ***
0.000000e+00	-3.011899e-15	0.000000e+00	2.290508e-03 ***
0.000000e+00	-2.408855e-15	0.000000e+00	2.282578e-03 ***
0.000000e+00	-5.141294e-16	0.000000e+00	2.279530e-03 ***
0.000000e+00	1.295619e-14	0.000000e+00	2.818543e-03 ***
0.000000e+00	2.286167e-13	0.000000e+00	2.817499e-03 ***
0.000000e+00	-2.149808e-12	0.000000e+00	2.814787e-03 ***
0.000000e+00	1.174326e-11	0.000000e+00	2.809723e-03 ***
0.000000e+00	6.790460e-13	0.000000e+00	2.801131e-03 ***
0.000000e+00	-2.045033e-13	0.000000e+00	2.788326e-03 ***
0.000000e+00	-3.834067e-14	0.000000e+00	2.771883e-03 ***
0.000000e+00	-3.142196e-16	0.000000e+00	2.754490e-03 ***
0.000000e+00	-8.381669e-16	0.000000e+00	2.740801e-03 ***
0.000000e+00	-1.045819e-15	0.000000e+00	2.735559e-03 ***
0.000000e+00	-7.289070e-15	0.000000e+00	3.302188e-03 ***
0.000000e+00	-2.108192e-13	0.000000e+00	3.301259e-03 ***
0.000000e+00	1.974574e-12	0.000000e+00	3.296865e-03 ***
0.000000e+00	-1.079081e-11	0.000000e+00	3.288731e-03 ***
0.000000e+00	-6.484844e-13	0.000000e+00	3.275014e-03 ***
0.000000e+00	1.871232e-13	0.000000e+00	3.254683e-03 ***
0.000000e+00	3.409331e-14	0.000000e+00	3.228746e-03 ***
0.000000e+00	-2.976975e-15	0.000000e+00	3.201505e-03 ***
0.000000e+00	-2.412374e-15	0.000000e+00	3.180202e-03 ***
0.000000e+00	-5.875974e-16	0.000000e+00	3.172075e-03 ***
0.000000e+00	3.745256e-15	0.000000e+00	3.775942e-03 ***
0.000000e+00	1.948302e-13	0.000000e+00	3.775727e-03 ***
0.000000e+00	-1.827406e-12	0.000000e+00	3.769175e-03 ***
0.000000e+00	1.012156e-11	0.000000e+00	3.757027e-03 ***
0.000000e+00	6.898930e-13	0.000000e+00	3.736680e-03 ***
0.000000e+00	-1.717071e-13	0.000000e+00	3.706706e-03 ***
0.000000e+00	-3.741342e-14	0.000000e+00	3.668749e-03 ***
0.000000e+00	-5.023424e-16	0.000000e+00	3.629195e-03 ***
0.000000e+00	-9.722107e-16	0.000000e+00	3.598478e-03 ***
0.000000e+00	-1.095491e-15	0.000000e+00	3.586808e-03 ***
0.000000e+00	-1.804794e-15	0.000000e+00	4.237784e-03 ***
0.000000e+00	-1.825964e-13	0.000000e+00	4.239134e-03 ***
0.000000e+00	1.719030e-12	0.000000e+00	4.230009e-03 ***
0.000000e+00	-9.586820e-12	0.000000e+00	4.212855e-03 ***
0.000000e+00	-6.180580e-13	0.000000e+00	4.184326e-03 ***
0.000000e+00	1.828659e-13	0.000000e+00	4.142586e-03 ***
0.000000e+00	3.594445e-14	0.000000e+00	4.090149e-03 ***
0.000000e+00	-2.728038e-15	0.000000e+00	4.035969e-03 ***
0.000000e+00	-2.526864e-15	0.000000e+00	3.994204e-03 ***
0.000000e+00	-7.270245e-16	0.000000e+00	3.978405e-03 ***
0.000000e+00	2.663609e-16	0.000000e+00	4.685870e-03 ***
0.000000e+00	1.707279e-13	0.000000e+00	4.689812e-03 ***
0.000000e+00	-1.634044e-12	0.000000e+00	4.677818e-03 ***
0.000000e+00	9.116592e-12	0.000000e+00	4.654667e-03 ***
0.000000e+00	8.311723e-13	0.000000e+00	4.616420e-03 ***
0.000000e+00	-1.798706e-13	0.000000e+00	4.560874e-03 ***
0.000000e+00	-3.646413e-14	0.000000e+00	4.491682e-03 ***
0.000000e+00	-1.051316e-15	0.000000e+00	4.420827e-03 ***
0.000000e+00	-1.040608e-15	0.000000e+00	4.366628e-03 ***
0.000000e+00	-1.203302e-15	0.000000e+00	4.346217e-03 ***
0.000000e+00	4.341587e-16	0.000000e+00	5.118526e-03 ***
0.000000e+00	-1.616366e-13	0.000000e+00	5.126150e-03 ***
0.000000e+00	1.542388e-12	0.000000e+00	5.111155e-03 ***
0.000000e+00	-8.713903e-12	0.000000e+00	5.081069e-03 ***
0.000000e+00	-4.478507e-13	0.000000e+00	5.031643e-03 ***
0.000000e+00	1.504281e-13	0.000000e+00	4.960419e-03 ***
0.000000e+00	3.498864e-14	0.000000e+00	4.872481e-03 ***
0.000000e+00	-2.265451e-15	0.000000e+00	4.783257e-03 ***
0.000000e+00	-2.639245e-15	0.000000e+00	4.715539e-03 ***
0.000000e+00	-7.347241e-16	0.000000e+00	4.690154e-03 ***
0.000000e+00	-1.413179e-15	0.000000e+00	5.534253e-03 ***
0.000000e+00	1.520121e-13	0.000000e+00	5.546590e-03 ***
0.000000e+00	-1.470812e-12	0.000000e+00	5.528654e-03 ***
0.000000e+00	8.381125e-12	0.000000e+00	5.490803e-03 ***
0.000000e+00	6.688379e-13	0.000000e+00	5.428872e-03 ***
0.000000e+00	-1.328362e-13	0.000000e+00	5.340335e-03 ***
0.000000e+00	-3.490364e-14	0.000000e+00	5.232016e-03 ***
0.000000e+00	-1.278481e-15	0.000000e+00	5.123138e-03 ***
0.000000e+00	-1.171690e-15	0.000000e+00	5.041149e-03 ***
0.000000e+00	-1.203936e-15	0.000000e+00	5.010552e-03 ***
0.000000e+00	1.367158e-15	0.000000e+00	5.931725e-03 ***
0.000000e+00	-1.443577e-13	0.000000e+00	5.949642e-03 ***
0.000000e+00	1.414599e-12	0.000000e+00	5.929013e-03 ***
0.000000e+00	-8.149424e-12	0.000000e+00	5.882729e-03 ***
0.000000e+00	-4.731726e-13	0.000000e+00	5.807158e-03 ***
0.000000e+00	1.381213e-13	0.000000e+00	5.699973e-03 ***
0.000000e+00	3.340293e-14	0.000000e+00	5.570047e-03 ***
0.000000e+00	-2.125298e-15	0.000000e+00	5.440666e-03 ***
0.000000e+00	-2.637969e-15	0.000000e+00	5.343990e-03 ***
0.000000e+00	-8.914851e-16	0.000000e+00	5.308070e-03 ***
0.000000e+00	-1.710679e-15	0.000000e+00	6.309758e-03 ***
0.000000e+00	1.359626e-13	0.000000e+00	6.333909e-03 ***
0.000000e+00	-1.347260e-12	0.000000e+00	6.310998e-03 ***
0.000000e+00	7.910277e-12	0.000000e+00	6.255819e-03 ***
0.000000e+00	5.950843e-13	0.000000e+00	6.165711e-03 ***
0.000000e+00	-1.413871e-13	0.000000e+00	6.038886e-03 ***
0.000000e+00	-3.260275e-14	0.000000e+00	5.886566e-03 ***
0.000000e+00	-1.570642e-15	0.000000e+00	5.736276e-03 ***
0.000000e+00	-1.335451e-15	0.000000e+00	5.624818e-03 ***
0.000000e+00	-1.243059e-15	0.000000e+00	5.583583e-03 ***
0.000000e+00	1.510781e-15	0.000000e+00	6.667274e-03 ***
0.000000e+00	-1.294803e-13	0.000000e+00	6.698111e-03 ***
0.000000e+00	1.255155e-12	0.000000e+00	6.673447e-03 ***
0.000000e+00	-7.419508e-12	0.000000e+00	6.609146e-03 ***
0.000000e+00	-6.886582e-13	0.000000e+00	6.503885e-03 ***
0.000000e+00	1.445269e-13	0.000000e+00	6.356805e-03 ***
0.000000e+00	3.003336e-14	0.000000e+00	6.181749e-03 ***
0.000000e+00	-1.914838e-15	0.000000e+00	6.010568e-03 ***
0.000000e+00	-2.838978e-15	0.000000e+00	5.884533e-03 ***
0.000000e+00	-8.860329e-16	0.000000e+00	5.838094e-03 ***
0.000000e+00	-1.698894e-15	0.000000e+00	7.003330e-03 ***
0.000000e+00	1.220585e-13	0.000000e+00	7.041106e-03 ***
0.000000e+00	-1.224016e-12	0.000000e+00	7.015283e-03 ***
0.000000e+00	7.401556e-12	0.000000e+00	6.941879e-03 ***
0.000000e+00	5.970124e-13	0.000000e+00	6.821162e-03 ***
0.000000e+00	-1.403111e-13	0.000000e+00	6.653606e-03 ***
0.000000e+00	-3.236702e-14	0.000000e+00	6.455914e-03 ***
0.000000e+00	-2.350696e-15	0.000000e+00	6.264256e-03 ***
0.000000e+00	-1.379033e-15	0.000000e+00	6.124111e-03 ***
0.000000e+00	-1.378405e-15	0.000000e+00	6.072669e-03 ***
0.000000e+00	1.349332e-15	0.000000e+00	7.317100e-03 ***
0.000000e+00	-1.159962e-13	0.000000e+00	7.361902e-03 ***
0.000000e+00	1.170015e-12	0.000000e+00	7.335534e-03 ***
0.000000e+00	-7.155601e-12	0.000000e+00	7.253286e-03 ***
0.000000e+00	-5.176509e-13	0.000000e+00	7.117137e-03 ***
0.000000e+00	1.200775e-13	0.000000e+00	6.929280e-03 ***
0.000000e+00	3.154060e-14	0.000000e+00	6.709473e-03 ***
0.000000e+00	-1.199566e-15	0.000000e+00	6.498108e-03 ***
0.000000e+00	-2.936938e-15	0.000000e+00	6.344546e-03 ***
0.000000e+00	-1.069392e-15	0.000000e+00	6.288379e-03 ***
0.000000e+00	-1.192639e-15	0.000000e+00	7.607884e-03 ***
0.000000e+00	1.092748e-13	0.000000e+00	7.659667e-03 ***
0.000000e+00	-1.128015e-12	0.000000e+00	7.633339e-03 ***
0.000000e+00	7.019366e-12	0.000000e+00	7.542728e-03 ***
0.000000e+00	5.450188e-13	0.000000e+00	7.391502e-03 ***
0.000000e+00	-1.360549e-13	0.000000e+00	7.183912e-03 ***
0.000000e+00	-3.049340e-14	0.000000e+00	6.942898e-03 ***
0.000000e+00	-3.051373e-15	0.000000e+00	6.712908e-03 ***
0.000000e+00	-1.378820e-15	0.000000e+00	6.546813e-03 ***
0.000000e+00	-1.390550e-15	0.000000e+00	6.486258e-03 ***
0.000000e+00	1.046553e-15	0.000000e+00	7.875115e-03 ***
0.000000e+00	-1.033792e-13	0.000000e+00	7.933724e-03 ***
0.000000e+00	1.104626e-12	0.000000e+00	7.907968e-03 ***
0.000000e+00	-6.870571e-12	0.000000e+00	7.809664e-03 ***
0.000000e+00	-5.857580e-13	0.000000e+00	7.644037e-03 ***
0.000000e+00	1.277597e-13	0.000000e+00	7.417647e-03 ***
0.000000e+00	3.174563e-14	0.000000e+00	7.156688e-03 ***
0.000000e+00	-1.019668e-15	0.000000e+00	6.909422e-03 ***
0.000000e+00	-3.149846e-15	0.000000e+00	6.731829e-03 ***
0.000000e+00	-1.153442e-15	0.000000e+00	6.667274e-03 ***
0.000000e+00	-3.672874e-16	0.000000e+00	8.118358e-03 ***
0.000000e+00	9.698752e-14	0.000000e+00	8.183551e-03 ***
0.000000e+00	-1.066839e-12	0.000000e+00	8.158830e-03 ***
0.000000e+00	6.662397e-12	0.000000e+00	8.053656e-03 ***
0.000000e+00	6.072469e-13	0.000000e+00	7.874595e-03 ***
0.000000e+00	-1.597606e-13	0.000000e+00	7.630681e-03 ***
0.000000e+00	-3.491363e-14	0.000000e+00	7.351345e-03 ***
0.000000e+00	-3.960413e-15	0.000000e+00	7.088371e-03 ***
0.000000e+00	-1.502901e-15	0.000000e+00	6.900436e-03 ***
0.000000e+00	-1.400262e-15	0.000000e+00	6.832308e-03 ***
0.000000e+00	7.428177e-16	0.000000e+00	8.337329e-03 ***
0.000000e+00	-9.159545e-14	0.000000e+00	8.408774e-03 ***
0.000000e+00	1.018026e-12	0.000000e+00	8.385470e-03 ***
0.000000e+00	-6.497453e-12	0.000000e+00	8.274367e-03 ***
0.000000e+00	-6.549954e-13	0.000000e+00	8.083099e-03 ***
0.000000e+00	1.507538e-13	0.000000e+00	7.823233e-03 ***
0.000000e+00	3.265398e-14	0.000000e+00	7.527351e-03 ***
0.000000e+00	-1.167189e-17	0.000000e+00	7.250416e-03 ***
0.000000e+00	-3.154062e-15	0.000000e+00	7.053383e-03 ***
0.000000e+00	-1.363334e-15	0.000000e+00	6.982131e-03 ***
0.000000e+00	1.827678e-15	0.000000e+00	8.531879e-03 ***
0.000000e+00	8.554391e-14	0.000000e+00	8.609158e-03 ***
0.000000e+00	-9.694060e-13	0.000000e+00	8.587576e-03 ***
0.000000e+00	6.400860e-12	0.000000e+00	8.471561e-03 ***
0.000000e+00	7.424615e-13	0.000000e+00	8.269531e-03 ***
0.000000e+00	-1.335506e-13	0.000000e+00	7.995540e-03 ***
0.000000e+00	-3.705955e-14	0.000000e+00	7.685155e-03 ***
0.000000e+00	-3.985385e-15	0.000000e+00	7.396138e-03 ***
0.000000e+00	-1.702581e-15	0.000000e+00	7.191317e-03 ***
0.000000e+00	-1.438147e-15	0.000000e+00	7.117405e-03 ***
0.000000e+00	3.473182e-15	0.000000e+00	8.701987e-03 ***
0.000000e+00	-7.966869e-14	0.000000e+00	8.784597e-03 ***
0.000000e+00	9.214169e-13	0.000000e+00	8.764967e-03 ***
0.000000e+00	-6.215081e-12	0.000000e+00	8.645105e-03 ***
0.000000e+00	-7.550088e-13	0.000000e+00	8.433927e-03 ***
0.000000e+00	1.478404e-13	0.000000e+00	8.147842e-03 ***
0.000000e+00	3.043705e-14	0.000000e+00	7.825161e-03 ***
0.000000e+00	6.506910e-16	0.000000e+00	7.526040e-03 ***
0.000000e+00	-3.185274e-15	0.000000e+00	7.314780e-03 ***
0.000000e+00	-1.415236e-15	0.000000e+00	7.238680e-03 ***
0.000000e+00	1.795967e-13	0.000000e+00	8.847764e-03 ***
0.000000e+00	7.403513e-14	0.000000e+00	8.935104e-03 ***
0.000000e+00	-8.802395e-13	0.000000e+00	8.917587e-03 ***
0.000000e+00	6.131495e-12	0.000000e+00	8.794957e-03 ***
0.000000e+00	6.928579e-13	0.000000e+00	8.576371e-03 ***
0.000000e+00	-1.156900e-13	0.000000e+00	8.280375e-03 ***
0.000000e+00	-3.874296e-14	0.000000e+00	7.947721e-03 ***
0.000000e+00	-4.875430e-15	0.000000e+00	7.640533e-03 ***
0.000000e+00	-2.003963e-15	0.000000e+00	7.424204e-03 ***
0.000000e+00	-1.485232e-15	0.000000e+00	7.346391e-03 ***
0.000000e+00	4.324228e-14	0.000000e+00	8.969402e-03 ***
0.000000e+00	-5.692229e-14	0.000000e+00	9.060809e-03 ***
0.000000e+00	8.593396e-13	0.000000e+00	9.045489e-03 ***
0.000000e+00	-6.187963e-12	0.000000e+00	8.921163e-03 ***
0.000000e+00	-7.488651e-13	0.000000e+00	8.696985e-03 ***
0.000000e+00	1.314010e-13	0.000000e+00	8.393361e-03 ***
0.000000e+00	3.285343e-14	0.000000e+00	8.053132e-03 ***
0.000000e+00	8.672551e-16	0.000000e+00	7.739945e-03 ***
0.000000e+00	-3.143527e-15	0.000000e+00	7.519918e-03 ***
0.000000e+00	-1.515279e-15	0.000000e+00	7.440874e-03 ***
0.000000e+00	2.375456e-13	0.000000e+00	9.066937e-03 ***
0.000000e+00	6.252787e-14	0.000000e+00	9.161911e-03 ***
0.000000e+00	-8.091095e-13	0.000000e+00	9.148829e-03 ***
0.000000e+00	6.004155e-12	0.000000e+00	9.023844e-03 ***
0.000000e+00	7.692136e-13	0.000000e+00	8.795924e-03 ***
0.000000e+00	-1.241118e-13	0.000000e+00	8.487011e-03 ***
0.000000e+00	-3.945038e-14	0.000000e+00	8.141631e-03 ***
0.000000e+00	-6.099328e-15	0.000000e+00	7.824513e-03 ***
0.000000e+00	-2.028785e-15	0.000000e+00	7.602151e-03 ***
0.000000e+00	-1.509950e-15	0.000000e+00	7.522354e-03 ***
0.000000e+00	1.518022e-13	0.000000e+00	9.140615e-03 ***
0.000000e+00	-6.072627e-14	0.000000e+00	9.238639e-03 ***
0.000000e+00	7.724166e-13	0.000000e+00	9.227832e-03 ***
0.000000e+00	-5.924552e-12	0.000000e+00	9.103185e-03 ***
0.000000e+00	-7.120389e-13	0.000000e+00	8.873369e-03 ***
0.000000e+00	1.085979e-13	0.000000e+00	8.561511e-03 ***
0.000000e+00	4.082980e-14	0.000000e+00	8.213399e-03 ***
0.000000e+00	1.707989e-15	0.000000e+00	7.894393e-03 ***
0.000000e+00	-3.131111e-15	0.000000e+00	7.671030e-03 ***
0.000000e+00	-1.572176e-15	0.000000e+00	7.590940e-03 ***
0.000000e+00	-2.778044e-14	0.000000e+00	9.190962e-03 ***
0.000000e+00	5.969532e-14	0.000000e+00	9.291302e-03 ***
0.000000e+00	-7.404696e-13	0.000000e+00	9.282781e-03 ***
0.000000e+00	5.924356e-12	0.000000e+00	9.159421e-03 ***
0.000000e+00	8.560020e-13	0.000000e+00	8.929514e-03 ***
0.000000e+00	-1.211160e-13	0.000000e+00	8.617024e-03 ***
0.000000e+00	-3.893844e-14	0.000000e+00	8.268555e-03 ***
0.000000e+00	-6.405833e-15	0.000000e+00	7.949658e-03 ***
0.000000e+00	-2.299184e-15	0.000000e+00	7.726596e-03 ***
0.000000e+00	-1.554426e-15	0.000000e+00	7.646655e-03 ***
0.000000e+00	-1.560904e-14	0.000000e+00	9.218354e-03 ***
0.000000e+00	-5.232984e-14	0.000000e+00	9.320283e-03 ***
0.000000e+00	7.273233e-13	0.000000e+00	9.314006e-03 ***
0.000000e+00	-5.882887e-12	0.000000e+00	9.192820e-03 ***
0.000000e+00	-8.319707e-13	0.000000e+00	8.964561e-03 ***
0.000000e+00	9.784516e-14	0.000000e+00	8.653684e-03 ***
0.000000e+00	3.670664e-14	0.000000e+00	8.307161e-03 ***
0.000000e+00	2.293159e-15	0.000000e+00	7.990305e-03 ***
0.000000e+00	-3.058245e-15	0.000000e+00	7.768801e-03 ***
0.000000e+00	-1.705477e-15	0.000000e+00	7.689436e-03 ***
0.000000e+00	9.212501e-14	0.000000e+00	9.223201e-03 ***
0.000000e+00	5.375442e-14	0.000000e+00	9.325977e-03 ***
0.000000e+00	-7.092244e-13	0.000000e+00	9.321872e-03 ***
0.000000e+00	5.777274e-12	0.000000e+00	9.203673e-03 ***
0.000000e+00	8.636798e-13	0.000000e+00	8.978711e-03 ***
0.000000e+00	-9.514764e-14	0.000000e+00	8.671593e-03 ***
0.000000e+00	-4.354621e-14	0.000000e+00	8.329224e-03 ***
0.000000e+00	-6.810598e-15	0.000000e+00	8.016258e-03 ***
0.000000e+00	-2.475031e-15	0.000000e+00	7.797515e-03 ***
0.000000e+00	-1.666000e-15	0.000000e+00	7.719135e-03 ***
0.000000e+00	9.097425e-14	0.000000e+00	9.205968e-03 ***
0.000000e+00	-4.660395e-14	0.000000e+00	9.308801e-03 ***
0.000000e+00	6.656651e-13	0.000000e+00	9.306760e-03 ***
0.000000e+00	-5.633609e-12	0.000000e+00	9.192281e-03 ***
0.000000e+00	-8.659742e-13	0.000000e+00	8.972154e-03 ***
0.000000e+00	8.702316e-14	0.000000e+00	8.670818e-03 ***
0.000000e+00	3.976507e-14	0.000000e+00	8.334691e-03 ***
0.000000e+00	2.780375e-15	0.000000e+00	8.027372e-03 ***
0.000000e+00	-2.955765e-15	0.000000e+00	7.812535e-03 ***
0.000000e+00	-1.654942e-15	0.000000e+00	7.735543e-03 ***
0.000000e+00	3.031920e-13	0.000000e+00	9.167036e-03 ***
0.000000e+00	4.504103e-14	0.000000e+00	9.269181e-03 ***
0.000000e+00	-6.300566e-13	0.000000e+00	9.269057e-03 ***
0.000000e+00	5.698383e-12	0.000000e+00	9.158946e-03 ***
0.000000e+00	8.653441e-13	0.000000e+00	8.945062e-03 ***
0.000000e+00	-6.827695e-14	0.000000e+00	8.651390e-03 ***
0.000000e+00	-4.213155e-14	0.000000e+00	8.323457e-03 ***
0.000000e+00	-7.238257e-15	0.000000e+00	8.023434e-03 ***
0.000000e+00	-2.592253e-15	0.000000e+00	7.813584e-03 ***
0.000000e+00	-1.693991e-15	0.000000e+00	7.738363e-03 ***
0.000000e+00	2.524816e-14	0.000000e+00	9.106806e-03 ***
0.000000e+00	-3.682976e-14	0.000000e+00	9.207517e-03 ***
0.000000e+00	5.910402e-13	0.000000e+00	9.209143e-03 ***
0.000000e+00	-5.684291e-12	0.000000e+00	9.103957e-03 ***
0.000000e+00	-8.613651e-13	0.000000e+00	8.897588e-03 ***
0.000000e+00	6.953978e-14	0.000000e+00	8.613300e-03 ***
0.000000e+00	4.182783e-14	0.000000e+00	8.295365e-03 ***
0.000000e+00	3.496138e-15	0.000000e+00	8.004172e-03 ***
0.000000e+00	-2.830768e-15	0.000000e+00	7.800319e-03 ***
0.000000e+00	-1.823881e-15	0.000000e+00	7.727215e-03 ***
0.000000e+00	1.651349e-13	0.000000e+00	9.025668e-03 ***
0.000000e+00	3.621385e-14	0.000000e+00	9.124194e-03 ***
0.000000e+00	-5.681092e-13	0.000000e+00	9.127379e-03 ***
0.000000e+00	5.631586e-12	0.000000e+00	9.027586e-03 ***
0.000000e+00	9.801995e-13	0.000000e+00	8.829852e-03 ***
0.000000e+00	-3.707120e-14	0.000000e+00	8.556497e-03 ***
0.000000e+00	-4.529559e-14	0.000000e+00	8.250201e-03 ***
0.000000e+00	-7.539079e-15	0.000000e+00	7.969251e-03 ***
0.000000e+00	-2.610495e-15	0.000000e+00	7.772333e-03 ***
0.000000e+00	-1.651756e-15	0.000000e+00	7.701667e-03 ***
0.000000e+00	-6.437612e-14	0.000000e+00	8.923905e-03 ***
0.000000e+00	-2.614536e-14	0.000000e+00	9.019570e-03 ***
0.000000e+00	5.426433e-13	0.000000e+00	9.024100e-03 ***
0.000000e+00	-5.599149e-12	0.000000e+00	8.930077e-03 ***
0.000000e+00	-9.929293e-13	0.000000e+00	8.741947e-03 ***
0.000000e+00	3.163163e-14	0.000000e+00	8.480891e-03 ***
0.000000e+00	3.968410e-14	0.000000e+00	8.187708e-03 ***
0.000000e+00	3.974328e-15	0.000000e+00	7.918282e-03 ***
0.000000e+00	-2.588271e-15	0.000000e+00	7.729159e-03 ***
0.000000e+00	-1.725588e-15	0.000000e+00	7.661228e-03 ***
0.000000e+00	5.687228e-14	0.000000e+00	8.801794e-03 ***
0.000000e+00	2.945841e-14	0.000000e+00	8.893953e-03 ***
0.000000e+00	-5.113542e-13	0.000000e+00	8.899611e-03 ***
0.000000e+00	5.616534e-12	0.000000e+00	8.811645e-03 ***
0.000000e+00	9.428081e-13	0.000000e+00	8.633931e-03 ***
0.000000e+00	-2.758663e-14	0.000000e+00	8.386354e-03 ***
0.000000e+00	-4.538280e-14	0.000000e+00	8.107577e-03 ***
0.000000e+00	-7.838119e-15	0.000000e+00	7.850822e-03 ***
0.000000e+00	-2.778252e-15	0.000000e+00	7.670273e-03 ***
0.000000e+00	-1.721868e-15	0.000000e+00	7.605349e-03 ***
0.000000e+00	3.166626e-14	0.000000e+00	8.659561e-03 ***
0.000000e+00	-1.291574e-14	0.000000e+00	8.747623e-03 ***
0.000000e+00	4.982064e-13	0.000000e+00	8.754178e-03 ***
0.000000e+00	-5.501623e-12	0.000000e+00	8.672471e-03 ***
0.000000e+00	-9.551185e-13	0.000000e+00	8.505828e-03 ***
0.000000e+00	9.020158e-15	0.000000e+00	8.272717e-03 ***
0.000000e+00	4.259411e-14	0.000000e+00	8.009459e-03 ***
0.000000e+00	4.513941e-15	0.000000e+00	7.766379e-03 ***
0.000000e+00	-2.428489e-15	0.000000e+00	7.595100e-03 ***
0.000000e+00	-1.702033e-15	0.000000e+00	7.533439e-03 ***
0.000000e+00	4.522014e-14	0.000000e+00	8.497330e-03 ***
0.000000e+00	3.256719e-14	0.000000e+00	8.580807e-03 ***
0.000000e+00	-4.646640e-13	0.000000e+00	8.588031e-03 ***
0.000000e+00	5.594631e-12	0.000000e+00	8.512704e-03 ***
0.000000e+00	1.025149e-12	0.000000e+00	8.357630e-03 ***
0.000000e+00	-2.651221e-15	0.000000e+00	8.139780e-03 ***
0.000000e+00	-3.982870e-14	0.000000e+00	7.892964e-03 ***
0.000000e+00	-8.418378e-15	0.000000e+00	7.664418e-03 ***
0.000000e+00	-2.722042e-15	0.000000e+00	7.503014e-03 ***
0.000000e+00	-1.722103e-15	0.000000e+00	7.444840e-03 ***
0.000000e+00	4.950657e-13	0.000000e+00	8.315271e-03 ***
0.000000e+00	1.911673e-14	0.000000e+00	8.393691e-03 ***
0.000000e+00	4.454457e-13	0.000000e+00	8.401364e-03 ***
0.000000e+00	-5.595541e-12	0.000000e+00	8.332460e-03 ***
0.000000e+00	-1.008312e-12	0.000000e+00	8.189300e-03 ***
0.000000e+00	-1.760498e-14	0.000000e+00	7.987310e-03 ***
0.000000e+00	4.190164e-14	0.000000e+00	7.757669e-03 ***
0.000000e+00	5.041157e-15	0.000000e+00	7.544365e-03 ***
0.000000e+00	-2.010204e-15	0.000000e+00	7.393348e-03 ***
0.000000e+00	-1.718361e-15	0.000000e+00	7.338845e-03 ***
0.000000e+00	1.063915e-13	0.000000e+00	8.113434e-03 ***
0.000000e+00	7.118685e-14	0.000000e+00	8.186432e-03 ***
0.000000e+00	-4.142020e-13	0.000000e+00	8.194338e-03 ***
0.000000e+00	5.635821e-12	0.000000e+00	8.131827e-03 ***
0.000000e+00	1.159233e-12	0.000000e+00	8.000780e-03 ***
0.000000e+00	3.219213e-14	0.000000e+00	7.815054e-03 ***
0.000000e+00	-3.876194e-14	0.000000e+00	7.603127e-03 ***
0.000000e+00	-8.114794e-15	0.000000e+00	7.405615e-03 ***
0.000000e+00	-2.739287e-15	0.000000e+00	7.265400e-03 ***
0.000000e+00	-1.562740e-15	0.000000e+00	7.214718e-03 ***
0.000000e+00	2.968363e-12	0.000000e+00	7.891858e-03 ***
0.000000e+00	1.489411e-13	0.000000e+00	7.959150e-03 ***
0.000000e+00	4.201625e-13	0.000000e+00	7.967090e-03 ***
0.000000e+00	-5.645614e-12	0.000000e+00	7.910877e-03 ***
0.000000e+00	-1.134671e-12	0.000000e+00	7.791993e-03 ***
0.000000e+00	-5.028260e-14	0.000000e+00	7.622745e-03 ***
0.000000e+00	3.849122e-14	0.000000e+00	7.428873e-03 ***
0.000000e+00	5.582785e-15	0.000000e+00	7.247541e-03 ***
0.000000e+00	-1.741439e-15	0.000000e+00	7.118442e-03 ***
0.000000e+00	-1.533724e-15	0.000000e+00	7.071697e-03 ***
0.000000e+00	1.087023e-12	0.000000e+00	7.650567e-03 ***
0.000000e+00	3.867575e-13	0.000000e+00	7.711946e-03 ***
0.000000e+00	-3.475893e-13	0.000000e+00	7.719739e-03 ***
0.000000e+00	5.674263e-12	0.000000e+00	7.669667e-03 ***
0.000000e+00	1.146455e-12	0.000000e+00	7.562861e-03 ***
0.000000e+00	2.669746e-14	0.000000e+00	7.410114e-03 ***
0.000000e+00	-3.398975e-14	0.000000e+00	7.234441e-03 ***
0.000000e+00	-8.620361e-15	0.000000e+00	7.069510e-03 ***
0.000000e+00	-2.563427e-15	0.000000e+00	6.951728e-03 ***
0.000000e+00	-1.613113e-15	0.000000e+00	6.909003e-03 ***
0.000000e+00	2.339371e-12	0.000000e+00	7.389561e-03 ***
0.000000e+00	4.341146e-13	0.000000e+00	7.444918e-03 ***
0.000000e+00	4.301035e-13	0.000000e+00	7.452404e-03 ***
0.000000e+00	-5.727464e-12	0.000000e+00	7.408259e-03 ***
0.000000e+00	-1.163410e-12	0.000000e+00	7.313311e-03 ***
0.000000e+00	-5.604661e-14	0.000000e+00	7.176905e-03 ***
0.000000e+00	3.954283e-14	0.000000e+00	7.019372e-03 ***
0.000000e+00	6.012850e-15	0.000000e+00	6.870891e-03 ***
0.000000e+00	-1.271370e-15	0.000000e+00	6.764516e-03 ***
0.000000e+00	-1.437250e-15	0.000000e+00	6.725860e-03 ***
0.000000e+00	8.818809e-13	0.000000e+00	7.108847e-03 ***
0.000000e+00	5.947732e-13	0.000000e+00	7.158168e-03 ***
0.000000e+00	-2.391145e-13	0.000000e+00	7.165212e-03 ***
0.000000e+00	5.833845e-12	0.000000e+00	7.126730e-03 ***
0.000000e+00	1.208587e-12	0.000000e+00	7.043297e-03 ***
0.000000e+00	7.158572e-14	0.000000e+00	6.922887e-03 ***
0.000000e+00	-3.487286e-14	0.000000e+00	6.783239e-03 ***
0.000000e+00	-8.301665e-15	0.000000e+00	6.651079e-03 ***
0.000000e+00	-2.394697e-15	0.000000e+00	6.556082e-03 ***
0.000000e+00	-1.506167e-15	0.000000e+00	6.521497e-03 ***
0.000000e+00	1.354842e-12	0.000000e+00	6.808483e-03 ***
0.000000e+00	5.231527e-13	0.000000e+00	6.851825e-03 ***
0.000000e+00	4.509845e-13	0.000000e+00	6.858319e-03 ***
0.000000e+00	-5.845748e-12	0.000000e+00	6.825191e-03 ***
0.000000e+00	-1.323161e-12	0.000000e+00	6.752810e-03 ***
0.000000e+00	-6.899464e-14	0.000000e+00	6.647880e-03 ***
0.000000e+00	3.404250e-14	0.000000e+00	6.525662e-03 ***
0.000000e+00	6.512555e-15	0.000000e+00	6.409515e-03 ***
0.000000e+00	-9.329156e-16	0.000000e+00	6.325741e-03 ***
0.000000e+00	-1.265544e-15	0.000000e+00	6.295184e-03 ***
0.000000e+00	8.452132e-13	0.000000e+00	6.488545e-03 ***
0.000000e+00	6.026138e-13	0.000000e+00	6.526066e-03 ***
0.000000e+00	-1.477298e-13	0.000000e+00	6.531928e-03 ***
0.000000e+00	6.024428e-12	0.000000e+00	6.503805e-03 ***
0.000000e+00	1.238790e-12	0.000000e+00	6.441906e-03 ***
0.000000e+00	7.879773e-14	0.000000e+00	6.351774e-03 ***
0.000000e+00	-3.276092e-14	0.000000e+00	6.246337e-03 ***
0.000000e+00	-8.504752e-15	0.000000e+00	6.145712e-03 ***
0.000000e+00	-2.143362e-15	0.000000e+00	6.072881e-03 ***
0.000000e+00	-1.414030e-15	0.000000e+00	6.046261e-03 ***
0.000000e+00	1.713026e-12	0.000000e+00	6.149196e-03 ***
0.000000e+00	5.527671e-13	0.000000e+00	6.181132e-03 ***
0.000000e+00	4.804541e-13	0.000000e+00	6.186308e-03 ***
0.000000e+00	-6.035427e-12	0.000000e+00	6.162810e-03 ***
0.000000e+00	-1.157337e-12	0.000000e+00	6.110723e-03 ***
0.000000e+00	-1.120152e-13	0.000000e+00	6.034551e-03 ***
0.000000e+00	3.324151e-14	0.000000e+00	5.945059e-03 ***
0.000000e+00	6.941365e-15	0.000000e+00	5.859288e-03 ***
0.000000e+00	-5.295176e-16	0.000000e+00	5.796987e-03 ***
0.000000e+00	-1.154472e-15	0.000000e+00	5.774168e-03 ***
0.000000e+00	5.978932e-13	0.000000e+00	5.790690e-03 ***
0.000000e+00	6.340936e-13	0.000000e+00	5.817356e-03 ***
0.000000e+00	-8.636650e-14	0.000000e+00	5.821820e-03 ***
0.000000e+00	6.314966e-12	0.000000e+00	5.802537e-03 ***
0.000000e+00	1.363470e-12	0.000000e+00	5.759508e-03 ***
0.000000e+00	1.005009e-13	0.000000e+00	5.696316e-03 ***
0.000000e+00	-2.909290e-14	0.000000e+00	5.621758e-03 ***
0.000000e+00	-8.587837e-15	0.000000e+00	5.549995e-03 ***
0.000000e+00	-1.872907e-15	0.000000e+00	5.497684e-03 ***
0.000000e+00	-1.159674e-15	0.000000e+00	5.478484e-03 ***
0.000000e+00	1.626388e-12	0.000000e+00	5.413399e-03 ***
0.000000e+00	5.297891e-13	0.000000e+00	5.435182e-03 ***
0.000000e+00	4.801532e-13	0.000000e+00	5.438933e-03 ***
0.000000e+00	-6.381726e-12	0.000000e+00	5.423436e-03 ***
0.000000e+00	-1.363662e-12	0.000000e+00	5.388636e-03 ***
0.000000e+00	-1.050477e-13	0.000000e+00	5.337323e-03 ***
0.000000e+00	3.098517e-14	0.000000e+00	5.276527e-03 ***
0.000000e+00	7.485706e-15	0.000000e+00	5.217764e-03 ***
0.000000e+00	-1.383147e-16	0.000000e+00	5.174778e-03 ***
0.000000e+00	-9.469880e-16	0.000000e+00	5.158969e-03 ***
0.000000e+00	1.006027e-12	0.000000e+00	5.017848e-03 ***
0.000000e+00	6.464678e-13	0.000000e+00	5.035191e-03 ***
0.000000e+00	-5.535663e-14	0.000000e+00	5.038253e-03 ***
0.000000e+00	6.569597e-12	0.000000e+00	5.026098e-03 ***
0.000000e+00	1.431423e-12	0.000000e+00	4.998643e-03 ***
0.000000e+00	9.876297e-14	0.000000e+00	4.958004e-03 ***
0.000000e+00	-2.766546e-14	0.000000e+00	4.909659e-03 ***
0.000000e+00	-8.764761e-15	0.000000e+00	4.862739e-03 ***
0.000000e+00	-1.696862e-15	0.000000e+00	4.828297e-03 ***
0.000000e+00	-1.027444e-15	0.000000e+00	4.815605e-03 ***
0.000000e+00	1.214364e-12	0.000000e+00	4.604724e-03 ***
0.000000e+00	5.106433e-13	0.000000e+00	4.618123e-03 ***
0.000000e+00	4.595717e-13	0.000000e+00	4.620541e-03 ***
0.000000e+00	-6.944949e-12	0.000000e+00	4.611279e-03 ***
0.000000e+00	-1.420761e-12	0.000000e+00	4.590246e-03 ***
0.000000e+00	-1.101049e-13	0.000000e+00	4.558999e-03 ***
0.000000e+00	2.899775e-14	0.000000e+00	4.521682e-03 ***
0.000000e+00	8.243782e-15	0.000000e+00	4.485322e-03 ***
0.000000e+00	3.336284e-16	0.000000e+00	4.458542e-03 ***
0.000000e+00	-6.775071e-16	0.000000e+00	4.448654e-03 ***
0.000000e+00	1.672181e-12	0.000000e+00	4.174916e-03 ***
0.000000e+00	6.281028e-13	0.000000e+00	4.184900e-03 ***
0.000000e+00	-4.176753e-14	0.000000e+00	4.186735e-03 ***
0.000000e+00	7.180922e-12	0.000000e+00	4.179921e-03 ***
0.000000e+00	1.644706e-12	0.000000e+00	4.164368e-03 ***
0.000000e+00	1.305901e-13	0.000000e+00	4.141184e-03 ***
0.000000e+00	-2.813842e-14	0.000000e+00	4.113396e-03 ***
0.000000e+00	-8.816851e-15	0.000000e+00	4.086218e-03 ***
0.000000e+00	-1.445992e-15	0.000000e+00	4.066136e-03 ***
0.000000e+00	-8.736145e-16	0.000000e+00	4.058708e-03 ***
0.000000e+00	6.260556e-13	0.000000e+00	3.729533e-03 ***
0.000000e+00	4.851281e-13	0.000000e+00	3.736648e-03 ***
0.000000e+00	4.709282e-13	0.000000e+00	3.737977e-03 ***
0.000000e+00	-7.364744e-12	0.000000e+00	3.733175e-03 ***
0.000000e+00	-1.578361e-12	0.000000e+00	3.722166e-03 ***
0.000000e+00	-1.194176e-13	0.000000e+00	3.705704e-03 ***
0.000000e+00	2.774617e-14	0.000000e+00	3.685906e-03 ***
0.000000e+00	9.185064e-15	0.000000e+00	3.666474e-03 ***
0.000000e+00	6.890312e-16	0.000000e+00	3.652073e-03 ***
0.000000e+00	-4.807820e-16	0.000000e+00	3.646736e-03 ***
0.000000e+00	1.509498e-12	0.000000e+00	3.269940e-03 ***
0.000000e+00	5.430388e-13	0.000000e+00	3.274734e-03 ***
0.000000e+00	-5.965249e-14	0.000000e+00	3.275642e-03 ***
0.000000e+00	7.893594e-12	0.000000e+00	3.272438e-03 ***
0.000000e+00	1.771708e-12	0.000000e+00	3.265064e-03 ***
0.000000e+00	1.350520e-13	0.000000e+00	3.254007e-03 ***
0.000000e+00	-3.036167e-14	0.000000e+00	3.240668e-03 ***
0.000000e+00	-9.335277e-15	0.000000e+00	3.227533e-03 ***
0.000000e+00	-1.347705e-15	0.000000e+00	3.217772e-03 ***
0.000000e+00	-7.152902e-16	0.000000e+00	3.214149e-03 ***
0.000000e+00	2.259851e-13	0.000000e+00	2.797815e-03 ***
0.000000e+00	3.833600e-13	0.000000e+00	2.800817e-03 ***
0.000000e+00	4.414302e-13	0.000000e+00	2.801392e-03 ***
0.000000e+00	-8.419583e-12	0.000000e+00	2.799403e-03 ***
0.000000e+00	-2.052285e-12	0.000000e+00	2.794809e-03 ***
0.000000e+00	-1.244984e-13	0.000000e+00	2.787903e-03 ***
0.000000e+00	3.099956e-14	0.000000e+00	2.779549e-03 ***
0.000000e+00	1.020963e-14	0.000000e+00	2.771299e-03 ***
0.000000e+00	1.250577e-15	0.000000e+00	2.765153e-03 ***
0.000000e+00	-2.330840e-16	0.000000e+00	2.762868e-03 ***
0.000000e+00	1.151517e-12	0.000000e+00	2.315288e-03 ***
0.000000e+00	4.140554e-13	0.000000e+00	2.316989e-03 ***
0.000000e+00	-1.278262e-13	0.000000e+00	2.317318e-03 ***
0.000000e+00	9.362700e-12	0.000000e+00	2.316199e-03 ***
0.000000e+00	2.082410e-12	0.000000e+00	2.313607e-03 ***
0.000000e+00	1.526799e-13	0.000000e+00	2.309702e-03 ***
0.000000e+00	-3.365149e-14	0.000000e+00	2.304968e-03 ***
0.000000e+00	-1.080728e-14	0.000000e+00	2.300281e-03 ***
0.000000e+00	-1.481451e-15	0.000000e+00	2.296782e-03 ***
0.000000e+00	-5.172169e-16	0.000000e+00	2.295479e-03 ***
0.000000e+00	-1.077405e-14	0.000000e+00	1.825389e-03 ***
0.000000e+00	2.357066e-13	0.000000e+00	1.826222e-03 ***
0.000000e+00	4.253824e-13	0.000000e+00	1.826384e-03 ***
0.000000e+00	-1.020464e-11	0.000000e+00	1.825839e-03 ***
0.000000e+00	-2.461027e-12	0.000000e+00	1.824574e-03 ***
0.000000e+00	-1.618586e-13	0.000000e+00	1.822664e-03 ***
0.000000e+00	3.616509e-14	0.000000e+00	1.820343e-03 ***
0.000000e+00	1.208772e-14	0.000000e+00	1.818042e-03 ***
0.000000e+00	1.432309e-15	0.000000e+00	1.816320e-03 ***
0.000000e+00	1.000597e-16	0.000000e+00	1.815679e-03 ***
0.000000e+00	5.957690e-13	0.000000e+00	1.334138e-03 ***
0.000000e+00	2.717465e-13	0.000000e+00	1.334463e-03 ***
0.000000e+00	-2.494910e-13	0.000000e+00	1.334527e-03 ***
0.000000e+00	1.165181e-11	0.000000e+00	1.334315e-03 ***
0.000000e+00	2.705492e-12	0.000000e+00	1.333822e-03 ***
0.000000e+00	1.647516e-13	0.000000e+00	1.333077e-03 ***
0.000000e+00	-4.204361e-14	0.000000e+00	1.332171e-03 ***
0.000000e+00	-1.351289e-14	0.000000e+00	1.331271e-03 ***
0.000000e+00	-1.625447e-15	0.000000e+00	1.330597e-03 ***
0.000000e+00	-3.780145e-16	0.000000e+00	1.330345e-03 ***
0.000000e+00	-9.542205e-16	0.000000e+00	8.711369e-04 ***
0.000000e+00	6.712999e-14	0.000000e+00	8.712274e-04 ***
0.000000e+00	4.326050e-13	0.000000e+00	8.712452e-04 ***
0.000000e+00	-1.307232e-11	0.000000e+00	8.711864e-04 ***
0.000000e+00	-3.089593e-12	0.000000e+00	8.710494e-04 ***
0.000000e+00	-1.871738e-13	0.000000e+00	8.708423e-04 ***
0.000000e+00	4.808604e-14	0.000000e+00	8.705900e-04 ***
0.000000e+00	1.548195e-14	0.000000e+00	8.703391e-04 ***
0.000000e+00	2.050212e-15	0.000000e+00	8.701510e-04 ***
0.000000e+00	2.971849e-16	0.000000e+00	8.700808e-04 ***
0.000000e+00	-7.158015e-14	0.000000e+00	2.054151e-04 ***
0.000000e+00	1.547857e-13	0.000000e+00	2.054727e-04 ***
0.000000e+00	-6.337658e-13	0.000000e+00	2.054847e-04 ***
0.000000e+00	2.221734e-11	0.000000e+00	2.054462e-04 ***
0.000000e+00	5.265178e-12	0.000000e+00	2.053621e-04 ***
0.000000e+00	3.333240e-13	0.000000e+00	2.052466e-04 ***
0.000000e+00	-8.361484e-14	0.000000e+00	2.051202e-04 ***
0.000000e+00	-2.657073e-14	0.000000e+00	2.050060e-04 ***
0.000000e+00	-3.461215e-15	0.000000e+00	2.049262e-04 ***
0.000000e+00	-3.373102e-16	0.000000e+00	2.048975e-04 ***
***** Phase 1 path constraints *****
LOWER		G(X)		UPPER		SCALING
0.000000e+00	-3.420316e-13	0.000000e+00	4.465886e-02 ***
0.000000e+00	5.233642e-17	0.000000e+00	1.745943e-02 ***
0.000000e+00	-6.054949e-15	0.000000e+00	4.455730e-02 ***
0.000000e+00	-1.046728e-16	0.000000e+00	1.746226e-02 ***
0.000000e+00	-2.735742e-15	0.000000e+00	4.431902e-02 ***
0.000000e+00	-5.233642e-17	0.000000e+00	1.746893e-02 ***
0.000000e+00	-4.820974e-15	0.000000e+00	4.395089e-02 ***
0.000000e+00	-1.570092e-16	0.000000e+00	1.747942e-02 ***
0.000000e+00	-1.910983e-15	0.000000e+00	4.346618e-02 ***
0.000000e+00	-5.233642e-17	0.000000e+00	1.749371e-02 ***
0.000000e+00	-4.056552e-15	0.000000e+00	4.288518e-02 ***
0.000000e+00	-1.570092e-16	0.000000e+00	1.751178e-02 ***
0.000000e+00	-1.331534e-15	0.000000e+00	4.223025e-02 ***
0.000000e+00	-1.046728e-16	0.000000e+00	1.753362e-02 ***
0.000000e+00	-3.577507e-15	0.000000e+00	4.152490e-02 ***
0.000000e+00	-2.093457e-16	0.000000e+00	1.755919e-02 ***
0.000000e+00	-8.516993e-16	0.000000e+00	4.080545e-02 ***
0.000000e+00	-1.046728e-16	0.000000e+00	1.758843e-02 ***
0.000000e+00	-3.365296e-15	0.000000e+00	4.009509e-02 ***
0.000000e+00	-2.616821e-16	0.000000e+00	1.762126e-02 ***
0.000000e+00	-5.075352e-16	0.000000e+00	3.940923e-02 ***
0.000000e+00	-2.093457e-16	0.000000e+00	1.765760e-02 ***
0.000000e+00	-2.943092e-15	0.000000e+00	3.875587e-02 ***
0.000000e+00	-2.616821e-16	0.000000e+00	1.769735e-02 ***
0.000000e+00	-4.742018e-16	0.000000e+00	3.813599e-02 ***
0.000000e+00	-2.616821e-16	0.000000e+00	1.774038e-02 ***
0.000000e+00	-2.934795e-15	0.000000e+00	3.754870e-02 ***
0.000000e+00	-4.186913e-16	0.000000e+00	1.778654e-02 ***
0.000000e+00	-3.614190e-16	0.000000e+00	3.699287e-02 ***
0.000000e+00	-2.616821e-16	0.000000e+00	1.783570e-02 ***
0.000000e+00	-2.914760e-15	0.000000e+00	3.646364e-02 ***
0.000000e+00	-4.186913e-16	0.000000e+00	1.788769e-02 ***
0.000000e+00	-5.908168e-16	0.000000e+00	3.595679e-02 ***
0.000000e+00	-3.140185e-16	0.000000e+00	1.794231e-02 ***
0.000000e+00	-3.386566e-15	0.000000e+00	3.546916e-02 ***
0.000000e+00	-4.710277e-16	0.000000e+00	1.799938e-02 ***
0.000000e+00	-1.305572e-15	0.000000e+00	3.499866e-02 ***
0.000000e+00	-3.663549e-16	0.000000e+00	1.805868e-02 ***
0.000000e+00	-4.617548e-15	0.000000e+00	3.454416e-02 ***
0.000000e+00	-4.186913e-16	0.000000e+00	1.811999e-02 ***
0.000000e+00	-3.316883e-15	0.000000e+00	3.410482e-02 ***
0.000000e+00	-5.233642e-16	0.000000e+00	1.818306e-02 ***
0.000000e+00	-1.051475e-14	0.000000e+00	3.368010e-02 ***
0.000000e+00	-5.233642e-16	0.000000e+00	1.824765e-02 ***
0.000000e+00	-2.136426e-14	0.000000e+00	3.326974e-02 ***
0.000000e+00	-5.757006e-16	0.000000e+00	1.831348e-02 ***
0.000000e+00	-1.253877e-13	0.000000e+00	3.287320e-02 ***
0.000000e+00	-5.233642e-16	0.000000e+00	1.838027e-02 ***
0.000000e+00	-3.996826e-13	0.000000e+00	3.248647e-02 ***
0.000000e+00	-5.233642e-16	0.000000e+00	1.844775e-02 ***
0.000000e+00	1.895032e-14	0.000000e+00	3.210859e-02 ***
0.000000e+00	-5.757006e-16	0.000000e+00	1.851562e-02 ***
0.000000e+00	1.162983e-14	0.000000e+00	3.174308e-02 ***
0.000000e+00	-6.280370e-16	0.000000e+00	1.858358e-02 ***
0.000000e+00	1.975223e-13	0.000000e+00	3.139112e-02 ***
0.000000e+00	-5.757006e-16	0.000000e+00	1.865138e-02 ***
0.000000e+00	9.583901e-15	0.000000e+00	3.105184e-02 ***
0.000000e+00	-6.803734e-16	0.000000e+00	1.871871e-02 ***
0.000000e+00	-2.679481e-13	0.000000e+00	3.072595e-02 ***
0.000000e+00	-5.233642e-16	0.000000e+00	1.878533e-02 ***
0.000000e+00	-4.536828e-14	0.000000e+00	3.041390e-02 ***
0.000000e+00	-5.757006e-16	0.000000e+00	1.885098e-02 ***
0.000000e+00	-4.144386e-13	0.000000e+00	3.011497e-02 ***
0.000000e+00	-5.757006e-16	0.000000e+00	1.891543e-02 ***
0.000000e+00	2.430698e-13	0.000000e+00	2.982967e-02 ***
0.000000e+00	-5.757006e-16	0.000000e+00	1.897846e-02 ***
0.000000e+00	-1.670191e-13	0.000000e+00	2.955782e-02 ***
0.000000e+00	-6.280370e-16	0.000000e+00	1.903990e-02 ***
0.000000e+00	2.039527e-13	0.000000e+00	2.929893e-02 ***
0.000000e+00	-6.280370e-16	0.000000e+00	1.909955e-02 ***
0.000000e+00	-6.896268e-14	0.000000e+00	2.905335e-02 ***
0.000000e+00	-5.757006e-16	0.000000e+00	1.915727e-02 ***
0.000000e+00	-3.003126e-13	0.000000e+00	2.882049e-02 ***
0.000000e+00	-5.757006e-16	0.000000e+00	1.921293e-02 ***
0.000000e+00	-1.672857e-13	0.000000e+00	2.860024e-02 ***
0.000000e+00	-5.757006e-16	0.000000e+00	1.926642e-02 ***
0.000000e+00	-1.622952e-12	0.000000e+00	2.839245e-02 ***
0.000000e+00	-5.757006e-16	0.000000e+00	1.931763e-02 ***
0.000000e+00	-8.438689e-13	0.000000e+00	2.819658e-02 ***
0.000000e+00	-5.233642e-16	0.000000e+00	1.936651e-02 ***
0.000000e+00	-8.104567e-12	0.000000e+00	2.801241e-02 ***
0.000000e+00	-4.710277e-16	0.000000e+00	1.941299e-02 ***
0.000000e+00	-7.697944e-12	0.000000e+00	2.783980e-02 ***
0.000000e+00	-4.710277e-16	0.000000e+00	1.945702e-02 ***
0.000000e+00	-1.221998e-11	0.000000e+00	2.767815e-02 ***
0.000000e+00	-4.186913e-16	0.000000e+00	1.949859e-02 ***
0.000000e+00	-1.065853e-11	0.000000e+00	2.752737e-02 ***
0.000000e+00	-4.710278e-16	0.000000e+00	1.953767e-02 ***
0.000000e+00	-1.229948e-11	0.000000e+00	2.738704e-02 ***
0.000000e+00	-3.140185e-16	0.000000e+00	1.957425e-02 ***
0.000000e+00	-1.192802e-11	0.000000e+00	2.725681e-02 ***
0.000000e+00	-3.663549e-16	0.000000e+00	1.960835e-02 ***
0.000000e+00	-1.551437e-11	0.000000e+00	2.713650e-02 ***
0.000000e+00	-2.093457e-16	0.000000e+00	1.963997e-02 ***
0.000000e+00	-1.325362e-11	0.000000e+00	2.702581e-02 ***
0.000000e+00	-3.140185e-16	0.000000e+00	1.966913e-02 ***
0.000000e+00	-1.729010e-11	0.000000e+00	2.692459e-02 ***
0.000000e+00	-2.093457e-16	0.000000e+00	1.969586e-02 ***
0.000000e+00	-1.718917e-11	0.000000e+00	2.683261e-02 ***
0.000000e+00	-2.093457e-16	0.000000e+00	1.972017e-02 ***
0.000000e+00	-1.838163e-11	0.000000e+00	2.674969e-02 ***
0.000000e+00	-1.570093e-16	0.000000e+00	1.974211e-02 ***
0.000000e+00	-2.312858e-11	0.000000e+00	2.667571e-02 ***
0.000000e+00	-1.570093e-16	0.000000e+00	1.976169e-02 ***
0.000000e+00	-1.880699e-11	0.000000e+00	2.661050e-02 ***
0.000000e+00	-1.046728e-16	0.000000e+00	1.977895e-02 ***
0.000000e+00	-2.575998e-11	0.000000e+00	2.655394e-02 ***
0.000000e+00	-5.233642e-17	0.000000e+00	1.979391e-02 ***
0.000000e+00	-1.852357e-11	0.000000e+00	2.650598e-02 ***
0.000000e+00	-5.233642e-17	0.000000e+00	1.980661e-02 ***
0.000000e+00	-2.720840e-11	0.000000e+00	2.646646e-02 ***
0.000000e+00	-1.046728e-16	0.000000e+00	1.981706e-02 ***
0.000000e+00	-1.755436e-11	0.000000e+00	2.643536e-02 ***
0.000000e+00	0.000000e+00	0.000000e+00	1.982529e-02
0.000000e+00	-2.646166e-11	0.000000e+00	2.641262e-02 ***
0.000000e+00	0.000000e+00	0.000000e+00	1.983130e-02
0.000000e+00	-1.788914e-11	0.000000e+00	2.639822e-02 ***
0.000000e+00	0.000000e+00	0.000000e+00	1.983513e-02
0.000000e+00	-9.764592e-12	0.000000e+00	2.639221e-02 ***
0.000000e+00	0.000000e+00	0.000000e+00	1.983675e-02
***** Phase 1 event constraints *****
LOWER		G(X)		UPPER		SCALING
1.000000e+00	1.000000e+00	1.000000e+00	3.333333e-01
9.798975e-01	9.798975e-01	9.798975e-01	3.333333e-01 ***
9.220148e-01	9.220148e-01	9.220148e-01	3.333333e-01 ***
8.333333e-01	8.333333e-01	8.333333e-01	3.333333e-01 ***
7.245494e-01	7.245494e-01	7.245494e-01	3.333333e-01 ***
6.087839e-01	6.087839e-01	6.087839e-01	3.333333e-01 ***
5.000000e-01	5.000000e-01	5.000000e-01	3.333333e-01 ***
4.113185e-01	4.113185e-01	4.113185e-01	3.333333e-01 ***
3.534358e-01	3.534358e-01	3.534358e-01	3.333333e-01 ***
3.333333e-01	3.333333e-01	3.333333e-01	3.333333e-01 ***
***** Phase 1 tf >= t0 constraint *****
LOWER		G(X)		UPPER		SCALING
-7.071068e-01	-7.071068e-01	0.000000e+00	7.071068e-01
***** Phase linkage constraints *****
LOWER		G(X)		UPPER		SCALING
***** Scaled Decision Variables ******************************
J	LOWER		X(J)		UPPER		SCALING		DESCRIPTION
1	0.000000e+00	9.999914e-01	1.000000e+00	1.000000e+01	CONTROL 1 PHASE 1
2	0.000000e+00	7.650827e-01	1.000000e+00	3.333333e-01	CONTROL 2 PHASE 1
3	0.000000e+00	3.534358e-01	1.000000e+00	3.333333e-01	CONTROL 3 PHASE 1
4	0.000000e+00	9.999943e-01	1.000000e+00	1.000000e+01	CONTROL 1 PHASE 1
5	0.000000e+00	7.663476e-01	1.000000e+00	3.333333e-01	CONTROL 2 PHASE 1
6	0.000000e+00	3.535903e-01	1.000000e+00	3.333333e-01	CONTROL 3 PHASE 1
7	0.000000e+00	9.999978e-01	1.000000e+00	1.000000e+01	CONTROL 1 PHASE 1
8	0.000000e+00	7.691652e-01	1.000000e+00	3.333333e-01	CONTROL 2 PHASE 1
9	0.000000e+00	3.539533e-01	1.000000e+00	3.333333e-01	CONTROL 3 PHASE 1
10	0.000000e+00	9.999978e-01	1.000000e+00	1.000000e+01	CONTROL 1 PHASE 1
11	0.000000e+00	7.731744e-01	1.000000e+00	3.333333e-01	CONTROL 2 PHASE 1
12	0.000000e+00	3.545228e-01	1.000000e+00	3.333333e-01	CONTROL 3 PHASE 1
13	0.000000e+00	9.999987e-01	1.000000e+00	1.000000e+01	CONTROL 1 PHASE 1
14	0.000000e+00	7.778983e-01	1.000000e+00	3.333333e-01	CONTROL 2 PHASE 1
15	0.000000e+00	3.552972e-01	1.000000e+00	3.333333e-01	CONTROL 3 PHASE 1
16	0.000000e+00	9.999986e-01	1.000000e+00	1.000000e+01	CONTROL 1 PHASE 1
17	0.000000e+00	7.828125e-01	1.000000e+00	3.333333e-01	CONTROL 2 PHASE 1
18	0.000000e+00	3.562740e-01	1.000000e+00	3.333333e-01	CONTROL 3 PHASE 1
19	0.000000e+00	9.999990e-01	1.000000e+00	1.000000e+01	CONTROL 1 PHASE 1
20	0.000000e+00	7.874198e-01	1.000000e+00	3.333333e-01	CONTROL 2 PHASE 1
21	0.000000e+00	3.574504e-01	1.000000e+00	3.333333e-01	CONTROL 3 PHASE 1
22	0.000000e+00	9.999988e-01	1.000000e+00	1.000000e+01	CONTROL 1 PHASE 1
23	0.000000e+00	7.913085e-01	1.000000e+00	3.333333e-01	CONTROL 2 PHASE 1
24	0.000000e+00	3.588221e-01	1.000000e+00	3.333333e-01	CONTROL 3 PHASE 1
25	0.000000e+00	9.999991e-01	1.000000e+00	1.000000e+01	CONTROL 1 PHASE 1
26	0.000000e+00	7.941872e-01	1.000000e+00	3.333333e-01	CONTROL 2 PHASE 1
27	0.000000e+00	3.603844e-01	1.000000e+00	3.333333e-01	CONTROL 3 PHASE 1
28	0.000000e+00	9.999990e-01	1.000000e+00	1.000000e+01	CONTROL 1 PHASE 1
29	0.000000e+00	7.958956e-01	1.000000e+00	3.333333e-01	CONTROL 2 PHASE 1
30	0.000000e+00	3.621312e-01	1.000000e+00	3.333333e-01	CONTROL 3 PHASE 1
31	0.000000e+00	9.999992e-01	1.000000e+00	1.000000e+01	CONTROL 1 PHASE 1
32	0.000000e+00	7.963941e-01	1.000000e+00	3.333333e-01	CONTROL 2 PHASE 1
33	0.000000e+00	3.640557e-01	1.000000e+00	3.333333e-01	CONTROL 3 PHASE 1
34	0.000000e+00	9.999991e-01	1.000000e+00	1.000000e+01	CONTROL 1 PHASE 1
35	0.000000e+00	7.957406e-01	1.000000e+00	3.333333e-01	CONTROL 2 PHASE 1
36	0.000000e+00	3.661499e-01	1.000000e+00	3.333333e-01	CONTROL 3 PHASE 1
37	0.000000e+00	9.999992e-01	1.000000e+00	1.000000e+01	CONTROL 1 PHASE 1
38	0.000000e+00	7.940591e-01	1.000000e+00	3.333333e-01	CONTROL 2 PHASE 1
39	0.000000e+00	3.684051e-01	1.000000e+00	3.333333e-01	CONTROL 3 PHASE 1
40	0.000000e+00	9.999991e-01	1.000000e+00	1.000000e+01	CONTROL 1 PHASE 1
41	0.000000e+00	7.915082e-01	1.000000e+00	3.333333e-01	CONTROL 2 PHASE 1
42	0.000000e+00	3.708117e-01	1.000000e+00	3.333333e-01	CONTROL 3 PHASE 1
43	0.000000e+00	9.999992e-01	1.000000e+00	1.000000e+01	CONTROL 1 PHASE 1
44	0.000000e+00	7.882553e-01	1.000000e+00	3.333333e-01	CONTROL 2 PHASE 1
45	0.000000e+00	3.733593e-01	1.000000e+00	3.333333e-01	CONTROL 3 PHASE 1
46	0.000000e+00	9.999990e-01	1.000000e+00	1.000000e+01	CONTROL 1 PHASE 1
47	0.000000e+00	7.844569e-01	1.000000e+00	3.333333e-01	CONTROL 2 PHASE 1
48	0.000000e+00	3.760368e-01	1.000000e+00	3.333333e-01	CONTROL 3 PHASE 1
49	0.000000e+00	9.999991e-01	1.000000e+00	1.000000e+01	CONTROL 1 PHASE 1
50	0.000000e+00	7.802483e-01	1.000000e+00	3.333333e-01	CONTROL 2 PHASE 1
51	0.000000e+00	3.788323e-01	1.000000e+00	3.333333e-01	CONTROL 3 PHASE 1
52	0.000000e+00	9.999988e-01	1.000000e+00	1.000000e+01	CONTROL 1 PHASE 1
53	0.000000e+00	7.757392e-01	1.000000e+00	3.333333e-01	CONTROL 2 PHASE 1
54	0.000000e+00	3.817335e-01	1.000000e+00	3.333333e-01	CONTROL 3 PHASE 1
55	0.000000e+00	9.999989e-01	1.000000e+00	1.000000e+01	CONTROL 1 PHASE 1
56	0.000000e+00	7.710155e-01	1.000000e+00	3.333333e-01	CONTROL 2 PHASE 1
57	0.000000e+00	3.847271e-01	1.000000e+00	3.333333e-01	CONTROL 3 PHASE 1
58	0.000000e+00	9.999984e-01	1.000000e+00	1.000000e+01	CONTROL 1 PHASE 1
59	0.000000e+00	7.661420e-01	1.000000e+00	3.333333e-01	CONTROL 2 PHASE 1
60	0.000000e+00	3.877994e-01	1.000000e+00	3.333333e-01	CONTROL 3 PHASE 1
61	0.000000e+00	9.999984e-01	1.000000e+00	1.000000e+01	CONTROL 1 PHASE 1
62	0.000000e+00	7.611683e-01	1.000000e+00	3.333333e-01	CONTROL 2 PHASE 1
63	0.000000e+00	3.909361e-01	1.000000e+00	3.333333e-01	CONTROL 3 PHASE 1
64	0.000000e+00	9.999970e-01	1.000000e+00	1.000000e+01	CONTROL 1 PHASE 1
65	0.000000e+00	7.561315e-01	1.000000e+00	3.333333e-01	CONTROL 2 PHASE 1
66	0.000000e+00	3.941227e-01	1.000000e+00	3.333333e-01	CONTROL 3 PHASE 1
67	0.000000e+00	9.999960e-01	1.000000e+00	1.000000e+01	CONTROL 1 PHASE 1
68	0.000000e+00	7.510616e-01	1.000000e+00	3.333333e-01	CONTROL 2 PHASE 1
69	0.000000e+00	3.973442e-01	1.000000e+00	3.333333e-01	CONTROL 3 PHASE 1
70	0.000000e+00	9.946462e-01	1.000000e+00	1.000000e+01	CONTROL 1 PHASE 1
71	0.000000e+00	7.459562e-01	1.000000e+00	3.333333e-01	CONTROL 2 PHASE 1
72	0.000000e+00	4.005857e-01	1.000000e+00	3.333333e-01	CONTROL 3 PHASE 1
73	0.000000e+00	9.223654e-01	1.000000e+00	1.000000e+01	CONTROL 1 PHASE 1
74	0.000000e+00	7.405557e-01	1.000000e+00	3.333333e-01	CONTROL 2 PHASE 1
75	0.000000e+00	4.038322e-01	1.000000e+00	3.333333e-01	CONTROL 3 PHASE 1
76	0.000000e+00	8.256080e-01	1.000000e+00	1.000000e+01	CONTROL 1 PHASE 1
77	0.000000e+00	7.350894e-01	1.000000e+00	3.333333e-01	CONTROL 2 PHASE 1
78	0.000000e+00	4.070694e-01	1.000000e+00	3.333333e-01	CONTROL 3 PHASE 1
79	0.000000e+00	7.477907e-01	1.000000e+00	1.000000e+01	CONTROL 1 PHASE 1
80	0.000000e+00	7.297534e-01	1.000000e+00	3.333333e-01	CONTROL 2 PHASE 1
81	0.000000e+00	4.102832e-01	1.000000e+00	3.333333e-01	CONTROL 3 PHASE 1
82	0.000000e+00	6.564583e-01	1.000000e+00	1.000000e+01	CONTROL 1 PHASE 1
83	0.000000e+00	7.244058e-01	1.000000e+00	3.333333e-01	CONTROL 2 PHASE 1
84	0.000000e+00	4.134603e-01	1.000000e+00	3.333333e-01	CONTROL 3 PHASE 1
85	0.000000e+00	5.781539e-01	1.000000e+00	1.000000e+01	CONTROL 1 PHASE 1
86	0.000000e+00	7.191767e-01	1.000000e+00	3.333333e-01	CONTROL 2 PHASE 1
87	0.000000e+00	4.165883e-01	1.000000e+00	3.333333e-01	CONTROL 3 PHASE 1
88	0.000000e+00	4.952567e-01	1.000000e+00	1.000000e+01	CONTROL 1 PHASE 1
89	0.000000e+00	7.139956e-01	1.000000e+00	3.333333e-01	CONTROL 2 PHASE 1
90	0.000000e+00	4.196558e-01	1.000000e+00	3.333333e-01	CONTROL 3 PHASE 1
91	0.000000e+00	4.215989e-01	1.000000e+00	1.000000e+01	CONTROL 1 PHASE 1
92	0.000000e+00	7.089357e-01	1.000000e+00	3.333333e-01	CONTROL 2 PHASE 1
93	0.000000e+00	4.226525e-01	1.000000e+00	3.333333e-01	CONTROL 3 PHASE 1
94	0.000000e+00	3.503677e-01	1.000000e+00	1.000000e+01	CONTROL 1 PHASE 1
95	0.000000e+00	7.039750e-01	1.000000e+00	3.333333e-01	CONTROL 2 PHASE 1
96	0.000000e+00	4.255692e-01	1.000000e+00	3.333333e-01	CONTROL 3 PHASE 1
97	0.000000e+00	2.859279e-01	1.000000e+00	1.000000e+01	CONTROL 1 PHASE 1
98	0.000000e+00	6.991435e-01	1.000000e+00	3.333333e-01	CONTROL 2 PHASE 1
99	0.000000e+00	4.283978e-01	1.000000e+00	3.333333e-01	CONTROL 3 PHASE 1
100	0.000000e+00	2.290038e-01	1.000000e+00	1.000000e+01	CONTROL 1 PHASE 1
101	0.000000e+00	6.944514e-01	1.000000e+00	3.333333e-01	CONTROL 2 PHASE 1
102	0.000000e+00	4.311314e-01	1.000000e+00	3.333333e-01	CONTROL 3 PHASE 1
103	0.000000e+00	1.771078e-01	1.000000e+00	1.000000e+01	CONTROL 1 PHASE 1
104	0.000000e+00	6.898979e-01	1.000000e+00	3.333333e-01	CONTROL 2 PHASE 1
105	0.000000e+00	4.337643e-01	1.000000e+00	3.333333e-01	CONTROL 3 PHASE 1
106	0.000000e+00	1.357056e-01	1.000000e+00	1.000000e+01	CONTROL 1 PHASE 1
107	0.000000e+00	6.855124e-01	1.000000e+00	3.333333e-01	CONTROL 2 PHASE 1
108	0.000000e+00	4.362917e-01	1.000000e+00	3.333333e-01	CONTROL 3 PHASE 1
109	0.000000e+00	9.781513e-02	1.000000e+00	1.000000e+01	CONTROL 1 PHASE 1
110	0.000000e+00	6.812741e-01	1.000000e+00	3.333333e-01	CONTROL 2 PHASE 1
111	0.000000e+00	4.387100e-01	1.000000e+00	3.333333e-01	CONTROL 3 PHASE 1
112	0.000000e+00	7.118899e-02	1.000000e+00	1.000000e+01	CONTROL 1 PHASE 1
113	0.000000e+00	6.772210e-01	1.000000e+00	3.333333e-01	CONTROL 2 PHASE 1
114	0.000000e+00	4.410163e-01	1.000000e+00	3.333333e-01	CONTROL 3 PHASE 1
115	0.000000e+00	4.665409e-02	1.000000e+00	1.000000e+01	CONTROL 1 PHASE 1
116	0.000000e+00	6.733220e-01	1.000000e+00	3.333333e-01	CONTROL 2 PHASE 1
117	0.000000e+00	4.432089e-01	1.000000e+00	3.333333e-01	CONTROL 3 PHASE 1
118	0.000000e+00	3.211051e-02	1.000000e+00	1.000000e+01	CONTROL 1 PHASE 1
119	0.000000e+00	6.696145e-01	1.000000e+00	3.333333e-01	CONTROL 2 PHASE 1
120	0.000000e+00	4.452865e-01	1.000000e+00	3.333333e-01	CONTROL 3 PHASE 1
121	0.000000e+00	1.833387e-02	1.000000e+00	1.000000e+01	CONTROL 1 PHASE 1
122	0.000000e+00	6.660664e-01	1.000000e+00	3.333333e-01	CONTROL 2 PHASE 1
123	0.000000e+00	4.472489e-01	1.000000e+00	3.333333e-01	CONTROL 3 PHASE 1
124	0.000000e+00	1.208731e-02	1.000000e+00	1.000000e+01	CONTROL 1 PHASE 1
125	0.000000e+00	6.627091e-01	1.000000e+00	3.333333e-01	CONTROL 2 PHASE 1
126	0.000000e+00	4.490961e-01	1.000000e+00	3.333333e-01	CONTROL 3 PHASE 1
127	0.000000e+00	5.568418e-03	1.000000e+00	1.000000e+01	CONTROL 1 PHASE 1
128	0.000000e+00	6.595151e-01	1.000000e+00	3.333333e-01	CONTROL 2 PHASE 1
129	0.000000e+00	4.508289e-01	1.000000e+00	3.333333e-01	CONTROL 3 PHASE 1
130	0.000000e+00	3.731525e-03	1.000000e+00	1.000000e+01	CONTROL 1 PHASE 1
131	0.000000e+00	6.565076e-01	1.000000e+00	3.333333e-01	CONTROL 2 PHASE 1
132	0.000000e+00	4.524485e-01	1.000000e+00	3.333333e-01	CONTROL 3 PHASE 1
133	0.000000e+00	1.658799e-03	1.000000e+00	1.000000e+01	CONTROL 1 PHASE 1
134	0.000000e+00	6.536695e-01	1.000000e+00	3.333333e-01	CONTROL 2 PHASE 1
135	0.000000e+00	4.539563e-01	1.000000e+00	3.333333e-01	CONTROL 3 PHASE 1
136	0.000000e+00	1.498812e-03	1.000000e+00	1.000000e+01	CONTROL 1 PHASE 1
137	0.000000e+00	6.510119e-01	1.000000e+00	3.333333e-01	CONTROL 2 PHASE 1
138	0.000000e+00	4.553541e-01	1.000000e+00	3.333333e-01	CONTROL 3 PHASE 1
139	0.000000e+00	1.349033e-03	1.000000e+00	1.000000e+01	CONTROL 1 PHASE 1
140	0.000000e+00	6.485288e-01	1.000000e+00	3.333333e-01	CONTROL 2 PHASE 1
141	0.000000e+00	4.566440e-01	1.000000e+00	3.333333e-01	CONTROL 3 PHASE 1
142	0.000000e+00	1.179856e-03	1.000000e+00	1.000000e+01	CONTROL 1 PHASE 1
143	0.000000e+00	6.462220e-01	1.000000e+00	3.333333e-01	CONTROL 2 PHASE 1
144	0.000000e+00	4.578280e-01	1.000000e+00	3.333333e-01	CONTROL 3 PHASE 1
145	0.000000e+00	1.616152e-03	1.000000e+00	1.000000e+01	CONTROL 1 PHASE 1
146	0.000000e+00	6.440949e-01	1.000000e+00	3.333333e-01	CONTROL 2 PHASE 1
147	0.000000e+00	4.589084e-01	1.000000e+00	3.333333e-01	CONTROL 3 PHASE 1
148	0.000000e+00	1.153686e-03	1.000000e+00	1.000000e+01	CONTROL 1 PHASE 1
149	0.000000e+00	6.421430e-01	1.000000e+00	3.333333e-01	CONTROL 2 PHASE 1
150	0.000000e+00	4.598875e-01	1.000000e+00	3.333333e-01	CONTROL 3 PHASE 1
151	0.000000e+00	2.112729e-03	1.000000e+00	1.000000e+01	CONTROL 1 PHASE 1
152	0.000000e+00	6.403757e-01	1.000000e+00	3.333333e-01	CONTROL 2 PHASE 1
153	0.000000e+00	4.607674e-01	1.000000e+00	3.333333e-01	CONTROL 3 PHASE 1
154	0.000000e+00	1.346631e-03	1.000000e+00	1.000000e+01	CONTROL 1 PHASE 1
155	0.000000e+00	6.387820e-01	1.000000e+00	3.333333e-01	CONTROL 2 PHASE 1
156	0.000000e+00	4.615504e-01	1.000000e+00	3.333333e-01	CONTROL 3 PHASE 1
157	0.000000e+00	2.656348e-03	1.000000e+00	1.000000e+01	CONTROL 1 PHASE 1
158	0.000000e+00	6.373767e-01	1.000000e+00	3.333333e-01	CONTROL 2 PHASE 1
159	0.000000e+00	4.622384e-01	1.000000e+00	3.333333e-01	CONTROL 3 PHASE 1
160	0.000000e+00	1.544104e-03	1.000000e+00	1.000000e+01	CONTROL 1 PHASE 1
161	0.000000e+00	6.361433e-01	1.000000e+00	3.333333e-01	CONTROL 2 PHASE 1
162	0.000000e+00	4.628334e-01	1.000000e+00	3.333333e-01	CONTROL 3 PHASE 1
163	0.000000e+00	3.238781e-03	1.000000e+00	1.000000e+01	CONTROL 1 PHASE 1
164	0.000000e+00	6.351021e-01	1.000000e+00	3.333333e-01	CONTROL 2 PHASE 1
165	0.000000e+00	4.633370e-01	1.000000e+00	3.333333e-01	CONTROL 3 PHASE 1
166	0.000000e+00	1.869972e-03	1.000000e+00	1.000000e+01	CONTROL 1 PHASE 1
167	0.000000e+00	6.342310e-01	1.000000e+00	3.333333e-01	CONTROL 2 PHASE 1
168	0.000000e+00	4.637508e-01	1.000000e+00	3.333333e-01	CONTROL 3 PHASE 1
169	0.000000e+00	3.992831e-03	1.000000e+00	1.000000e+01	CONTROL 1 PHASE 1
170	0.000000e+00	6.335552e-01	1.000000e+00	3.333333e-01	CONTROL 2 PHASE 1
171	0.000000e+00	4.640760e-01	1.000000e+00	3.333333e-01	CONTROL 3 PHASE 1
172	0.000000e+00	2.598585e-03	1.000000e+00	1.000000e+01	CONTROL 1 PHASE 1
173	0.000000e+00	6.330483e-01	1.000000e+00	3.333333e-01	CONTROL 2 PHASE 1
174	0.000000e+00	4.643137e-01	1.000000e+00	3.333333e-01	CONTROL 3 PHASE 1
175	0.000000e+00	7.157746e-03	1.000000e+00	1.000000e+01	CONTROL 1 PHASE 1
176	0.000000e+00	6.327463e-01	1.000000e+00	3.333333e-01	CONTROL 2 PHASE 1
177	0.000000e+00	4.644645e-01	1.000000e+00	3.333333e-01	CONTROL 3 PHASE 1
178	0.000000e+00	1.399271e-02	1.000000e+00	1.000000e+01	CONTROL 1 PHASE 1
179	0.000000e+00	6.326363e-01	1.000000e+00	3.333333e-01	CONTROL 2 PHASE 1
180	0.000000e+00	4.645285e-01	1.000000e+00	3.333333e-01	CONTROL 3 PHASE 1
181	0.000000e+00	1.000000e+00	1.000000e+00	3.333333e-01	STATE 1 PHASE 1
182	0.000000e+00	9.798975e-01	1.000000e+00	3.333333e-01	STATE 2 PHASE 1
183	0.000000e+00	9.220148e-01	1.000000e+00	3.333333e-01	STATE 3 PHASE 1
184	0.000000e+00	8.333333e-01	1.000000e+00	3.333333e-01	STATE 4 PHASE 1
185	0.000000e+00	7.245494e-01	1.000000e+00	3.333333e-01	STATE 5 PHASE 1
186	0.000000e+00	6.087839e-01	1.000000e+00	3.333333e-01	STATE 6 PHASE 1
187	0.000000e+00	5.000000e-01	1.000000e+00	3.333333e-01	STATE 7 PHASE 1
188	0.000000e+00	4.113185e-01	1.000000e+00	3.333333e-01	STATE 8 PHASE 1
189	0.000000e+00	3.534358e-01	1.000000e+00	3.333333e-01	STATE 9 PHASE 1
190	0.000000e+00	3.333333e-01	1.000000e+00	3.333333e-01	STATE 10 PHASE 1
191	0.000000e+00	9.983443e-01	1.000000e+00	3.333333e-01	STATE 1 PHASE 1
192	0.000000e+00	9.797346e-01	1.000000e+00	3.333333e-01	STATE 2 PHASE 1
193	0.000000e+00	9.218891e-01	1.000000e+00	3.333333e-01	STATE 3 PHASE 1
194	0.000000e+00	8.332568e-01	1.000000e+00	3.333333e-01	STATE 4 PHASE 1
195	0.000000e+00	7.245310e-01	1.000000e+00	3.333333e-01	STATE 5 PHASE 1
196	0.000000e+00	6.088241e-01	1.000000e+00	3.333333e-01	STATE 6 PHASE 1
197	0.000000e+00	5.000917e-01	1.000000e+00	3.333333e-01	STATE 7 PHASE 1
198	0.000000e+00	4.114492e-01	1.000000e+00	3.333333e-01	STATE 8 PHASE 1
199	0.000000e+00	3.535903e-01	1.000000e+00	3.333333e-01	STATE 9 PHASE 1
200	0.000000e+00	3.334958e-01	1.000000e+00	3.333333e-01	STATE 10 PHASE 1
201	0.000000e+00	9.945347e-01	1.000000e+00	3.333333e-01	STATE 1 PHASE 1
202	0.000000e+00	9.793198e-01	1.000000e+00	3.333333e-01	STATE 2 PHASE 1
203	0.000000e+00	9.215937e-01	1.000000e+00	3.333333e-01	STATE 3 PHASE 1
204	0.000000e+00	8.330772e-01	1.000000e+00	3.333333e-01	STATE 4 PHASE 1
205	0.000000e+00	7.244876e-01	1.000000e+00	3.333333e-01	STATE 5 PHASE 1
206	0.000000e+00	6.089181e-01	1.000000e+00	3.333333e-01	STATE 6 PHASE 1
207	0.000000e+00	5.003066e-01	1.000000e+00	3.333333e-01	STATE 7 PHASE 1
208	0.000000e+00	4.117560e-01	1.000000e+00	3.333333e-01	STATE 8 PHASE 1
209	0.000000e+00	3.539533e-01	1.000000e+00	3.333333e-01	STATE 9 PHASE 1
210	0.000000e+00	3.338776e-01	1.000000e+00	3.333333e-01	STATE 10 PHASE 1
211	0.000000e+00	9.887814e-01	1.000000e+00	3.333333e-01	STATE 1 PHASE 1
212	0.000000e+00	9.785830e-01	1.000000e+00	3.333333e-01	STATE 2 PHASE 1
213	0.000000e+00	9.211291e-01	1.000000e+00	3.333333e-01	STATE 3 PHASE 1
214	0.000000e+00	8.327958e-01	1.000000e+00	3.333333e-01	STATE 4 PHASE 1
215	0.000000e+00	7.244191e-01	1.000000e+00	3.333333e-01	STATE 5 PHASE 1
216	0.000000e+00	6.090645e-01	1.000000e+00	3.333333e-01	STATE 6 PHASE 1
217	0.000000e+00	5.006425e-01	1.000000e+00	3.333333e-01	STATE 7 PHASE 1
218	0.000000e+00	4.122364e-01	1.000000e+00	3.333333e-01	STATE 8 PHASE 1
219	0.000000e+00	3.545228e-01	1.000000e+00	3.333333e-01	STATE 9 PHASE 1
220	0.000000e+00	3.344771e-01	1.000000e+00	3.333333e-01	STATE 10 PHASE 1
221	0.000000e+00	9.813760e-01	1.000000e+00	3.333333e-01	STATE 1 PHASE 1
222	0.000000e+00	9.774264e-01	1.000000e+00	3.333333e-01	STATE 2 PHASE 1
223	0.000000e+00	9.204916e-01	1.000000e+00	3.333333e-01	STATE 3 PHASE 1
224	0.000000e+00	8.324138e-01	1.000000e+00	3.333333e-01	STATE 4 PHASE 1
225	0.000000e+00	7.243253e-01	1.000000e+00	3.333333e-01	STATE 5 PHASE 1
226	0.000000e+00	6.092615e-01	1.000000e+00	3.333333e-01	STATE 6 PHASE 1
227	0.000000e+00	5.010966e-01	1.000000e+00	3.333333e-01	STATE 7 PHASE 1
228	0.000000e+00	4.128880e-01	1.000000e+00	3.333333e-01	STATE 8 PHASE 1
229	0.000000e+00	3.552972e-01	1.000000e+00	3.333333e-01	STATE 9 PHASE 1
230	0.000000e+00	3.352928e-01	1.000000e+00	3.333333e-01	STATE 10 PHASE 1
231	0.000000e+00	9.726763e-01	1.000000e+00	3.333333e-01	STATE 1 PHASE 1
232	0.000000e+00	9.757408e-01	1.000000e+00	3.333333e-01	STATE 2 PHASE 1
233	0.000000e+00	9.196709e-01	1.000000e+00	3.333333e-01	STATE 3 PHASE 1
234	0.000000e+00	8.319319e-01	1.000000e+00	3.333333e-01	STATE 4 PHASE 1
235	0.000000e+00	7.242058e-01	1.000000e+00	3.333333e-01	STATE 5 PHASE 1
236	0.000000e+00	6.095067e-01	1.000000e+00	3.333333e-01	STATE 6 PHASE 1
237	0.000000e+00	5.016659e-01	1.000000e+00	3.333333e-01	STATE 7 PHASE 1
238	0.000000e+00	4.137078e-01	1.000000e+00	3.333333e-01	STATE 8 PHASE 1
239	0.000000e+00	3.562740e-01	1.000000e+00	3.333333e-01	STATE 9 PHASE 1
240	0.000000e+00	3.363231e-01	1.000000e+00	3.333333e-01	STATE 10 PHASE 1
241	0.000000e+00	9.630728e-01	1.000000e+00	3.333333e-01	STATE 1 PHASE 1
242	0.000000e+00	9.734229e-01	1.000000e+00	3.333333e-01	STATE 2 PHASE 1
243	0.000000e+00	9.186481e-01	1.000000e+00	3.333333e-01	STATE 3 PHASE 1
244	0.000000e+00	8.313501e-01	1.000000e+00	3.333333e-01	STATE 4 PHASE 1
245	0.000000e+00	7.240599e-01	1.000000e+00	3.333333e-01	STATE 5 PHASE 1
246	0.000000e+00	6.097976e-01	1.000000e+00	3.333333e-01	STATE 6 PHASE 1
247	0.000000e+00	5.023464e-01	1.000000e+00	3.333333e-01	STATE 7 PHASE 1
248	0.000000e+00	4.146921e-01	1.000000e+00	3.333333e-01	STATE 8 PHASE 1
249	0.000000e+00	3.574504e-01	1.000000e+00	3.333333e-01	STATE 9 PHASE 1
250	0.000000e+00	3.375650e-01	1.000000e+00	3.333333e-01	STATE 10 PHASE 1
251	0.000000e+00	9.529508e-01	1.000000e+00	3.333333e-01	STATE 1 PHASE 1
252	0.000000e+00	9.703909e-01	1.000000e+00	3.333333e-01	STATE 2 PHASE 1
253	0.000000e+00	9.173949e-01	1.000000e+00	3.333333e-01	STATE 3 PHASE 1
254	0.000000e+00	8.306665e-01	1.000000e+00	3.333333e-01	STATE 4 PHASE 1
255	0.000000e+00	7.238866e-01	1.000000e+00	3.333333e-01	STATE 5 PHASE 1
256	0.000000e+00	6.101311e-01	1.000000e+00	3.333333e-01	STATE 6 PHASE 1
257	0.000000e+00	5.031340e-01	1.000000e+00	3.333333e-01	STATE 7 PHASE 1
258	0.000000e+00	4.158365e-01	1.000000e+00	3.333333e-01	STATE 8 PHASE 1
259	0.000000e+00	3.588221e-01	1.000000e+00	3.333333e-01	STATE 9 PHASE 1
260	0.000000e+00	3.390149e-01	1.000000e+00	3.333333e-01	STATE 10 PHASE 1
261	0.000000e+00	9.426528e-01	1.000000e+00	3.333333e-01	STATE 1 PHASE 1
262	0.000000e+00	9.665966e-01	1.000000e+00	3.333333e-01	STATE 2 PHASE 1
263	0.000000e+00	9.158751e-01	1.000000e+00	3.333333e-01	STATE 3 PHASE 1
264	0.000000e+00	8.298758e-01	1.000000e+00	3.333333e-01	STATE 4 PHASE 1
265	0.000000e+00	7.236843e-01	1.000000e+00	3.333333e-01	STATE 5 PHASE 1
266	0.000000e+00	6.105040e-01	1.000000e+00	3.333333e-01	STATE 6 PHASE 1
267	0.000000e+00	5.040241e-01	1.000000e+00	3.333333e-01	STATE 7 PHASE 1
268	0.000000e+00	4.171361e-01	1.000000e+00	3.333333e-01	STATE 8 PHASE 1
269	0.000000e+00	3.603844e-01	1.000000e+00	3.333333e-01	STATE 9 PHASE 1
270	0.000000e+00	3.406676e-01	1.000000e+00	3.333333e-01	STATE 10 PHASE 1
271	0.000000e+00	9.324505e-01	1.000000e+00	3.333333e-01	STATE 1 PHASE 1
272	0.000000e+00	9.620321e-01	1.000000e+00	3.333333e-01	STATE 2 PHASE 1
273	0.000000e+00	9.140479e-01	1.000000e+00	3.333333e-01	STATE 3 PHASE 1
274	0.000000e+00	8.289688e-01	1.000000e+00	3.333333e-01	STATE 4 PHASE 1
275	0.000000e+00	7.234504e-01	1.000000e+00	3.333333e-01	STATE 5 PHASE 1
276	0.000000e+00	6.109127e-01	1.000000e+00	3.333333e-01	STATE 6 PHASE 1
277	0.000000e+00	5.050121e-01	1.000000e+00	3.333333e-01	STATE 7 PHASE 1
278	0.000000e+00	4.185854e-01	1.000000e+00	3.333333e-01	STATE 8 PHASE 1
279	0.000000e+00	3.621312e-01	1.000000e+00	3.333333e-01	STATE 9 PHASE 1
280	0.000000e+00	3.425173e-01	1.000000e+00	3.333333e-01	STATE 10 PHASE 1
281	0.000000e+00	9.225291e-01	1.000000e+00	3.333333e-01	STATE 1 PHASE 1
282	0.000000e+00	9.567293e-01	1.000000e+00	3.333333e-01	STATE 2 PHASE 1
283	0.000000e+00	9.118725e-01	1.000000e+00	3.333333e-01	STATE 3 PHASE 1
284	0.000000e+00	8.279322e-01	1.000000e+00	3.333333e-01	STATE 4 PHASE 1
285	0.000000e+00	7.231809e-01	1.000000e+00	3.333333e-01	STATE 5 PHASE 1
286	0.000000e+00	6.113536e-01	1.000000e+00	3.333333e-01	STATE 6 PHASE 1
287	0.000000e+00	5.060928e-01	1.000000e+00	3.333333e-01	STATE 7 PHASE 1
288	0.000000e+00	4.201782e-01	1.000000e+00	3.333333e-01	STATE 8 PHASE 1
289	0.000000e+00	3.640557e-01	1.000000e+00	3.333333e-01	STATE 9 PHASE 1
290	0.000000e+00	3.445566e-01	1.000000e+00	3.333333e-01	STATE 10 PHASE 1
291	0.000000e+00	9.129879e-01	1.000000e+00	3.333333e-01	STATE 1 PHASE 1
292	0.000000e+00	9.507550e-01	1.000000e+00	3.333333e-01	STATE 2 PHASE 1
293	0.000000e+00	9.093133e-01	1.000000e+00	3.333333e-01	STATE 3 PHASE 1
294	0.000000e+00	8.267487e-01	1.000000e+00	3.333333e-01	STATE 4 PHASE 1
295	0.000000e+00	7.228699e-01	1.000000e+00	3.333333e-01	STATE 5 PHASE 1
296	0.000000e+00	6.118222e-01	1.000000e+00	3.333333e-01	STATE 6 PHASE 1
297	0.000000e+00	5.072609e-01	1.000000e+00	3.333333e-01	STATE 7 PHASE 1
298	0.000000e+00	4.219078e-01	1.000000e+00	3.333333e-01	STATE 8 PHASE 1
299	0.000000e+00	3.661499e-01	1.000000e+00	3.333333e-01	STATE 9 PHASE 1
300	0.000000e+00	3.467772e-01	1.000000e+00	3.333333e-01	STATE 10 PHASE 1
301	0.000000e+00	9.038537e-01	1.000000e+00	3.333333e-01	STATE 1 PHASE 1
302	0.000000e+00	9.442012e-01	1.000000e+00	3.333333e-01	STATE 2 PHASE 1
303	0.000000e+00	9.063439e-01	1.000000e+00	3.333333e-01	STATE 3 PHASE 1
304	0.000000e+00	8.253984e-01	1.000000e+00	3.333333e-01	STATE 4 PHASE 1
305	0.000000e+00	7.225093e-01	1.000000e+00	3.333333e-01	STATE 5 PHASE 1
306	0.000000e+00	6.123135e-01	1.000000e+00	3.333333e-01	STATE 6 PHASE 1
307	0.000000e+00	5.085106e-01	1.000000e+00	3.333333e-01	STATE 7 PHASE 1
308	0.000000e+00	4.237668e-01	1.000000e+00	3.333333e-01	STATE 8 PHASE 1
309	0.000000e+00	3.684051e-01	1.000000e+00	3.333333e-01	STATE 9 PHASE 1
310	0.000000e+00	3.491700e-01	1.000000e+00	3.333333e-01	STATE 10 PHASE 1
311	0.000000e+00	8.951029e-01	1.000000e+00	3.333333e-01	STATE 1 PHASE 1
312	0.000000e+00	9.371731e-01	1.000000e+00	3.333333e-01	STATE 2 PHASE 1
313	0.000000e+00	9.029508e-01	1.000000e+00	3.333333e-01	STATE 3 PHASE 1
314	0.000000e+00	8.238606e-01	1.000000e+00	3.333333e-01	STATE 4 PHASE 1
315	0.000000e+00	7.220891e-01	1.000000e+00	3.333333e-01	STATE 5 PHASE 1
316	0.000000e+00	6.128215e-01	1.000000e+00	3.333333e-01	STATE 6 PHASE 1
317	0.000000e+00	5.098355e-01	1.000000e+00	3.333333e-01	STATE 7 PHASE 1
318	0.000000e+00	4.257470e-01	1.000000e+00	3.333333e-01	STATE 8 PHASE 1
319	0.000000e+00	3.708117e-01	1.000000e+00	3.333333e-01	STATE 9 PHASE 1
320	0.000000e+00	3.517247e-01	1.000000e+00	3.333333e-01	STATE 10 PHASE 1
321	0.000000e+00	8.866839e-01	1.000000e+00	3.333333e-01	STATE 1 PHASE 1
322	0.000000e+00	9.297783e-01	1.000000e+00	3.333333e-01	STATE 2 PHASE 1
323	0.000000e+00	8.991341e-01	1.000000e+00	3.333333e-01	STATE 3 PHASE 1
324	0.000000e+00	8.221157e-01	1.000000e+00	3.333333e-01	STATE 4 PHASE 1
325	0.000000e+00	7.215979e-01	1.000000e+00	3.333333e-01	STATE 5 PHASE 1
326	0.000000e+00	6.133390e-01	1.000000e+00	3.333333e-01	STATE 6 PHASE 1
327	0.000000e+00	5.112285e-01	1.000000e+00	3.333333e-01	STATE 7 PHASE 1
328	0.000000e+00	4.278397e-01	1.000000e+00	3.333333e-01	STATE 8 PHASE 1
329	0.000000e+00	3.733593e-01	1.000000e+00	3.333333e-01	STATE 9 PHASE 1
330	0.000000e+00	3.544302e-01	1.000000e+00	3.333333e-01	STATE 10 PHASE 1
331	0.000000e+00	8.785370e-01	1.000000e+00	3.333333e-01	STATE 1 PHASE 1
332	0.000000e+00	9.221178e-01	1.000000e+00	3.333333e-01	STATE 2 PHASE 1
333	0.000000e+00	8.949082e-01	1.000000e+00	3.333333e-01	STATE 3 PHASE 1
334	0.000000e+00	8.201473e-01	1.000000e+00	3.333333e-01	STATE 4 PHASE 1
335	0.000000e+00	7.210229e-01	1.000000e+00	3.333333e-01	STATE 5 PHASE 1
336	0.000000e+00	6.138575e-01	1.000000e+00	3.333333e-01	STATE 6 PHASE 1
337	0.000000e+00	5.126814e-01	1.000000e+00	3.333333e-01	STATE 7 PHASE 1
338	0.000000e+00	4.300352e-01	1.000000e+00	3.333333e-01	STATE 8 PHASE 1
339	0.000000e+00	3.760368e-01	1.000000e+00	3.333333e-01	STATE 9 PHASE 1
340	0.000000e+00	3.572750e-01	1.000000e+00	3.333333e-01	STATE 10 PHASE 1
341	0.000000e+00	8.706071e-01	1.000000e+00	3.333333e-01	STATE 1 PHASE 1
342	0.000000e+00	9.142806e-01	1.000000e+00	3.333333e-01	STATE 2 PHASE 1
343	0.000000e+00	8.902990e-01	1.000000e+00	3.333333e-01	STATE 3 PHASE 1
344	0.000000e+00	8.179437e-01	1.000000e+00	3.333333e-01	STATE 4 PHASE 1
345	0.000000e+00	7.203515e-01	1.000000e+00	3.333333e-01	STATE 5 PHASE 1
346	0.000000e+00	6.143676e-01	1.000000e+00	3.333333e-01	STATE 6 PHASE 1
347	0.000000e+00	5.141852e-01	1.000000e+00	3.333333e-01	STATE 7 PHASE 1
348	0.000000e+00	4.323232e-01	1.000000e+00	3.333333e-01	STATE 8 PHASE 1
349	0.000000e+00	3.788323e-01	1.000000e+00	3.333333e-01	STATE 9 PHASE 1
350	0.000000e+00	3.602465e-01	1.000000e+00	3.333333e-01	STATE 10 PHASE 1
351	0.000000e+00	8.628512e-01	1.000000e+00	3.333333e-01	STATE 1 PHASE 1
352	0.000000e+00	9.063409e-01	1.000000e+00	3.333333e-01	STATE 2 PHASE 1
353	0.000000e+00	8.853423e-01	1.000000e+00	3.333333e-01	STATE 3 PHASE 1
354	0.000000e+00	8.154990e-01	1.000000e+00	3.333333e-01	STATE 4 PHASE 1
355	0.000000e+00	7.195719e-01	1.000000e+00	3.333333e-01	STATE 5 PHASE 1
356	0.000000e+00	6.148590e-01	1.000000e+00	3.333333e-01	STATE 6 PHASE 1
357	0.000000e+00	5.157299e-01	1.000000e+00	3.333333e-01	STATE 7 PHASE 1
358	0.000000e+00	4.346926e-01	1.000000e+00	3.333333e-01	STATE 8 PHASE 1
359	0.000000e+00	3.817335e-01	1.000000e+00	3.333333e-01	STATE 9 PHASE 1
360	0.000000e+00	3.633317e-01	1.000000e+00	3.333333e-01	STATE 10 PHASE 1
361	0.000000e+00	8.552394e-01	1.000000e+00	3.333333e-01	STATE 1 PHASE 1
362	0.000000e+00	8.983585e-01	1.000000e+00	3.333333e-01	STATE 2 PHASE 1
363	0.000000e+00	8.800798e-01	1.000000e+00	3.333333e-01	STATE 3 PHASE 1
364	0.000000e+00	8.128138e-01	1.000000e+00	3.333333e-01	STATE 4 PHASE 1
365	0.000000e+00	7.186739e-01	1.000000e+00	3.333333e-01	STATE 5 PHASE 1
366	0.000000e+00	6.153212e-01	1.000000e+00	3.333333e-01	STATE 6 PHASE 1
367	0.000000e+00	5.173049e-01	1.000000e+00	3.333333e-01	STATE 7 PHASE 1
368	0.000000e+00	4.371314e-01	1.000000e+00	3.333333e-01	STATE 8 PHASE 1
369	0.000000e+00	3.847271e-01	1.000000e+00	3.333333e-01	STATE 9 PHASE 1
370	0.000000e+00	3.665170e-01	1.000000e+00	3.333333e-01	STATE 10 PHASE 1
371	0.000000e+00	8.477542e-01	1.000000e+00	3.333333e-01	STATE 1 PHASE 1
372	0.000000e+00	8.903802e-01	1.000000e+00	3.333333e-01	STATE 2 PHASE 1
373	0.000000e+00	8.745570e-01	1.000000e+00	3.333333e-01	STATE 3 PHASE 1
374	0.000000e+00	8.098944e-01	1.000000e+00	3.333333e-01	STATE 4 PHASE 1
375	0.000000e+00	7.176497e-01	1.000000e+00	3.333333e-01	STATE 5 PHASE 1
376	0.000000e+00	6.157438e-01	1.000000e+00	3.333333e-01	STATE 6 PHASE 1
377	0.000000e+00	5.188987e-01	1.000000e+00	3.333333e-01	STATE 7 PHASE 1
378	0.000000e+00	4.396271e-01	1.000000e+00	3.333333e-01	STATE 8 PHASE 1
379	0.000000e+00	3.877994e-01	1.000000e+00	3.333333e-01	STATE 9 PHASE 1
380	0.000000e+00	3.697883e-01	1.000000e+00	3.333333e-01	STATE 10 PHASE 1
381	0.000000e+00	8.403870e-01	1.000000e+00	3.333333e-01	STATE 1 PHASE 1
382	0.000000e+00	8.824426e-01	1.000000e+00	3.333333e-01	STATE 2 PHASE 1
383	0.000000e+00	8.688202e-01	1.000000e+00	3.333333e-01	STATE 3 PHASE 1
384	0.000000e+00	8.067529e-01	1.000000e+00	3.333333e-01	STATE 4 PHASE 1
385	0.000000e+00	7.164944e-01	1.000000e+00	3.333333e-01	STATE 5 PHASE 1
386	0.000000e+00	6.161169e-01	1.000000e+00	3.333333e-01	STATE 6 PHASE 1
387	0.000000e+00	5.204997e-01	1.000000e+00	3.333333e-01	STATE 7 PHASE 1
388	0.000000e+00	4.421665e-01	1.000000e+00	3.333333e-01	STATE 8 PHASE 1
389	0.000000e+00	3.909361e-01	1.000000e+00	3.333333e-01	STATE 9 PHASE 1
390	0.000000e+00	3.731307e-01	1.000000e+00	3.333333e-01	STATE 10 PHASE 1
391	0.000000e+00	8.331367e-01	1.000000e+00	3.333333e-01	STATE 1 PHASE 1
392	0.000000e+00	8.745743e-01	1.000000e+00	3.333333e-01	STATE 2 PHASE 1
393	0.000000e+00	8.629148e-01	1.000000e+00	3.333333e-01	STATE 3 PHASE 1
394	0.000000e+00	8.034060e-01	1.000000e+00	3.333333e-01	STATE 4 PHASE 1
395	0.000000e+00	7.152061e-01	1.000000e+00	3.333333e-01	STATE 5 PHASE 1
396	0.000000e+00	6.164318e-01	1.000000e+00	3.333333e-01	STATE 6 PHASE 1
397	0.000000e+00	5.220964e-01	1.000000e+00	3.333333e-01	STATE 7 PHASE 1
398	0.000000e+00	4.447362e-01	1.000000e+00	3.333333e-01	STATE 8 PHASE 1
399	0.000000e+00	3.941227e-01	1.000000e+00	3.333333e-01	STATE 9 PHASE 1
400	0.000000e+00	3.765293e-01	1.000000e+00	3.333333e-01	STATE 10 PHASE 1
401	0.000000e+00	8.260039e-01	1.000000e+00	3.333333e-01	STATE 1 PHASE 1
402	0.000000e+00	8.667977e-01	1.000000e+00	3.333333e-01	STATE 2 PHASE 1
403	0.000000e+00	8.568839e-01	1.000000e+00	3.333333e-01	STATE 3 PHASE 1
404	0.000000e+00	7.998737e-01	1.000000e+00	3.333333e-01	STATE 4 PHASE 1
405	0.000000e+00	7.137860e-01	1.000000e+00	3.333333e-01	STATE 5 PHASE 1
406	0.000000e+00	6.166813e-01	1.000000e+00	3.333333e-01	STATE 6 PHASE 1
407	0.000000e+00	5.236775e-01	1.000000e+00	3.333333e-01	STATE 7 PHASE 1
408	0.000000e+00	4.473229e-01	1.000000e+00	3.333333e-01	STATE 8 PHASE 1
409	0.000000e+00	3.973442e-01	1.000000e+00	3.333333e-01	STATE 9 PHASE 1
410	0.000000e+00	3.799686e-01	1.000000e+00	3.333333e-01	STATE 10 PHASE 1
411	0.000000e+00	8.189953e-01	1.000000e+00	3.333333e-01	STATE 1 PHASE 1
412	0.000000e+00	8.591315e-01	1.000000e+00	3.333333e-01	STATE 2 PHASE 1
413	0.000000e+00	8.507677e-01	1.000000e+00	3.333333e-01	STATE 3 PHASE 1
414	0.000000e+00	7.961789e-01	1.000000e+00	3.333333e-01	STATE 4 PHASE 1
415	0.000000e+00	7.122382e-01	1.000000e+00	3.333333e-01	STATE 5 PHASE 1
416	0.000000e+00	6.168595e-01	1.000000e+00	3.333333e-01	STATE 6 PHASE 1
417	0.000000e+00	5.252323e-01	1.000000e+00	3.333333e-01	STATE 7 PHASE 1
418	0.000000e+00	4.499129e-01	1.000000e+00	3.333333e-01	STATE 8 PHASE 1
419	0.000000e+00	4.005857e-01	1.000000e+00	3.333333e-01	STATE 9 PHASE 1
420	0.000000e+00	3.834331e-01	1.000000e+00	3.333333e-01	STATE 10 PHASE 1
421	0.000000e+00	8.120768e-01	1.000000e+00	3.333333e-01	STATE 1 PHASE 1
422	0.000000e+00	8.515881e-01	1.000000e+00	3.333333e-01	STATE 2 PHASE 1
423	0.000000e+00	8.446027e-01	1.000000e+00	3.333333e-01	STATE 3 PHASE 1
424	0.000000e+00	7.923456e-01	1.000000e+00	3.333333e-01	STATE 4 PHASE 1
425	0.000000e+00	7.105694e-01	1.000000e+00	3.333333e-01	STATE 5 PHASE 1
426	0.000000e+00	6.169625e-01	1.000000e+00	3.333333e-01	STATE 6 PHASE 1
427	0.000000e+00	5.267512e-01	1.000000e+00	3.333333e-01	STATE 7 PHASE 1
428	0.000000e+00	4.524934e-01	1.000000e+00	3.333333e-01	STATE 8 PHASE 1
429	0.000000e+00	4.038322e-01	1.000000e+00	3.333333e-01	STATE 9 PHASE 1
430	0.000000e+00	3.869075e-01	1.000000e+00	3.333333e-01	STATE 10 PHASE 1
431	0.000000e+00	8.052125e-01	1.000000e+00	3.333333e-01	STATE 1 PHASE 1
432	0.000000e+00	8.441683e-01	1.000000e+00	3.333333e-01	STATE 2 PHASE 1
433	0.000000e+00	8.384207e-01	1.000000e+00	3.333333e-01	STATE 3 PHASE 1
434	0.000000e+00	7.883989e-01	1.000000e+00	3.333333e-01	STATE 4 PHASE 1
435	0.000000e+00	7.087883e-01	1.000000e+00	3.333333e-01	STATE 5 PHASE 1
436	0.000000e+00	6.169878e-01	1.000000e+00	3.333333e-01	STATE 6 PHASE 1
437	0.000000e+00	5.282254e-01	1.000000e+00	3.333333e-01	STATE 7 PHASE 1
438	0.000000e+00	4.550518e-01	1.000000e+00	3.333333e-01	STATE 8 PHASE 1
439	0.000000e+00	4.070694e-01	1.000000e+00	3.333333e-01	STATE 9 PHASE 1
440	0.000000e+00	3.903764e-01	1.000000e+00	3.333333e-01	STATE 10 PHASE 1
441	0.000000e+00	7.984471e-01	1.000000e+00	3.333333e-01	STATE 1 PHASE 1
442	0.000000e+00	8.368750e-01	1.000000e+00	3.333333e-01	STATE 2 PHASE 1
443	0.000000e+00	8.322480e-01	1.000000e+00	3.333333e-01	STATE 3 PHASE 1
444	0.000000e+00	7.843630e-01	1.000000e+00	3.333333e-01	STATE 4 PHASE 1
445	0.000000e+00	7.069054e-01	1.000000e+00	3.333333e-01	STATE 5 PHASE 1
446	0.000000e+00	6.169350e-01	1.000000e+00	3.333333e-01	STATE 6 PHASE 1
447	0.000000e+00	5.296472e-01	1.000000e+00	3.333333e-01	STATE 7 PHASE 1
448	0.000000e+00	4.575764e-01	1.000000e+00	3.333333e-01	STATE 8 PHASE 1
449	0.000000e+00	4.102832e-01	1.000000e+00	3.333333e-01	STATE 9 PHASE 1
450	0.000000e+00	3.938253e-01	1.000000e+00	3.333333e-01	STATE 10 PHASE 1
451	0.000000e+00	7.917949e-01	1.000000e+00	3.333333e-01	STATE 1 PHASE 1
452	0.000000e+00	8.297180e-01	1.000000e+00	3.333333e-01	STATE 2 PHASE 1
453	0.000000e+00	8.261083e-01	1.000000e+00	3.333333e-01	STATE 3 PHASE 1
454	0.000000e+00	7.802612e-01	1.000000e+00	3.333333e-01	STATE 4 PHASE 1
455	0.000000e+00	7.049321e-01	1.000000e+00	3.333333e-01	STATE 5 PHASE 1
456	0.000000e+00	6.168046e-01	1.000000e+00	3.333333e-01	STATE 6 PHASE 1
457	0.000000e+00	5.310104e-01	1.000000e+00	3.333333e-01	STATE 7 PHASE 1
458	0.000000e+00	4.600564e-01	1.000000e+00	3.333333e-01	STATE 8 PHASE 1
459	0.000000e+00	4.134603e-01	1.000000e+00	3.333333e-01	STATE 9 PHASE 1
460	0.000000e+00	3.972401e-01	1.000000e+00	3.333333e-01	STATE 10 PHASE 1
461	0.000000e+00	7.852705e-01	1.000000e+00	3.333333e-01	STATE 1 PHASE 1
462	0.000000e+00	8.227061e-01	1.000000e+00	3.333333e-01	STATE 2 PHASE 1
463	0.000000e+00	8.200225e-01	1.000000e+00	3.333333e-01	STATE 3 PHASE 1
464	0.000000e+00	7.761159e-01	1.000000e+00	3.333333e-01	STATE 4 PHASE 1
465	0.000000e+00	7.028807e-01	1.000000e+00	3.333333e-01	STATE 5 PHASE 1
466	0.000000e+00	6.165989e-01	1.000000e+00	3.333333e-01	STATE 6 PHASE 1
467	0.000000e+00	5.323096e-01	1.000000e+00	3.333333e-01	STATE 7 PHASE 1
468	0.000000e+00	4.624819e-01	1.000000e+00	3.333333e-01	STATE 8 PHASE 1
469	0.000000e+00	4.165883e-01	1.000000e+00	3.333333e-01	STATE 9 PHASE 1
470	0.000000e+00	4.006074e-01	1.000000e+00	3.333333e-01	STATE 10 PHASE 1
471	0.000000e+00	7.788892e-01	1.000000e+00	3.333333e-01	STATE 1 PHASE 1
472	0.000000e+00	8.158501e-01	1.000000e+00	3.333333e-01	STATE 2 PHASE 1
473	0.000000e+00	8.140103e-01	1.000000e+00	3.333333e-01	STATE 3 PHASE 1
474	0.000000e+00	7.719480e-01	1.000000e+00	3.333333e-01	STATE 4 PHASE 1
475	0.000000e+00	7.007637e-01	1.000000e+00	3.333333e-01	STATE 5 PHASE 1
476	0.000000e+00	6.163209e-01	1.000000e+00	3.333333e-01	STATE 6 PHASE 1
477	0.000000e+00	5.335410e-01	1.000000e+00	3.333333e-01	STATE 7 PHASE 1
478	0.000000e+00	4.648442e-01	1.000000e+00	3.333333e-01	STATE 8 PHASE 1
479	0.000000e+00	4.196558e-01	1.000000e+00	3.333333e-01	STATE 9 PHASE 1
480	0.000000e+00	4.039150e-01	1.000000e+00	3.333333e-01	STATE 10 PHASE 1
481	0.000000e+00	7.726571e-01	1.000000e+00	3.333333e-01	STATE 1 PHASE 1
482	0.000000e+00	8.091591e-01	1.000000e+00	3.333333e-01	STATE 2 PHASE 1
483	0.000000e+00	8.080894e-01	1.000000e+00	3.333333e-01	STATE 3 PHASE 1
484	0.000000e+00	7.677773e-01	1.000000e+00	3.333333e-01	STATE 4 PHASE 1
485	0.000000e+00	6.985938e-01	1.000000e+00	3.333333e-01	STATE 5 PHASE 1
486	0.000000e+00	6.159745e-01	1.000000e+00	3.333333e-01	STATE 6 PHASE 1
487	0.000000e+00	5.347015e-01	1.000000e+00	3.333333e-01	STATE 7 PHASE 1
488	0.000000e+00	4.671358e-01	1.000000e+00	3.333333e-01	STATE 8 PHASE 1
489	0.000000e+00	4.226525e-01	1.000000e+00	3.333333e-01	STATE 9 PHASE 1
490	0.000000e+00	4.071518e-01	1.000000e+00	3.333333e-01	STATE 10 PHASE 1
491	0.000000e+00	7.665901e-01	1.000000e+00	3.333333e-01	STATE 1 PHASE 1
492	0.000000e+00	8.026429e-01	1.000000e+00	3.333333e-01	STATE 2 PHASE 1
493	0.000000e+00	8.022759e-01	1.000000e+00	3.333333e-01	STATE 3 PHASE 1
494	0.000000e+00	7.636223e-01	1.000000e+00	3.333333e-01	STATE 4 PHASE 1
495	0.000000e+00	6.963837e-01	1.000000e+00	3.333333e-01	STATE 5 PHASE 1
496	0.000000e+00	6.155646e-01	1.000000e+00	3.333333e-01	STATE 6 PHASE 1
497	0.000000e+00	5.357893e-01	1.000000e+00	3.333333e-01	STATE 7 PHASE 1
498	0.000000e+00	4.693500e-01	1.000000e+00	3.333333e-01	STATE 8 PHASE 1
499	0.000000e+00	4.255692e-01	1.000000e+00	3.333333e-01	STATE 9 PHASE 1
500	0.000000e+00	4.103075e-01	1.000000e+00	3.333333e-01	STATE 10 PHASE 1
501	0.000000e+00	7.606917e-01	1.000000e+00	3.333333e-01	STATE 1 PHASE 1
502	0.000000e+00	7.963099e-01	1.000000e+00	3.333333e-01	STATE 2 PHASE 1
503	0.000000e+00	7.965847e-01	1.000000e+00	3.333333e-01	STATE 3 PHASE 1
504	0.000000e+00	7.595003e-01	1.000000e+00	3.333333e-01	STATE 4 PHASE 1
505	0.000000e+00	6.941458e-01	1.000000e+00	3.333333e-01	STATE 5 PHASE 1
506	0.000000e+00	6.150964e-01	1.000000e+00	3.333333e-01	STATE 6 PHASE 1
507	0.000000e+00	5.368033e-01	1.000000e+00	3.333333e-01	STATE 7 PHASE 1
508	0.000000e+00	4.714814e-01	1.000000e+00	3.333333e-01	STATE 8 PHASE 1
509	0.000000e+00	4.283978e-01	1.000000e+00	3.333333e-01	STATE 9 PHASE 1
510	0.000000e+00	4.133734e-01	1.000000e+00	3.333333e-01	STATE 10 PHASE 1
511	0.000000e+00	7.549763e-01	1.000000e+00	3.333333e-01	STATE 1 PHASE 1
512	0.000000e+00	7.901687e-01	1.000000e+00	3.333333e-01	STATE 2 PHASE 1
513	0.000000e+00	7.910291e-01	1.000000e+00	3.333333e-01	STATE 3 PHASE 1
514	0.000000e+00	7.554274e-01	1.000000e+00	3.333333e-01	STATE 4 PHASE 1
515	0.000000e+00	6.918923e-01	1.000000e+00	3.333333e-01	STATE 5 PHASE 1
516	0.000000e+00	6.145755e-01	1.000000e+00	3.333333e-01	STATE 6 PHASE 1
517	0.000000e+00	5.377435e-01	1.000000e+00	3.333333e-01	STATE 7 PHASE 1
518	0.000000e+00	4.735258e-01	1.000000e+00	3.333333e-01	STATE 8 PHASE 1
519	0.000000e+00	4.311314e-01	1.000000e+00	3.333333e-01	STATE 9 PHASE 1
520	0.000000e+00	4.163416e-01	1.000000e+00	3.333333e-01	STATE 10 PHASE 1
521	0.000000e+00	7.494467e-01	1.000000e+00	3.333333e-01	STATE 1 PHASE 1
522	0.000000e+00	7.842266e-01	1.000000e+00	3.333333e-01	STATE 2 PHASE 1
523	0.000000e+00	7.856216e-01	1.000000e+00	3.333333e-01	STATE 3 PHASE 1
524	0.000000e+00	7.514184e-01	1.000000e+00	3.333333e-01	STATE 4 PHASE 1
525	0.000000e+00	6.896348e-01	1.000000e+00	3.333333e-01	STATE 5 PHASE 1
526	0.000000e+00	6.140081e-01	1.000000e+00	3.333333e-01	STATE 6 PHASE 1
527	0.000000e+00	5.386106e-01	1.000000e+00	3.333333e-01	STATE 7 PHASE 1
528	0.000000e+00	4.754796e-01	1.000000e+00	3.333333e-01	STATE 8 PHASE 1
529	0.000000e+00	4.337643e-01	1.000000e+00	3.333333e-01	STATE 9 PHASE 1
530	0.000000e+00	4.192057e-01	1.000000e+00	3.333333e-01	STATE 10 PHASE 1
531	0.000000e+00	7.441147e-01	1.000000e+00	3.333333e-01	STATE 1 PHASE 1
532	0.000000e+00	7.784907e-01	1.000000e+00	3.333333e-01	STATE 2 PHASE 1
533	0.000000e+00	7.803729e-01	1.000000e+00	3.333333e-01	STATE 3 PHASE 1
534	0.000000e+00	7.474871e-01	1.000000e+00	3.333333e-01	STATE 4 PHASE 1
535	0.000000e+00	6.873845e-01	1.000000e+00	3.333333e-01	STATE 5 PHASE 1
536	0.000000e+00	6.134002e-01	1.000000e+00	3.333333e-01	STATE 6 PHASE 1
537	0.000000e+00	5.394057e-01	1.000000e+00	3.333333e-01	STATE 7 PHASE 1
538	0.000000e+00	4.773406e-01	1.000000e+00	3.333333e-01	STATE 8 PHASE 1
539	0.000000e+00	4.362917e-01	1.000000e+00	3.333333e-01	STATE 9 PHASE 1
540	0.000000e+00	4.219600e-01	1.000000e+00	3.333333e-01	STATE 10 PHASE 1
541	0.000000e+00	7.389826e-01	1.000000e+00	3.333333e-01	STATE 1 PHASE 1
542	0.000000e+00	7.729673e-01	1.000000e+00	3.333333e-01	STATE 2 PHASE 1
543	0.000000e+00	7.752931e-01	1.000000e+00	3.333333e-01	STATE 3 PHASE 1
544	0.000000e+00	7.436460e-01	1.000000e+00	3.333333e-01	STATE 4 PHASE 1
545	0.000000e+00	6.851523e-01	1.000000e+00	3.333333e-01	STATE 5 PHASE 1
546	0.000000e+00	6.127584e-01	1.000000e+00	3.333333e-01	STATE 6 PHASE 1
547	0.000000e+00	5.401310e-01	1.000000e+00	3.333333e-01	STATE 7 PHASE 1
548	0.000000e+00	4.791071e-01	1.000000e+00	3.333333e-01	STATE 8 PHASE 1
549	0.000000e+00	4.387100e-01	1.000000e+00	3.333333e-01	STATE 9 PHASE 1
550	0.000000e+00	4.246002e-01	1.000000e+00	3.333333e-01	STATE 10 PHASE 1
551	0.000000e+00	7.340585e-01	1.000000e+00	3.333333e-01	STATE 1 PHASE 1
552	0.000000e+00	7.676618e-01	1.000000e+00	3.333333e-01	STATE 2 PHASE 1
553	0.000000e+00	7.703910e-01	1.000000e+00	3.333333e-01	STATE 3 PHASE 1
554	0.000000e+00	7.399067e-01	1.000000e+00	3.333333e-01	STATE 4 PHASE 1
555	0.000000e+00	6.829484e-01	1.000000e+00	3.333333e-01	STATE 5 PHASE 1
556	0.000000e+00	6.120891e-01	1.000000e+00	3.333333e-01	STATE 6 PHASE 1
557	0.000000e+00	5.407887e-01	1.000000e+00	3.333333e-01	STATE 7 PHASE 1
558	0.000000e+00	4.807784e-01	1.000000e+00	3.333333e-01	STATE 8 PHASE 1
559	0.000000e+00	4.410163e-01	1.000000e+00	3.333333e-01	STATE 9 PHASE 1
560	0.000000e+00	4.271229e-01	1.000000e+00	3.333333e-01	STATE 10 PHASE 1
561	0.000000e+00	7.293446e-01	1.000000e+00	3.333333e-01	STATE 1 PHASE 1
562	0.000000e+00	7.625792e-01	1.000000e+00	3.333333e-01	STATE 2 PHASE 1
563	0.000000e+00	7.656743e-01	1.000000e+00	3.333333e-01	STATE 3 PHASE 1
564	0.000000e+00	7.362795e-01	1.000000e+00	3.333333e-01	STATE 4 PHASE 1
565	0.000000e+00	6.807822e-01	1.000000e+00	3.333333e-01	STATE 5 PHASE 1
566	0.000000e+00	6.113986e-01	1.000000e+00	3.333333e-01	STATE 6 PHASE 1
567	0.000000e+00	5.413818e-01	1.000000e+00	3.333333e-01	STATE 7 PHASE 1
568	0.000000e+00	4.823545e-01	1.000000e+00	3.333333e-01	STATE 8 PHASE 1
569	0.000000e+00	4.432089e-01	1.000000e+00	3.333333e-01	STATE 9 PHASE 1
570	0.000000e+00	4.295256e-01	1.000000e+00	3.333333e-01	STATE 10 PHASE 1
571	0.000000e+00	7.248452e-01	1.000000e+00	3.333333e-01	STATE 1 PHASE 1
572	0.000000e+00	7.577230e-01	1.000000e+00	3.333333e-01	STATE 2 PHASE 1
573	0.000000e+00	7.611500e-01	1.000000e+00	3.333333e-01	STATE 3 PHASE 1
574	0.000000e+00	7.327741e-01	1.000000e+00	3.333333e-01	STATE 4 PHASE 1
575	0.000000e+00	6.786630e-01	1.000000e+00	3.333333e-01	STATE 5 PHASE 1
576	0.000000e+00	6.106933e-01	1.000000e+00	3.333333e-01	STATE 6 PHASE 1
577	0.000000e+00	5.419134e-01	1.000000e+00	3.333333e-01	STATE 7 PHASE 1
578	0.000000e+00	4.838358e-01	1.000000e+00	3.333333e-01	STATE 8 PHASE 1
579	0.000000e+00	4.452865e-01	1.000000e+00	3.333333e-01	STATE 9 PHASE 1
580	0.000000e+00	4.318066e-01	1.000000e+00	3.333333e-01	STATE 10 PHASE 1
581	0.000000e+00	7.205620e-01	1.000000e+00	3.333333e-01	STATE 1 PHASE 1
582	0.000000e+00	7.530967e-01	1.000000e+00	3.333333e-01	STATE 2 PHASE 1
583	0.000000e+00	7.568239e-01	1.000000e+00	3.333333e-01	STATE 3 PHASE 1
584	0.000000e+00	7.293989e-01	1.000000e+00	3.333333e-01	STATE 4 PHASE 1
585	0.000000e+00	6.765992e-01	1.000000e+00	3.333333e-01	STATE 5 PHASE 1
586	0.000000e+00	6.099796e-01	1.000000e+00	3.333333e-01	STATE 6 PHASE 1
587	0.000000e+00	5.423870e-01	1.000000e+00	3.333333e-01	STATE 7 PHASE 1
588	0.000000e+00	4.852235e-01	1.000000e+00	3.333333e-01	STATE 8 PHASE 1
589	0.000000e+00	4.472489e-01	1.000000e+00	3.333333e-01	STATE 9 PHASE 1
590	0.000000e+00	4.339650e-01	1.000000e+00	3.333333e-01	STATE 10 PHASE 1
591	0.000000e+00	7.164962e-01	1.000000e+00	3.333333e-01	STATE 1 PHASE 1
592	0.000000e+00	7.487025e-01	1.000000e+00	3.333333e-01	STATE 2 PHASE 1
593	0.000000e+00	7.527011e-01	1.000000e+00	3.333333e-01	STATE 3 PHASE 1
594	0.000000e+00	7.261616e-01	1.000000e+00	3.333333e-01	STATE 4 PHASE 1
595	0.000000e+00	6.745986e-01	1.000000e+00	3.333333e-01	STATE 5 PHASE 1
596	0.000000e+00	6.092634e-01	1.000000e+00	3.333333e-01	STATE 6 PHASE 1
597	0.000000e+00	5.428062e-01	1.000000e+00	3.333333e-01	STATE 7 PHASE 1
598	0.000000e+00	4.865192e-01	1.000000e+00	3.333333e-01	STATE 8 PHASE 1
599	0.000000e+00	4.490961e-01	1.000000e+00	3.333333e-01	STATE 9 PHASE 1
600	0.000000e+00	4.360004e-01	1.000000e+00	3.333333e-01	STATE 10 PHASE 1
601	0.000000e+00	7.126493e-01	1.000000e+00	3.333333e-01	STATE 1 PHASE 1
602	0.000000e+00	7.445424e-01	1.000000e+00	3.333333e-01	STATE 2 PHASE 1
603	0.000000e+00	7.487858e-01	1.000000e+00	3.333333e-01	STATE 3 PHASE 1
604	0.000000e+00	7.230689e-01	1.000000e+00	3.333333e-01	STATE 4 PHASE 1
605	0.000000e+00	6.726684e-01	1.000000e+00	3.333333e-01	STATE 5 PHASE 1
606	0.000000e+00	6.085507e-01	1.000000e+00	3.333333e-01	STATE 6 PHASE 1
607	0.000000e+00	5.431749e-01	1.000000e+00	3.333333e-01	STATE 7 PHASE 1
608	0.000000e+00	4.877247e-01	1.000000e+00	3.333333e-01	STATE 8 PHASE 1
609	0.000000e+00	4.508289e-01	1.000000e+00	3.333333e-01	STATE 9 PHASE 1
610	0.000000e+00	4.379132e-01	1.000000e+00	3.333333e-01	STATE 10 PHASE 1
611	0.000000e+00	7.090202e-01	1.000000e+00	3.333333e-01	STATE 1 PHASE 1
612	0.000000e+00	7.406173e-01	1.000000e+00	3.333333e-01	STATE 2 PHASE 1
613	0.000000e+00	7.450816e-01	1.000000e+00	3.333333e-01	STATE 3 PHASE 1
614	0.000000e+00	7.201269e-01	1.000000e+00	3.333333e-01	STATE 4 PHASE 1
615	0.000000e+00	6.708156e-01	1.000000e+00	3.333333e-01	STATE 5 PHASE 1
616	0.000000e+00	6.078470e-01	1.000000e+00	3.333333e-01	STATE 6 PHASE 1
617	0.000000e+00	5.434969e-01	1.000000e+00	3.333333e-01	STATE 7 PHASE 1
618	0.000000e+00	4.888424e-01	1.000000e+00	3.333333e-01	STATE 8 PHASE 1
619	0.000000e+00	4.524485e-01	1.000000e+00	3.333333e-01	STATE 9 PHASE 1
620	0.000000e+00	4.397042e-01	1.000000e+00	3.333333e-01	STATE 10 PHASE 1
621	0.000000e+00	7.056106e-01	1.000000e+00	3.333333e-01	STATE 1 PHASE 1
622	0.000000e+00	7.369281e-01	1.000000e+00	3.333333e-01	STATE 2 PHASE 1
623	0.000000e+00	7.415913e-01	1.000000e+00	3.333333e-01	STATE 3 PHASE 1
624	0.000000e+00	7.173409e-01	1.000000e+00	3.333333e-01	STATE 4 PHASE 1
625	0.000000e+00	6.690460e-01	1.000000e+00	3.333333e-01	STATE 5 PHASE 1
626	0.000000e+00	6.071579e-01	1.000000e+00	3.333333e-01	STATE 6 PHASE 1
627	0.000000e+00	5.437762e-01	1.000000e+00	3.333333e-01	STATE 7 PHASE 1
628	0.000000e+00	4.898747e-01	1.000000e+00	3.333333e-01	STATE 8 PHASE 1
629	0.000000e+00	4.539563e-01	1.000000e+00	3.333333e-01	STATE 9 PHASE 1
630	0.000000e+00	4.413744e-01	1.000000e+00	3.333333e-01	STATE 10 PHASE 1
631	0.000000e+00	7.024182e-01	1.000000e+00	3.333333e-01	STATE 1 PHASE 1
632	0.000000e+00	7.334751e-01	1.000000e+00	3.333333e-01	STATE 2 PHASE 1
633	0.000000e+00	7.383173e-01	1.000000e+00	3.333333e-01	STATE 3 PHASE 1
634	0.000000e+00	7.147154e-01	1.000000e+00	3.333333e-01	STATE 4 PHASE 1
635	0.000000e+00	6.673655e-01	1.000000e+00	3.333333e-01	STATE 5 PHASE 1
636	0.000000e+00	6.064882e-01	1.000000e+00	3.333333e-01	STATE 6 PHASE 1
637	0.000000e+00	5.440166e-01	1.000000e+00	3.333333e-01	STATE 7 PHASE 1
638	0.000000e+00	4.908242e-01	1.000000e+00	3.333333e-01	STATE 8 PHASE 1
639	0.000000e+00	4.553541e-01	1.000000e+00	3.333333e-01	STATE 9 PHASE 1
640	0.000000e+00	4.429255e-01	1.000000e+00	3.333333e-01	STATE 10 PHASE 1
641	0.000000e+00	6.994448e-01	1.000000e+00	3.333333e-01	STATE 1 PHASE 1
642	0.000000e+00	7.302583e-01	1.000000e+00	3.333333e-01	STATE 2 PHASE 1
643	0.000000e+00	7.352612e-01	1.000000e+00	3.333333e-01	STATE 3 PHASE 1
644	0.000000e+00	7.122545e-01	1.000000e+00	3.333333e-01	STATE 4 PHASE 1
645	0.000000e+00	6.657789e-01	1.000000e+00	3.333333e-01	STATE 5 PHASE 1
646	0.000000e+00	6.058430e-01	1.000000e+00	3.333333e-01	STATE 6 PHASE 1
647	0.000000e+00	5.442219e-01	1.000000e+00	3.333333e-01	STATE 7 PHASE 1
648	0.000000e+00	4.916938e-01	1.000000e+00	3.333333e-01	STATE 8 PHASE 1
649	0.000000e+00	4.566440e-01	1.000000e+00	3.333333e-01	STATE 9 PHASE 1
650	0.000000e+00	4.443590e-01	1.000000e+00	3.333333e-01	STATE 10 PHASE 1
651	0.000000e+00	6.966879e-01	1.000000e+00	3.333333e-01	STATE 1 PHASE 1
652	0.000000e+00	7.272775e-01	1.000000e+00	3.333333e-01	STATE 2 PHASE 1
653	0.000000e+00	7.324246e-01	1.000000e+00	3.333333e-01	STATE 3 PHASE 1
654	0.000000e+00	7.099616e-01	1.000000e+00	3.333333e-01	STATE 4 PHASE 1
655	0.000000e+00	6.642910e-01	1.000000e+00	3.333333e-01	STATE 5 PHASE 1
656	0.000000e+00	6.052265e-01	1.000000e+00	3.333333e-01	STATE 6 PHASE 1
657	0.000000e+00	5.443958e-01	1.000000e+00	3.333333e-01	STATE 7 PHASE 1
658	0.000000e+00	4.924861e-01	1.000000e+00	3.333333e-01	STATE 8 PHASE 1
659	0.000000e+00	4.578280e-01	1.000000e+00	3.333333e-01	STATE 9 PHASE 1
660	0.000000e+00	4.456771e-01	1.000000e+00	3.333333e-01	STATE 10 PHASE 1
661	0.000000e+00	6.941489e-01	1.000000e+00	3.333333e-01	STATE 1 PHASE 1
662	0.000000e+00	7.245325e-01	1.000000e+00	3.333333e-01	STATE 2 PHASE 1
663	0.000000e+00	7.298085e-01	1.000000e+00	3.333333e-01	STATE 3 PHASE 1
664	0.000000e+00	7.078396e-01	1.000000e+00	3.333333e-01	STATE 4 PHASE 1
665	0.000000e+00	6.629058e-01	1.000000e+00	3.333333e-01	STATE 5 PHASE 1
666	0.000000e+00	6.046430e-01	1.000000e+00	3.333333e-01	STATE 6 PHASE 1
667	0.000000e+00	5.445418e-01	1.000000e+00	3.333333e-01	STATE 7 PHASE 1
668	0.000000e+00	4.932039e-01	1.000000e+00	3.333333e-01	STATE 8 PHASE 1
669	0.000000e+00	4.589084e-01	1.000000e+00	3.333333e-01	STATE 9 PHASE 1
670	0.000000e+00	4.468815e-01	1.000000e+00	3.333333e-01	STATE 10 PHASE 1
671	0.000000e+00	6.918260e-01	1.000000e+00	3.333333e-01	STATE 1 PHASE 1
672	0.000000e+00	7.220229e-01	1.000000e+00	3.333333e-01	STATE 2 PHASE 1
673	0.000000e+00	7.274136e-01	1.000000e+00	3.333333e-01	STATE 3 PHASE 1
674	0.000000e+00	7.058912e-01	1.000000e+00	3.333333e-01	STATE 4 PHASE 1
675	0.000000e+00	6.616270e-01	1.000000e+00	3.333333e-01	STATE 5 PHASE 1
676	0.000000e+00	6.040962e-01	1.000000e+00	3.333333e-01	STATE 6 PHASE 1
677	0.000000e+00	5.446632e-01	1.000000e+00	3.333333e-01	STATE 7 PHASE 1
678	0.000000e+00	4.938501e-01	1.000000e+00	3.333333e-01	STATE 8 PHASE 1
679	0.000000e+00	4.598875e-01	1.000000e+00	3.333333e-01	STATE 9 PHASE 1
680	0.000000e+00	4.479746e-01	1.000000e+00	3.333333e-01	STATE 10 PHASE 1
681	0.000000e+00	6.897206e-01	1.000000e+00	3.333333e-01	STATE 1 PHASE 1
682	0.000000e+00	7.197483e-01	1.000000e+00	3.333333e-01	STATE 2 PHASE 1
683	0.000000e+00	7.252406e-01	1.000000e+00	3.333333e-01	STATE 3 PHASE 1
684	0.000000e+00	7.041185e-01	1.000000e+00	3.333333e-01	STATE 4 PHASE 1
685	0.000000e+00	6.604579e-01	1.000000e+00	3.333333e-01	STATE 5 PHASE 1
686	0.000000e+00	6.035897e-01	1.000000e+00	3.333333e-01	STATE 6 PHASE 1
687	0.000000e+00	5.447631e-01	1.000000e+00	3.333333e-01	STATE 7 PHASE 1
688	0.000000e+00	4.944270e-01	1.000000e+00	3.333333e-01	STATE 8 PHASE 1
689	0.000000e+00	4.607674e-01	1.000000e+00	3.333333e-01	STATE 9 PHASE 1
690	0.000000e+00	4.489583e-01	1.000000e+00	3.333333e-01	STATE 10 PHASE 1
691	0.000000e+00	6.878311e-01	1.000000e+00	3.333333e-01	STATE 1 PHASE 1
692	0.000000e+00	7.177083e-01	1.000000e+00	3.333333e-01	STATE 2 PHASE 1
693	0.000000e+00	7.232900e-01	1.000000e+00	3.333333e-01	STATE 3 PHASE 1
694	0.000000e+00	7.025233e-01	1.000000e+00	3.333333e-01	STATE 4 PHASE 1
695	0.000000e+00	6.594012e-01	1.000000e+00	3.333333e-01	STATE 5 PHASE 1
696	0.000000e+00	6.031265e-01	1.000000e+00	3.333333e-01	STATE 6 PHASE 1
697	0.000000e+00	5.448445e-01	1.000000e+00	3.333333e-01	STATE 7 PHASE 1
698	0.000000e+00	4.949374e-01	1.000000e+00	3.333333e-01	STATE 8 PHASE 1
699	0.000000e+00	4.615504e-01	1.000000e+00	3.333333e-01	STATE 9 PHASE 1
700	0.000000e+00	4.498346e-01	1.000000e+00	3.333333e-01	STATE 10 PHASE 1
701	0.000000e+00	6.861585e-01	1.000000e+00	3.333333e-01	STATE 1 PHASE 1
702	0.000000e+00	7.159026e-01	1.000000e+00	3.333333e-01	STATE 2 PHASE 1
703	0.000000e+00	7.215619e-01	1.000000e+00	3.333333e-01	STATE 3 PHASE 1
704	0.000000e+00	7.011071e-01	1.000000e+00	3.333333e-01	STATE 4 PHASE 1
705	0.000000e+00	6.584596e-01	1.000000e+00	3.333333e-01	STATE 5 PHASE 1
706	0.000000e+00	6.027095e-01	1.000000e+00	3.333333e-01	STATE 6 PHASE 1
707	0.000000e+00	5.449100e-01	1.000000e+00	3.333333e-01	STATE 7 PHASE 1
708	0.000000e+00	4.953834e-01	1.000000e+00	3.333333e-01	STATE 8 PHASE 1
709	0.000000e+00	4.622384e-01	1.000000e+00	3.333333e-01	STATE 9 PHASE 1
710	0.000000e+00	4.506056e-01	1.000000e+00	3.333333e-01	STATE 10 PHASE 1
711	0.000000e+00	6.847018e-01	1.000000e+00	3.333333e-01	STATE 1 PHASE 1
712	0.000000e+00	7.143308e-01	1.000000e+00	3.333333e-01	STATE 2 PHASE 1
713	0.000000e+00	7.200565e-01	1.000000e+00	3.333333e-01	STATE 3 PHASE 1
714	0.000000e+00	6.998712e-01	1.000000e+00	3.333333e-01	STATE 4 PHASE 1
715	0.000000e+00	6.576351e-01	1.000000e+00	3.333333e-01	STATE 5 PHASE 1
716	0.000000e+00	6.023412e-01	1.000000e+00	3.333333e-01	STATE 6 PHASE 1
717	0.000000e+00	5.449619e-01	1.000000e+00	3.333333e-01	STATE 7 PHASE 1
718	0.000000e+00	4.957672e-01	1.000000e+00	3.333333e-01	STATE 8 PHASE 1
719	0.000000e+00	4.628334e-01	1.000000e+00	3.333333e-01	STATE 9 PHASE 1
720	0.000000e+00	4.512729e-01	1.000000e+00	3.333333e-01	STATE 10 PHASE 1
721	0.000000e+00	6.834614e-01	1.000000e+00	3.333333e-01	STATE 1 PHASE 1
722	0.000000e+00	7.129925e-01	1.000000e+00	3.333333e-01	STATE 2 PHASE 1
723	0.000000e+00	7.187741e-01	1.000000e+00	3.333333e-01	STATE 3 PHASE 1
724	0.000000e+00	6.988167e-01	1.000000e+00	3.333333e-01	STATE 4 PHASE 1
725	0.000000e+00	6.569297e-01	1.000000e+00	3.333333e-01	STATE 5 PHASE 1
726	0.000000e+00	6.020236e-01	1.000000e+00	3.333333e-01	STATE 6 PHASE 1
727	0.000000e+00	5.450023e-01	1.000000e+00	3.333333e-01	STATE 7 PHASE 1
728	0.000000e+00	4.960907e-01	1.000000e+00	3.333333e-01	STATE 8 PHASE 1
729	0.000000e+00	4.633370e-01	1.000000e+00	3.333333e-01	STATE 9 PHASE 1
730	0.000000e+00	4.518383e-01	1.000000e+00	3.333333e-01	STATE 10 PHASE 1
731	0.000000e+00	6.824369e-01	1.000000e+00	3.333333e-01	STATE 1 PHASE 1
732	0.000000e+00	7.118874e-01	1.000000e+00	3.333333e-01	STATE 2 PHASE 1
733	0.000000e+00	7.177147e-01	1.000000e+00	3.333333e-01	STATE 3 PHASE 1
734	0.000000e+00	6.979444e-01	1.000000e+00	3.333333e-01	STATE 4 PHASE 1
735	0.000000e+00	6.563447e-01	1.000000e+00	3.333333e-01	STATE 5 PHASE 1
736	0.000000e+00	6.017586e-01	1.000000e+00	3.333333e-01	STATE 6 PHASE 1
737	0.000000e+00	5.450331e-01	1.000000e+00	3.333333e-01	STATE 7 PHASE 1
738	0.000000e+00	4.963554e-01	1.000000e+00	3.333333e-01	STATE 8 PHASE 1
739	0.000000e+00	4.637508e-01	1.000000e+00	3.333333e-01	STATE 9 PHASE 1
740	0.000000e+00	4.523032e-01	1.000000e+00	3.333333e-01	STATE 10 PHASE 1
741	0.000000e+00	6.816282e-01	1.000000e+00	3.333333e-01	STATE 1 PHASE 1
742	0.000000e+00	7.110152e-01	1.000000e+00	3.333333e-01	STATE 2 PHASE 1
743	0.000000e+00	7.168783e-01	1.000000e+00	3.333333e-01	STATE 3 PHASE 1
744	0.000000e+00	6.972550e-01	1.000000e+00	3.333333e-01	STATE 4 PHASE 1
745	0.000000e+00	6.558816e-01	1.000000e+00	3.333333e-01	STATE 5 PHASE 1
746	0.000000e+00	6.015478e-01	1.000000e+00	3.333333e-01	STATE 6 PHASE 1
747	0.000000e+00	5.450558e-01	1.000000e+00	3.333333e-01	STATE 7 PHASE 1
748	0.000000e+00	4.965629e-01	1.000000e+00	3.333333e-01	STATE 8 PHASE 1
749	0.000000e+00	4.640760e-01	1.000000e+00	3.333333e-01	STATE 9 PHASE 1
750	0.000000e+00	4.526687e-01	1.000000e+00	3.333333e-01	STATE 10 PHASE 1
751	0.000000e+00	6.810354e-01	1.000000e+00	3.333333e-01	STATE 1 PHASE 1
752	0.000000e+00	7.103759e-01	1.000000e+00	3.333333e-01	STATE 2 PHASE 1
753	0.000000e+00	7.162649e-01	1.000000e+00	3.333333e-01	STATE 3 PHASE 1
754	0.000000e+00	6.967491e-01	1.000000e+00	3.333333e-01	STATE 4 PHASE 1
755	0.000000e+00	6.555412e-01	1.000000e+00	3.333333e-01	STATE 5 PHASE 1
756	0.000000e+00	6.013922e-01	1.000000e+00	3.333333e-01	STATE 6 PHASE 1
757	0.000000e+00	5.450714e-01	1.000000e+00	3.333333e-01	STATE 7 PHASE 1
758	0.000000e+00	4.967141e-01	1.000000e+00	3.333333e-01	STATE 8 PHASE 1
759	0.000000e+00	4.643137e-01	1.000000e+00	3.333333e-01	STATE 9 PHASE 1
760	0.000000e+00	4.529360e-01	1.000000e+00	3.333333e-01	STATE 10 PHASE 1
761	0.000000e+00	6.806583e-01	1.000000e+00	3.333333e-01	STATE 1 PHASE 1
762	0.000000e+00	7.099692e-01	1.000000e+00	3.333333e-01	STATE 2 PHASE 1
763	0.000000e+00	7.158747e-01	1.000000e+00	3.333333e-01	STATE 3 PHASE 1
764	0.000000e+00	6.964271e-01	1.000000e+00	3.333333e-01	STATE 4 PHASE 1
765	0.000000e+00	6.553243e-01	1.000000e+00	3.333333e-01	STATE 5 PHASE 1
766	0.000000e+00	6.012929e-01	1.000000e+00	3.333333e-01	STATE 6 PHASE 1
767	0.000000e+00	5.450810e-01	1.000000e+00	3.333333e-01	STATE 7 PHASE 1
768	0.000000e+00	4.968100e-01	1.000000e+00	3.333333e-01	STATE 8 PHASE 1
769	0.000000e+00	4.644645e-01	1.000000e+00	3.333333e-01	STATE 9 PHASE 1
770	0.000000e+00	4.531057e-01	1.000000e+00	3.333333e-01	STATE 10 PHASE 1
771	0.000000e+00	6.804984e-01	1.000000e+00	3.333333e-01	STATE 1 PHASE 1
772	0.000000e+00	7.097963e-01	1.000000e+00	3.333333e-01	STATE 2 PHASE 1
773	0.000000e+00	7.157088e-01	1.000000e+00	3.333333e-01	STATE 3 PHASE 1
774	0.000000e+00	6.962901e-01	1.000000e+00	3.333333e-01	STATE 4 PHASE 1
775	0.000000e+00	6.552320e-01	1.000000e+00	3.333333e-01	STATE 5 PHASE 1
776	0.000000e+00	6.012505e-01	1.000000e+00	3.333333e-01	STATE 6 PHASE 1
777	0.000000e+00	5.450849e-01	1.000000e+00	3.333333e-01	STATE 7 PHASE 1
778	0.000000e+00	4.968506e-01	1.000000e+00	3.333333e-01	STATE 8 PHASE 1
779	0.000000e+00	4.645285e-01	1.000000e+00	3.333333e-01	STATE 9 PHASE 1
780	0.000000e+00	4.531778e-01	1.000000e+00	3.333333e-01	STATE 10 PHASE 1
781	0.000000e+00	0.000000e+00	0.000000e+00	2.000000e+00	t0 PHASE 1
782	1.000000e+00	1.000000e+00	1.000000e+00	2.000000e+00	tf PHASE 1