
***** Phase 1 differential defect constraints *****
LOWER		G(X)		UPPER		SCALING
0.000000e+00	-4.695365e-17	0.000000e+00	6.027390e-03 ***
0.000000e+00	-4.079616e-16	0.000000e+00	8.906161e-03 ***
0.000000e+00	3.731309e-16	0.000000e+00	6.259139e-03 ***
0.000000e+00	2.235538e-11	0.000000e+00	5.952122e-03 ***
0.000000e+00	-5.274090e-14	0.000000e+00	1.142391e-02 ***
0.000000e+00	3.449424e-14	0.000000e+00	3.387483e-03 ***
0.000000e+00	-5.895663e-17	0.000000e+00	6.027389e-03 ***
0.000000e+00	-1.188640e-15	0.000000e+00	8.906144e-03 ***
0.000000e+00	1.067279e-15	0.000000e+00	6.259113e-03 ***
0.000000e+00	4.081947e-11	0.000000e+00	5.952121e-03 ***
0.000000e+00	8.193533e-14	0.000000e+00	1.142387e-02 ***
0.000000e+00	-1.422404e-14	0.000000e+00	3.387480e-03 ***
0.000000e+00	-6.953989e-17	0.000000e+00	6.027386e-03 ***
0.000000e+00	-1.800574e-15	0.000000e+00	8.906109e-03 ***
0.000000e+00	1.742972e-15	0.000000e+00	6.259062e-03 ***
0.000000e+00	3.271960e-11	0.000000e+00	5.952117e-03 ***
0.000000e+00	-3.995294e-15	0.000000e+00	1.142380e-02 ***
0.000000e+00	1.515249e-14	0.000000e+00	3.387478e-03 ***
0.000000e+00	-8.136214e-17	0.000000e+00	6.027383e-03 ***
0.000000e+00	-2.832203e-15	0.000000e+00	8.906057e-03 ***
0.000000e+00	2.614854e-15	0.000000e+00	6.258985e-03 ***
0.000000e+00	2.394295e-11	0.000000e+00	5.952107e-03 ***
0.000000e+00	-1.188811e-13	0.000000e+00	1.142372e-02 ***
0.000000e+00	5.445986e-14	0.000000e+00	3.387480e-03 ***
0.000000e+00	-9.561076e-17	0.000000e+00	6.027378e-03 ***
0.000000e+00	-4.222946e-15	0.000000e+00	8.905988e-03 ***
0.000000e+00	3.876113e-15	0.000000e+00	6.258882e-03 ***
0.000000e+00	1.439985e-11	0.000000e+00	5.952094e-03 ***
0.000000e+00	-3.128562e-13	0.000000e+00	1.142365e-02 ***
0.000000e+00	1.210050e-13	0.000000e+00	3.387491e-03 ***
0.000000e+00	-1.102724e-16	0.000000e+00	6.027372e-03 ***
0.000000e+00	-8.224602e-15	0.000000e+00	8.905908e-03 ***
0.000000e+00	7.129369e-15	0.000000e+00	6.258759e-03 ***
0.000000e+00	4.680288e-12	0.000000e+00	5.952057e-03 ***
0.000000e+00	-1.248315e-12	0.000000e+00	1.152001e-02 ***
0.000000e+00	4.397986e-13	0.000000e+00	3.393420e-03 ***
0.000000e+00	-1.158478e-16	0.000000e+00	6.027365e-03 ***
0.000000e+00	-6.583899e-15	0.000000e+00	8.905834e-03 ***
0.000000e+00	6.035651e-15	0.000000e+00	6.258629e-03 ***
0.000000e+00	3.393877e-14	0.000000e+00	5.951987e-03 ***
0.000000e+00	1.950998e-12	0.000000e+00	1.172954e-02 ***
0.000000e+00	-6.309041e-13	0.000000e+00	3.407434e-03 ***
0.000000e+00	-1.071745e-16	0.000000e+00	6.027357e-03 ***
0.000000e+00	-1.878924e-15	0.000000e+00	8.905784e-03 ***
0.000000e+00	2.610795e-15	0.000000e+00	6.258508e-03 ***
0.000000e+00	-4.045707e-16	0.000000e+00	5.951897e-03 ***
0.000000e+00	-1.176075e-14	0.000000e+00	1.189107e-02 ***
0.000000e+00	3.527945e-14	0.000000e+00	3.422221e-03 ***
0.000000e+00	-1.230750e-16	0.000000e+00	6.027348e-03 ***
0.000000e+00	-4.701267e-15	0.000000e+00	8.905767e-03 ***
0.000000e+00	4.933329e-15	0.000000e+00	6.258408e-03 ***
0.000000e+00	-2.593129e-14	0.000000e+00	5.951807e-03 ***
0.000000e+00	-1.148784e-12	0.000000e+00	1.191895e-02 ***
0.000000e+00	4.017850e-13	0.000000e+00	3.428862e-03 ***
0.000000e+00	-1.274113e-16	0.000000e+00	6.027337e-03 ***
0.000000e+00	-4.521857e-15	0.000000e+00	8.905766e-03 ***
0.000000e+00	5.163109e-15	0.000000e+00	6.258316e-03 ***
0.000000e+00	1.962105e-14	0.000000e+00	5.951705e-03 ***
0.000000e+00	1.160322e-12	0.000000e+00	1.191903e-02 ***
0.000000e+00	-3.553877e-13	0.000000e+00	3.429323e-03 ***
0.000000e+00	-1.313346e-16	0.000000e+00	6.027325e-03 ***
0.000000e+00	-5.232173e-15	0.000000e+00	8.905766e-03 ***
0.000000e+00	5.932338e-15	0.000000e+00	6.258219e-03 ***
0.000000e+00	-5.819299e-14	0.000000e+00	5.951569e-03 ***
0.000000e+00	-1.431411e-12	0.000000e+00	1.191904e-02 ***
0.000000e+00	5.466057e-13	0.000000e+00	3.429101e-03 ***
0.000000e+00	-1.259653e-16	0.000000e+00	6.027312e-03 ***
0.000000e+00	-5.129043e-15	0.000000e+00	8.905766e-03 ***
0.000000e+00	6.326753e-15	0.000000e+00	6.258118e-03 ***
0.000000e+00	4.671090e-14	0.000000e+00	5.951392e-03 ***
0.000000e+00	1.425913e-12	0.000000e+00	1.191904e-02 ***
0.000000e+00	-4.871463e-13	0.000000e+00	3.429344e-03 ***
0.000000e+00	-1.296820e-16	0.000000e+00	6.027298e-03 ***
0.000000e+00	-5.722804e-15	0.000000e+00	8.905766e-03 ***
0.000000e+00	7.113080e-15	0.000000e+00	6.258011e-03 ***
0.000000e+00	-1.000994e-13	0.000000e+00	5.951169e-03 ***
0.000000e+00	-1.657157e-12	0.000000e+00	1.191903e-02 ***
0.000000e+00	7.344556e-13	0.000000e+00	3.429418e-03 ***
0.000000e+00	-1.234867e-16	0.000000e+00	6.027282e-03 ***
0.000000e+00	-5.567804e-15	0.000000e+00	8.905766e-03 ***
0.000000e+00	7.763015e-15	0.000000e+00	6.257899e-03 ***
0.000000e+00	8.055784e-14	0.000000e+00	5.950883e-03 ***
0.000000e+00	1.622203e-12	0.000000e+00	1.191900e-02 ***
0.000000e+00	-6.473555e-13	0.000000e+00	3.429218e-03 ***
0.000000e+00	-1.214213e-16	0.000000e+00	6.027265e-03 ***
0.000000e+00	-5.875363e-15	0.000000e+00	8.905766e-03 ***
0.000000e+00	8.846002e-15	0.000000e+00	6.257782e-03 ***
0.000000e+00	-1.493046e-13	0.000000e+00	5.950533e-03 ***
0.000000e+00	-1.820160e-12	0.000000e+00	1.191896e-02 ***
0.000000e+00	1.019586e-12	0.000000e+00	3.429519e-03 ***
0.000000e+00	-1.110960e-16	0.000000e+00	6.027246e-03 ***
0.000000e+00	-5.989478e-15	0.000000e+00	8.905766e-03 ***
0.000000e+00	1.053610e-14	0.000000e+00	6.257661e-03 ***
0.000000e+00	1.165042e-13	0.000000e+00	5.950110e-03 ***
0.000000e+00	1.691215e-12	0.000000e+00	1.191891e-02 ***
0.000000e+00	-7.792331e-13	0.000000e+00	3.429392e-03 ***
0.000000e+00	-1.561121e-16	0.000000e+00	6.027226e-03 ***
0.000000e+00	-3.885380e-15	0.000000e+00	8.905766e-03 ***
0.000000e+00	-5.730186e-14	0.000000e+00	6.257558e-03 ***
0.000000e+00	-2.082323e-13	0.000000e+00	5.949540e-03 ***
0.000000e+00	-2.845641e-12	0.000000e+00	1.191892e-02 ***
0.000000e+00	-1.179398e-11	0.000000e+00	3.434618e-03 ***
0.000000e+00	-2.808356e-17	0.000000e+00	6.027204e-03 ***
0.000000e+00	-8.636626e-14	0.000000e+00	8.905767e-03 ***
0.000000e+00	-6.082243e-14	0.000000e+00	6.257502e-03 ***
0.000000e+00	-7.909957e-12	0.000000e+00	5.948912e-03 ***
0.000000e+00	-3.654470e-11	0.000000e+00	1.191898e-02 ***
0.000000e+00	1.400061e-11	0.000000e+00	3.439835e-03 ***
0.000000e+00	-7.764247e-17	0.000000e+00	6.027180e-03 ***
0.000000e+00	-1.007435e-13	0.000000e+00	8.905768e-03 ***
0.000000e+00	6.587665e-15	0.000000e+00	6.257485e-03 ***
0.000000e+00	5.039274e-12	0.000000e+00	5.948281e-03 ***
0.000000e+00	2.694148e-11	0.000000e+00	1.191905e-02 ***
0.000000e+00	9.236009e-12	0.000000e+00	3.440423e-03 ***
0.000000e+00	-3.068517e-16	0.000000e+00	6.027155e-03 ***
0.000000e+00	-2.550120e-14	0.000000e+00	8.905767e-03 ***
0.000000e+00	6.728302e-15	0.000000e+00	6.257485e-03 ***
0.000000e+00	-7.774722e-13	0.000000e+00	5.947665e-03 ***
0.000000e+00	3.740913e-12	0.000000e+00	1.191886e-02 ***
0.000000e+00	-5.273362e-15	0.000000e+00	3.440437e-03 ***
0.000000e+00	-3.076763e-16	0.000000e+00	6.027128e-03 ***
0.000000e+00	-2.717325e-14	0.000000e+00	8.905766e-03 ***
0.000000e+00	7.958022e-15	0.000000e+00	6.257485e-03 ***
0.000000e+00	-8.415343e-13	0.000000e+00	5.947017e-03 ***
0.000000e+00	-4.897250e-12	0.000000e+00	1.191896e-02 ***
0.000000e+00	3.565012e-13	0.000000e+00	3.440429e-03 ***
0.000000e+00	-3.241942e-16	0.000000e+00	6.027098e-03 ***
0.000000e+00	-2.333303e-14	0.000000e+00	8.905766e-03 ***
0.000000e+00	8.174124e-15	0.000000e+00	6.257485e-03 ***
0.000000e+00	2.993821e-13	0.000000e+00	5.946320e-03 ***
0.000000e+00	6.365957e-12	0.000000e+00	1.191896e-02 ***
0.000000e+00	4.471112e-13	0.000000e+00	3.440444e-03 ***
0.000000e+00	-3.332782e-16	0.000000e+00	6.027067e-03 ***
0.000000e+00	-2.047040e-14	0.000000e+00	8.905766e-03 ***
0.000000e+00	1.074333e-14	0.000000e+00	6.257485e-03 ***
0.000000e+00	-1.647609e-12	0.000000e+00	5.945557e-03 ***
0.000000e+00	-5.196595e-12	0.000000e+00	1.191889e-02 ***
0.000000e+00	4.008909e-13	0.000000e+00	3.440443e-03 ***
0.000000e+00	-3.485567e-16	0.000000e+00	6.027034e-03 ***
0.000000e+00	-1.902170e-14	0.000000e+00	8.905766e-03 ***
0.000000e+00	1.111207e-14	0.000000e+00	6.257485e-03 ***
0.000000e+00	8.258950e-13	0.000000e+00	5.944757e-03 ***
0.000000e+00	5.618980e-12	0.000000e+00	1.191891e-02 ***
0.000000e+00	-4.109178e-14	0.000000e+00	3.440474e-03 ***
0.000000e+00	-3.196461e-16	0.000000e+00	6.026999e-03 ***
0.000000e+00	-1.575571e-14	0.000000e+00	8.905766e-03 ***
0.000000e+00	1.889173e-14	0.000000e+00	6.257485e-03 ***
0.000000e+00	-1.680601e-12	0.000000e+00	5.943894e-03 ***
0.000000e+00	-4.233069e-12	0.000000e+00	1.191880e-02 ***
0.000000e+00	1.443026e-12	0.000000e+00	3.440466e-03 ***
0.000000e+00	-2.444824e-16	0.000000e+00	6.026962e-03 ***
0.000000e+00	-1.515768e-14	0.000000e+00	8.905766e-03 ***
0.000000e+00	2.017976e-14	0.000000e+00	6.257485e-03 ***
0.000000e+00	1.045193e-12	0.000000e+00	5.945797e-03 ***
0.000000e+00	4.423512e-12	0.000000e+00	1.191867e-02 ***
0.000000e+00	-1.438258e-12	0.000000e+00	3.440466e-03 ***
0.000000e+00	-1.096613e-14	0.000000e+00	6.026929e-03 ***
0.000000e+00	-1.005671e-14	0.000000e+00	8.905766e-03 ***
0.000000e+00	-3.693963e-14	0.000000e+00	6.257486e-03 ***
0.000000e+00	-1.046676e-11	0.000000e+00	5.953184e-03 ***
0.000000e+00	-1.061102e-11	0.000000e+00	1.191851e-02 ***
0.000000e+00	-1.185725e-12	0.000000e+00	3.440485e-03 ***
0.000000e+00	1.391120e-11	0.000000e+00	6.026907e-03 ***
0.000000e+00	-1.111059e-14	0.000000e+00	8.905767e-03 ***
0.000000e+00	-3.463457e-14	0.000000e+00	6.257488e-03 ***
0.000000e+00	-4.370311e-09	0.000000e+00	5.963158e-03 ***
0.000000e+00	1.802586e-11	0.000000e+00	1.191829e-02 ***
0.000000e+00	-2.252253e-11	0.000000e+00	3.440517e-03 ***
0.000000e+00	1.392315e-11	0.000000e+00	6.026898e-03 ***
0.000000e+00	-9.683854e-15	0.000000e+00	8.905767e-03 ***
0.000000e+00	5.310268e-14	0.000000e+00	6.257489e-03 ***
0.000000e+00	4.415469e-09	0.000000e+00	5.966079e-03 ***
0.000000e+00	1.172692e-11	0.000000e+00	1.191803e-02 ***
0.000000e+00	-2.363915e-11	0.000000e+00	3.440512e-03 ***
0.000000e+00	1.393425e-11	0.000000e+00	6.026897e-03 ***
0.000000e+00	-1.115269e-14	0.000000e+00	8.905766e-03 ***
0.000000e+00	5.645738e-14	0.000000e+00	6.257486e-03 ***
0.000000e+00	-4.387070e-09	0.000000e+00	5.966147e-03 ***
0.000000e+00	3.313485e-12	0.000000e+00	1.191808e-02 ***
0.000000e+00	-3.071067e-11	0.000000e+00	3.440563e-03 ***
0.000000e+00	1.393454e-11	0.000000e+00	6.026897e-03 ***
0.000000e+00	-1.358510e-14	0.000000e+00	8.905766e-03 ***
0.000000e+00	3.984843e-14	0.000000e+00	6.257485e-03 ***
0.000000e+00	4.418427e-09	0.000000e+00	5.966129e-03 ***
0.000000e+00	4.150631e-12	0.000000e+00	1.191808e-02 ***
0.000000e+00	-2.447686e-11	0.000000e+00	3.440586e-03 ***
0.000000e+00	1.394388e-11	0.000000e+00	6.026897e-03 ***
0.000000e+00	-1.653761e-11	0.000000e+00	8.905766e-03 ***
0.000000e+00	3.847121e-14	0.000000e+00	6.257485e-03 ***
0.000000e+00	-4.388101e-09	0.000000e+00	5.966131e-03 ***
0.000000e+00	7.057770e-09	0.000000e+00	1.191808e-02 ***
0.000000e+00	-3.835238e-11	0.000000e+00	3.440606e-03 ***
0.000000e+00	1.394409e-11	0.000000e+00	6.026897e-03 ***
0.000000e+00	-1.653669e-11	0.000000e+00	8.905766e-03 ***
0.000000e+00	3.285257e-14	0.000000e+00	6.257485e-03 ***
0.000000e+00	4.420755e-09	0.000000e+00	5.966128e-03 ***
0.000000e+00	-7.061369e-09	0.000000e+00	1.191807e-02 ***
0.000000e+00	-2.861561e-11	0.000000e+00	3.440621e-03 ***
0.000000e+00	1.395152e-11	0.000000e+00	6.026897e-03 ***
0.000000e+00	-1.164332e-14	0.000000e+00	8.905766e-03 ***
0.000000e+00	3.314756e-14	0.000000e+00	6.257485e-03 ***
0.000000e+00	-4.387269e-09	0.000000e+00	5.966111e-03 ***
0.000000e+00	1.650467e-11	0.000000e+00	1.191807e-02 ***
0.000000e+00	-3.654630e-11	0.000000e+00	3.440633e-03 ***
0.000000e+00	1.395164e-11	0.000000e+00	6.026897e-03 ***
0.000000e+00	-9.759523e-15	0.000000e+00	8.905766e-03 ***
0.000000e+00	2.924916e-14	0.000000e+00	6.257485e-03 ***
0.000000e+00	4.424416e-09	0.000000e+00	5.966107e-03 ***
0.000000e+00	1.319970e-14	0.000000e+00	1.191807e-02 ***
0.000000e+00	-2.494532e-11	0.000000e+00	3.440641e-03 ***
0.000000e+00	1.395701e-11	0.000000e+00	6.026897e-03 ***
0.000000e+00	-8.155819e-15	0.000000e+00	8.905766e-03 ***
0.000000e+00	3.182351e-14	0.000000e+00	6.257485e-03 ***
0.000000e+00	-4.386709e-09	0.000000e+00	5.966089e-03 ***
0.000000e+00	1.760930e-11	0.000000e+00	1.191807e-02 ***
0.000000e+00	-3.775221e-11	0.000000e+00	3.440648e-03 ***
0.000000e+00	1.395711e-11	0.000000e+00	6.026897e-03 ***
0.000000e+00	-7.116586e-15	0.000000e+00	8.905766e-03 ***
0.000000e+00	2.295821e-14	0.000000e+00	6.257485e-03 ***
0.000000e+00	4.425854e-09	0.000000e+00	5.966067e-03 ***
0.000000e+00	4.116489e-12	0.000000e+00	1.191807e-02 ***
0.000000e+00	-2.780268e-11	0.000000e+00	3.440649e-03 ***
0.000000e+00	1.396075e-11	0.000000e+00	6.026897e-03 ***
0.000000e+00	-8.119205e-15	0.000000e+00	8.905766e-03 ***
0.000000e+00	1.206173e-13	0.000000e+00	6.257489e-03 ***
0.000000e+00	-4.387212e-09	0.000000e+00	5.966014e-03 ***
0.000000e+00	-6.646906e-11	0.000000e+00	1.191805e-02 ***
0.000000e+00	-1.096438e-13	0.000000e+00	3.440620e-03 ***
0.000000e+00	1.396079e-11	0.000000e+00	6.026897e-03 ***
0.000000e+00	-9.143793e-15	0.000000e+00	8.905766e-03 ***
0.000000e+00	2.505585e-13	0.000000e+00	6.257506e-03 ***
0.000000e+00	4.428034e-09	0.000000e+00	5.965901e-03 ***
0.000000e+00	-7.621206e-11	0.000000e+00	1.191800e-02 ***
0.000000e+00	5.687347e-12	0.000000e+00	3.440227e-03 ***
0.000000e+00	1.396375e-11	0.000000e+00	6.026897e-03 ***
0.000000e+00	-9.348833e-15	0.000000e+00	8.905766e-03 ***
0.000000e+00	2.881692e-13	0.000000e+00	6.257551e-03 ***
0.000000e+00	-4.385331e-09	0.000000e+00	5.965658e-03 ***
0.000000e+00	-7.092889e-11	0.000000e+00	1.191768e-02 ***
0.000000e+00	-2.851393e-11	0.000000e+00	3.437767e-03 ***
0.000000e+00	1.396373e-11	0.000000e+00	6.026897e-03 ***
0.000000e+00	-9.892554e-15	0.000000e+00	8.905766e-03 ***
0.000000e+00	2.906537e-13	0.000000e+00	6.257646e-03 ***
0.000000e+00	4.415758e-09	0.000000e+00	5.965301e-03 ***
0.000000e+00	-6.706914e-11	0.000000e+00	1.191692e-02 ***
0.000000e+00	8.054927e-12	0.000000e+00	3.431006e-03 ***
0.000000e+00	1.396500e-11	0.000000e+00	6.026897e-03 ***
0.000000e+00	-1.000545e-14	0.000000e+00	8.905766e-03 ***
0.000000e+00	2.806787e-13	0.000000e+00	6.257785e-03 ***
0.000000e+00	-4.375251e-09	0.000000e+00	5.965022e-03 ***
0.000000e+00	-4.408415e-11	0.000000e+00	1.191590e-02 ***
0.000000e+00	-5.196883e-11	0.000000e+00	3.421757e-03 ***
0.000000e+00	1.396491e-11	0.000000e+00	6.026897e-03 ***
0.000000e+00	-1.076397e-14	0.000000e+00	8.905766e-03 ***
0.000000e+00	2.018469e-13	0.000000e+00	6.257950e-03 ***
0.000000e+00	4.403714e-09	0.000000e+00	5.964784e-03 ***
0.000000e+00	1.998656e-10	0.000000e+00	1.191486e-02 ***
0.000000e+00	-6.042018e-11	0.000000e+00	3.412839e-03 ***
0.000000e+00	1.396435e-11	0.000000e+00	6.026897e-03 ***
0.000000e+00	-1.092874e-14	0.000000e+00	8.905766e-03 ***
0.000000e+00	6.511065e-14	0.000000e+00	6.258125e-03 ***
0.000000e+00	-4.371400e-09	0.000000e+00	5.964611e-03 ***
0.000000e+00	2.201941e-10	0.000000e+00	1.191428e-02 ***
0.000000e+00	-1.222928e-10	0.000000e+00	3.409035e-03 ***
0.000000e+00	1.396432e-11	0.000000e+00	6.026897e-03 ***
0.000000e+00	-1.272772e-14	0.000000e+00	8.905766e-03 ***
0.000000e+00	-1.301322e-14	0.000000e+00	6.258293e-03 ***
0.000000e+00	4.408371e-09	0.000000e+00	5.964544e-03 ***
0.000000e+00	6.164096e-11	0.000000e+00	1.191415e-02 ***
0.000000e+00	-2.260570e-11	0.000000e+00	3.409174e-03 ***
0.000000e+00	1.396177e-11	0.000000e+00	6.026897e-03 ***
0.000000e+00	-1.315305e-14	0.000000e+00	8.905766e-03 ***
0.000000e+00	-3.128206e-14	0.000000e+00	6.258445e-03 ***
0.000000e+00	-4.372814e-09	0.000000e+00	5.964488e-03 ***
0.000000e+00	2.497569e-11	0.000000e+00	1.191404e-02 ***
0.000000e+00	-6.518508e-11	0.000000e+00	3.409118e-03 ***
0.000000e+00	1.396167e-11	0.000000e+00	6.026897e-03 ***
0.000000e+00	-1.650875e-14	0.000000e+00	8.905766e-03 ***
0.000000e+00	-3.919584e-14	0.000000e+00	6.258582e-03 ***
0.000000e+00	4.405770e-09	0.000000e+00	5.964437e-03 ***
0.000000e+00	3.144257e-11	0.000000e+00	1.191395e-02 ***
0.000000e+00	-3.537058e-12	0.000000e+00	3.409292e-03 ***
0.000000e+00	1.395799e-11	0.000000e+00	6.026897e-03 ***
0.000000e+00	-1.609745e-14	0.000000e+00	8.905766e-03 ***
0.000000e+00	-4.627531e-14	0.000000e+00	6.258704e-03 ***
0.000000e+00	-4.376380e-09	0.000000e+00	5.964392e-03 ***
0.000000e+00	1.079290e-11	0.000000e+00	1.191388e-02 ***
0.000000e+00	-7.324649e-11	0.000000e+00	3.409299e-03 ***
0.000000e+00	1.395783e-11	0.000000e+00	6.026897e-03 ***
0.000000e+00	-2.478783e-14	0.000000e+00	8.905766e-03 ***
0.000000e+00	-4.686793e-14	0.000000e+00	6.258811e-03 ***
0.000000e+00	4.399766e-09	0.000000e+00	5.964354e-03 ***
0.000000e+00	2.964026e-11	0.000000e+00	1.191382e-02 ***
0.000000e+00	3.180537e-11	0.000000e+00	3.409271e-03 ***
0.000000e+00	1.395316e-11	0.000000e+00	6.026897e-03 ***
0.000000e+00	-2.527785e-14	0.000000e+00	8.905766e-03 ***
0.000000e+00	-5.097719e-14	0.000000e+00	6.258903e-03 ***
0.000000e+00	-4.378127e-09	0.000000e+00	5.964323e-03 ***
0.000000e+00	1.580877e-12	0.000000e+00	1.191376e-02 ***
0.000000e+00	-9.710836e-11	0.000000e+00	3.409417e-03 ***
0.000000e+00	1.395290e-11	0.000000e+00	6.026897e-03 ***
0.000000e+00	-1.020353e-13	0.000000e+00	8.905767e-03 ***
0.000000e+00	-1.409198e-14	0.000000e+00	6.258981e-03 ***
0.000000e+00	4.351892e-09	0.000000e+00	5.964290e-03 ***
0.000000e+00	7.916439e-11	0.000000e+00	1.191366e-02 ***
0.000000e+00	3.508126e-10	0.000000e+00	3.408999e-03 ***
0.000000e+00	1.395129e-11	0.000000e+00	6.026897e-03 ***
0.000000e+00	-3.812594e-13	0.000000e+00	8.905775e-03 ***
0.000000e+00	1.298394e-13	0.000000e+00	6.259044e-03 ***
0.000000e+00	-4.501605e-09	0.000000e+00	5.964233e-03 ***
0.000000e+00	1.345467e-10	0.000000e+00	1.190735e-02 ***
0.000000e+00	8.516976e-10	0.000000e+00	3.405867e-03 ***
0.000000e+00	1.395099e-11	0.000000e+00	6.026897e-03 ***
0.000000e+00	-5.393676e-13	0.000000e+00	8.905803e-03 ***
0.000000e+00	2.089270e-13	0.000000e+00	6.259095e-03 ***
0.000000e+00	4.281943e-09	0.000000e+00	5.964119e-03 ***
0.000000e+00	2.225701e-11	0.000000e+00	1.185463e-02 ***
0.000000e+00	1.260544e-10	0.000000e+00	3.398210e-03 ***
0.000000e+00	1.394453e-11	0.000000e+00	6.026897e-03 ***
0.000000e+00	-3.566858e-13	0.000000e+00	8.905852e-03 ***
0.000000e+00	1.083197e-13	0.000000e+00	6.259130e-03 ***
0.000000e+00	-4.282303e-09	0.000000e+00	5.964047e-03 ***
0.000000e+00	-1.485467e-10	0.000000e+00	1.174547e-02 ***
0.000000e+00	-6.739935e-10	0.000000e+00	3.389576e-03 ***
0.000000e+00	1.394435e-11	0.000000e+00	6.026897e-03 ***
0.000000e+00	-5.560023e-14	0.000000e+00	8.905912e-03 ***
0.000000e+00	-5.260470e-14	0.000000e+00	6.259142e-03 ***
0.000000e+00	4.531109e-09	0.000000e+00	5.963979e-03 ***
0.000000e+00	-1.356371e-10	0.000000e+00	1.168043e-02 ***
0.000000e+00	-7.413155e-10	0.000000e+00	3.385641e-03 ***
0.000000e+00	1.393634e-11	0.000000e+00	6.026899e-03 ***
0.000000e+00	9.405863e-14	0.000000e+00	8.905972e-03 ***
0.000000e+00	-1.322683e-13	0.000000e+00	6.259129e-03 ***
0.000000e+00	-4.394271e-09	0.000000e+00	5.963867e-03 ***
0.000000e+00	5.691990e-12	0.000000e+00	1.167168e-02 ***
0.000000e+00	-5.143997e-11	0.000000e+00	3.385312e-03 ***
0.000000e+00	1.392500e-11	0.000000e+00	6.026911e-03 ***
0.000000e+00	1.024331e-13	0.000000e+00	8.906024e-03 ***
0.000000e+00	-1.369725e-13	0.000000e+00	6.259090e-03 ***
0.000000e+00	4.511329e-09	0.000000e+00	5.959508e-03 ***
0.000000e+00	-1.131622e-11	0.000000e+00	1.166725e-02 ***
0.000000e+00	-3.420331e-11	0.000000e+00	3.385329e-03 ***
0.000000e+00	-6.205368e-15	0.000000e+00	6.026939e-03 ***
0.000000e+00	1.070838e-13	0.000000e+00	8.906069e-03 ***
0.000000e+00	-1.394657e-13	0.000000e+00	6.259026e-03 ***
0.000000e+00	-1.240144e-10	0.000000e+00	5.943140e-03 ***
0.000000e+00	2.118708e-11	0.000000e+00	1.166193e-02 ***
0.000000e+00	-9.778696e-13	0.000000e+00	3.385470e-03 ***
0.000000e+00	7.467470e-15	0.000000e+00	6.026979e-03 ***
0.000000e+00	1.096035e-13	0.000000e+00	8.906105e-03 ***
0.000000e+00	-1.411508e-13	0.000000e+00	6.258935e-03 ***
0.000000e+00	1.826587e-11	0.000000e+00	5.932363e-03 ***
0.000000e+00	-5.615310e-12	0.000000e+00	1.165879e-02 ***
0.000000e+00	6.843294e-12	0.000000e+00	3.385835e-03 ***
0.000000e+00	5.983270e-15	0.000000e+00	6.027022e-03 ***
0.000000e+00	1.112699e-13	0.000000e+00	8.906132e-03 ***
0.000000e+00	-1.430785e-13	0.000000e+00	6.258819e-03 ***
0.000000e+00	1.524562e-11	0.000000e+00	5.931758e-03 ***
0.000000e+00	-4.721127e-12	0.000000e+00	1.165705e-02 ***
0.000000e+00	8.360710e-12	0.000000e+00	3.386241e-03 ***
0.000000e+00	4.519283e-15	0.000000e+00	6.027064e-03 ***
0.000000e+00	1.132584e-13	0.000000e+00	8.906151e-03 ***
0.000000e+00	-1.453371e-13	0.000000e+00	6.258678e-03 ***
0.000000e+00	1.254230e-11	0.000000e+00	5.931390e-03 ***
0.000000e+00	-3.545169e-12	0.000000e+00	1.165501e-02 ***
0.000000e+00	9.020269e-12	0.000000e+00	3.386491e-03 ***
0.000000e+00	3.202298e-15	0.000000e+00	6.027103e-03 ***
0.000000e+00	1.159031e-13	0.000000e+00	8.906161e-03 ***
0.000000e+00	-1.547871e-13	0.000000e+00	6.258530e-03 ***
0.000000e+00	1.060965e-11	0.000000e+00	5.931765e-03 ***
0.000000e+00	6.181688e-12	0.000000e+00	1.167872e-02 ***
0.000000e+00	4.473541e-12	0.000000e+00	3.401744e-03 ***
0.000000e+00	2.053382e-15	0.000000e+00	6.027139e-03 ***
0.000000e+00	1.151614e-13	0.000000e+00	8.906163e-03 ***
0.000000e+00	-1.431440e-13	0.000000e+00	6.258417e-03 ***
0.000000e+00	5.840803e-12	0.000000e+00	5.933035e-03 ***
0.000000e+00	-3.121562e-11	0.000000e+00	1.175393e-02 ***
0.000000e+00	2.707121e-11	0.000000e+00	3.434408e-03 ***
0.000000e+00	1.311248e-15	0.000000e+00	6.027173e-03 ***
0.000000e+00	1.087231e-13	0.000000e+00	8.906160e-03 ***
0.000000e+00	-9.627000e-14	0.000000e+00	6.258392e-03 ***
0.000000e+00	2.950000e-12	0.000000e+00	5.935133e-03 ***
0.000000e+00	-3.992295e-11	0.000000e+00	1.181092e-02 ***
0.000000e+00	3.231321e-11	0.000000e+00	3.438845e-03 ***
0.000000e+00	7.037409e-16	0.000000e+00	6.027203e-03 ***
0.000000e+00	1.052329e-13	0.000000e+00	8.906153e-03 ***
0.000000e+00	-6.814919e-14	0.000000e+00	6.258435e-03 ***
0.000000e+00	3.604938e-12	0.000000e+00	5.936527e-03 ***
0.000000e+00	-1.140930e-12	0.000000e+00	1.182616e-02 ***
0.000000e+00	9.926025e-12	0.000000e+00	3.435981e-03 ***
0.000000e+00	2.325164e-16	0.000000e+00	6.027231e-03 ***
0.000000e+00	1.059989e-13	0.000000e+00	8.906144e-03 ***
0.000000e+00	-6.720461e-14	0.000000e+00	6.258489e-03 ***
0.000000e+00	2.482201e-12	0.000000e+00	5.937730e-03 ***
0.000000e+00	-2.830037e-13	0.000000e+00	1.183150e-02 ***
0.000000e+00	9.698947e-12	0.000000e+00	3.435067e-03 ***
0.000000e+00	-3.287457e-16	0.000000e+00	6.027256e-03 ***
0.000000e+00	1.067278e-13	0.000000e+00	8.906132e-03 ***
0.000000e+00	-6.684583e-14	0.000000e+00	6.258544e-03 ***
0.000000e+00	1.455798e-12	0.000000e+00	5.938785e-03 ***
0.000000e+00	1.089842e-13	0.000000e+00	1.183415e-02 ***
0.000000e+00	9.714036e-12	0.000000e+00	3.434986e-03 ***
0.000000e+00	-6.760787e-16	0.000000e+00	6.027278e-03 ***
0.000000e+00	1.076518e-13	0.000000e+00	8.906118e-03 ***
0.000000e+00	-6.702909e-14	0.000000e+00	6.258597e-03 ***
0.000000e+00	5.334248e-13	0.000000e+00	5.939744e-03 ***
0.000000e+00	3.678192e-13	0.000000e+00	1.183657e-02 ***
0.000000e+00	9.779522e-12	0.000000e+00	3.434914e-03 ***
0.000000e+00	-1.039108e-15	0.000000e+00	6.027298e-03 ***
0.000000e+00	1.085932e-13	0.000000e+00	8.906101e-03 ***
0.000000e+00	-6.717802e-14	0.000000e+00	6.258649e-03 ***
0.000000e+00	-2.848186e-13	0.000000e+00	5.940618e-03 ***
0.000000e+00	5.639353e-13	0.000000e+00	1.183879e-02 ***
0.000000e+00	9.858956e-12	0.000000e+00	3.434853e-03 ***
0.000000e+00	-1.386652e-15	0.000000e+00	6.027316e-03 ***
0.000000e+00	1.095970e-13	0.000000e+00	8.906082e-03 ***
0.000000e+00	-6.781240e-14	0.000000e+00	6.258698e-03 ***
0.000000e+00	-1.004500e-12	0.000000e+00	5.941418e-03 ***
0.000000e+00	7.318444e-13	0.000000e+00	1.184080e-02 ***
0.000000e+00	9.947240e-12	0.000000e+00	3.434803e-03 ***
0.000000e+00	-1.611948e-15	0.000000e+00	6.027332e-03 ***
0.000000e+00	1.110690e-13	0.000000e+00	8.906060e-03 ***
0.000000e+00	-6.865604e-14	0.000000e+00	6.258744e-03 ***
0.000000e+00	-1.631274e-12	0.000000e+00	5.942150e-03 ***
0.000000e+00	9.017631e-13	0.000000e+00	1.184262e-02 ***
0.000000e+00	1.004802e-11	0.000000e+00	3.434765e-03 ***
0.000000e+00	-1.848189e-15	0.000000e+00	6.027346e-03 ***
0.000000e+00	1.131643e-13	0.000000e+00	8.906037e-03 ***
0.000000e+00	-7.000658e-14	0.000000e+00	6.258788e-03 ***
0.000000e+00	-2.175374e-12	0.000000e+00	5.942816e-03 ***
0.000000e+00	1.160148e-12	0.000000e+00	1.184426e-02 ***
0.000000e+00	1.017017e-11	0.000000e+00	3.434737e-03 ***
0.000000e+00	-2.071215e-15	0.000000e+00	6.027357e-03 ***
0.000000e+00	1.200889e-13	0.000000e+00	8.906015e-03 ***
0.000000e+00	-7.437293e-14	0.000000e+00	6.258833e-03 ***
0.000000e+00	-2.661315e-12	0.000000e+00	5.943684e-03 ***
0.000000e+00	3.031483e-12	0.000000e+00	1.187390e-02 ***
0.000000e+00	1.003152e-11	0.000000e+00	3.433539e-03 ***
0.000000e+00	-1.848816e-15	0.000000e+00	6.027367e-03 ***
0.000000e+00	1.014223e-13	0.000000e+00	8.906006e-03 ***
0.000000e+00	-6.304669e-14	0.000000e+00	6.258884e-03 ***
0.000000e+00	-2.822752e-12	0.000000e+00	5.945040e-03 ***
0.000000e+00	-9.621013e-12	0.000000e+00	1.191793e-02 ***
0.000000e+00	1.294735e-11	0.000000e+00	3.428135e-03 ***
0.000000e+00	-8.540948e-16	0.000000e+00	6.027375e-03 ***
0.000000e+00	4.454494e-14	0.000000e+00	8.906023e-03 ***
0.000000e+00	-2.785229e-14	0.000000e+00	6.258947e-03 ***
0.000000e+00	-4.954056e-12	0.000000e+00	5.946918e-03 ***
0.000000e+00	-1.297393e-11	0.000000e+00	1.174459e-02 ***
0.000000e+00	8.429053e-12	0.000000e+00	3.412060e-03 ***
0.000000e+00	-1.909119e-16	0.000000e+00	6.027381e-03 ***
0.000000e+00	8.510045e-15	0.000000e+00	8.906068e-03 ***
0.000000e+00	-5.519656e-15	0.000000e+00	6.259017e-03 ***
0.000000e+00	-1.403930e-11	0.000000e+00	5.948258e-03 ***
0.000000e+00	-1.094504e-12	0.000000e+00	1.147165e-02 ***
0.000000e+00	4.327220e-13	0.000000e+00	3.398208e-03 ***
0.000000e+00	-1.301485e-16	0.000000e+00	6.027385e-03 ***
0.000000e+00	3.772786e-15	0.000000e+00	8.906115e-03 ***
0.000000e+00	-2.564928e-15	0.000000e+00	6.259078e-03 ***
0.000000e+00	-2.712734e-11	0.000000e+00	5.948483e-03 ***
0.000000e+00	3.589208e-13	0.000000e+00	1.147050e-02 ***
0.000000e+00	-7.428857e-14	0.000000e+00	3.397864e-03 ***
0.000000e+00	-9.638531e-17	0.000000e+00	6.027388e-03 ***
0.000000e+00	2.212967e-15	0.000000e+00	8.906146e-03 ***
0.000000e+00	-1.392589e-15	0.000000e+00	6.259119e-03 ***
0.000000e+00	-3.896239e-11	0.000000e+00	5.948631e-03 ***
0.000000e+00	8.627800e-13	0.000000e+00	1.146972e-02 ***
0.000000e+00	-2.259571e-13	0.000000e+00	3.397632e-03 ***
0.000000e+00	-3.042049e-17	0.000000e+00	6.027390e-03 ***
0.000000e+00	9.123450e-16	0.000000e+00	8.906161e-03 ***
0.000000e+00	-4.677539e-16	0.000000e+00	6.259140e-03 ***
0.000000e+00	-2.229382e-11	0.000000e+00	5.948707e-03 ***
0.000000e+00	3.485098e-13	0.000000e+00	1.146931e-02 ***
0.000000e+00	-8.570123e-14	0.000000e+00	3.397511e-03 ***
0.000000e+00	0.000000e+00	0.000000e+00	1.000000e+00
0.000000e+00	0.000000e+00	0.000000e+00	1.000000e+00
0.000000e+00	0.000000e+00	0.000000e+00	1.000000e+00
0.000000e+00	0.000000e+00	0.000000e+00	1.000000e+00
0.000000e+00	0.000000e+00	0.000000e+00	1.000000e+00
0.000000e+00	0.000000e+00	0.000000e+00	1.000000e+00
***** Phase 1 path constraints *****
LOWER		G(X)		UPPER		SCALING
***** Phase 1 event constraints *****
LOWER		G(X)		UPPER		SCALING
0.000000e+00	-2.905585e-17	0.000000e+00	3.367003e-01 ***
-7.462687e-01	-7.462687e-01	-7.462687e-01	4.975124e-01
0.000000e+00	-1.672394e-17	0.000000e+00	3.496503e-01 ***
0.000000e+00	-1.699865e-17	0.000000e+00	3.333333e-01 ***
0.000000e+00	-5.501250e-18	0.000000e+00	6.666667e-01 ***
0.000000e+00	-1.750778e-17	0.000000e+00	1.923077e-01 ***
3.367003e-01	3.367003e-01	3.367003e-01	3.367003e-01 ***
-9.701493e-01	-9.701493e-01	-9.701493e-01	4.975124e-01
3.496503e-01	3.496503e-01	3.496503e-01	3.496503e-01
0.000000e+00	-2.540344e-18	0.000000e+00	3.333333e-01 ***
0.000000e+00	5.664112e-18	0.000000e+00	6.666667e-01 ***
0.000000e+00	-1.757744e-18	0.000000e+00	1.923077e-01 ***
***** Phase 1 tf >= t0 constraint *****
LOWER		G(X)		UPPER		SCALING
-7.071068e-01	-3.502449e-01	0.000000e+00	7.071068e-01
***** Phase linkage constraints *****
LOWER		G(X)		UPPER		SCALING
***** Scaled Decision Variables ******************************
J	LOWER		X(J)		UPPER		SCALING		DESCRIPTION
1	-1.000000e+00	-1.000000e+00	1.000000e+00	1.333333e-01	CONTROL 1 PHASE 1
2	-1.000000e+00	-9.999986e-01	1.000000e+00	1.333333e-01	CONTROL 2 PHASE 1
3	-1.000000e+00	9.999998e-01	1.000000e+00	1.333333e-01	CONTROL 3 PHASE 1
4	-1.000000e+00	-1.000000e+00	1.000000e+00	1.333333e-01	CONTROL 1 PHASE 1
5	-1.000000e+00	-9.999992e-01	1.000000e+00	1.333333e-01	CONTROL 2 PHASE 1
6	-1.000000e+00	9.999999e-01	1.000000e+00	1.333333e-01	CONTROL 3 PHASE 1
7	-1.000000e+00	-1.000000e+00	1.000000e+00	1.333333e-01	CONTROL 1 PHASE 1
8	-1.000000e+00	-9.999991e-01	1.000000e+00	1.333333e-01	CONTROL 2 PHASE 1
9	-1.000000e+00	9.999999e-01	1.000000e+00	1.333333e-01	CONTROL 3 PHASE 1
10	-1.000000e+00	-1.000000e+00	1.000000e+00	1.333333e-01	CONTROL 1 PHASE 1
11	-1.000000e+00	-9.999988e-01	1.000000e+00	1.333333e-01	CONTROL 2 PHASE 1
12	-1.000000e+00	9.999999e-01	1.000000e+00	1.333333e-01	CONTROL 3 PHASE 1
13	-1.000000e+00	-1.000000e+00	1.000000e+00	1.333333e-01	CONTROL 1 PHASE 1
14	-1.000000e+00	-9.999982e-01	1.000000e+00	1.333333e-01	CONTROL 2 PHASE 1
15	-1.000000e+00	9.999998e-01	1.000000e+00	1.333333e-01	CONTROL 3 PHASE 1
16	-1.000000e+00	-1.000000e+00	1.000000e+00	1.333333e-01	CONTROL 1 PHASE 1
17	-1.000000e+00	-9.999969e-01	1.000000e+00	1.333333e-01	CONTROL 2 PHASE 1
18	-1.000000e+00	9.999998e-01	1.000000e+00	1.333333e-01	CONTROL 3 PHASE 1
19	-1.000000e+00	-1.000000e+00	1.000000e+00	1.333333e-01	CONTROL 1 PHASE 1
20	-1.000000e+00	-9.999868e-01	1.000000e+00	1.333333e-01	CONTROL 2 PHASE 1
21	-1.000000e+00	9.999998e-01	1.000000e+00	1.333333e-01	CONTROL 3 PHASE 1
22	-1.000000e+00	-1.000000e+00	1.000000e+00	1.333333e-01	CONTROL 1 PHASE 1
23	-1.000000e+00	1.088243e-01	1.000000e+00	1.333333e-01	CONTROL 2 PHASE 1
24	-1.000000e+00	9.999998e-01	1.000000e+00	1.333333e-01	CONTROL 3 PHASE 1
25	-1.000000e+00	-1.000000e+00	1.000000e+00	1.333333e-01	CONTROL 1 PHASE 1
26	-1.000000e+00	5.221773e-01	1.000000e+00	1.333333e-01	CONTROL 2 PHASE 1
27	-1.000000e+00	9.999997e-01	1.000000e+00	1.333333e-01	CONTROL 3 PHASE 1
28	-1.000000e+00	-1.000000e+00	1.000000e+00	1.333333e-01	CONTROL 1 PHASE 1
29	-1.000000e+00	5.303894e-01	1.000000e+00	1.333333e-01	CONTROL 2 PHASE 1
30	-1.000000e+00	9.999997e-01	1.000000e+00	1.333333e-01	CONTROL 3 PHASE 1
31	-1.000000e+00	-1.000000e+00	1.000000e+00	1.333333e-01	CONTROL 1 PHASE 1
32	-1.000000e+00	5.207905e-01	1.000000e+00	1.333333e-01	CONTROL 2 PHASE 1
33	-1.000000e+00	9.999997e-01	1.000000e+00	1.333333e-01	CONTROL 3 PHASE 1
34	-1.000000e+00	-1.000000e+00	1.000000e+00	1.333333e-01	CONTROL 1 PHASE 1
35	-1.000000e+00	5.283858e-01	1.000000e+00	1.333333e-01	CONTROL 2 PHASE 1
36	-1.000000e+00	9.999996e-01	1.000000e+00	1.333333e-01	CONTROL 3 PHASE 1
37	-1.000000e+00	-1.000000e+00	1.000000e+00	1.333333e-01	CONTROL 1 PHASE 1
38	-1.000000e+00	5.179803e-01	1.000000e+00	1.333333e-01	CONTROL 2 PHASE 1
39	-1.000000e+00	9.999995e-01	1.000000e+00	1.333333e-01	CONTROL 3 PHASE 1
40	-1.000000e+00	-1.000000e+00	1.000000e+00	1.333333e-01	CONTROL 1 PHASE 1
41	-1.000000e+00	5.247699e-01	1.000000e+00	1.333333e-01	CONTROL 2 PHASE 1
42	-1.000000e+00	9.999994e-01	1.000000e+00	1.333333e-01	CONTROL 3 PHASE 1
43	-1.000000e+00	-1.000000e+00	1.000000e+00	1.333333e-01	CONTROL 1 PHASE 1
44	-1.000000e+00	5.133552e-01	1.000000e+00	1.333333e-01	CONTROL 2 PHASE 1
45	-1.000000e+00	9.999991e-01	1.000000e+00	1.333333e-01	CONTROL 3 PHASE 1
46	-1.000000e+00	-1.000000e+00	1.000000e+00	1.333333e-01	CONTROL 1 PHASE 1
47	-1.000000e+00	5.191417e-01	1.000000e+00	1.333333e-01	CONTROL 2 PHASE 1
48	-1.000000e+00	9.999986e-01	1.000000e+00	1.333333e-01	CONTROL 3 PHASE 1
49	-1.000000e+00	-1.000000e+00	1.000000e+00	1.333333e-01	CONTROL 1 PHASE 1
50	-1.000000e+00	5.065110e-01	1.000000e+00	1.333333e-01	CONTROL 2 PHASE 1
51	-1.000000e+00	9.999967e-01	1.000000e+00	1.333333e-01	CONTROL 3 PHASE 1
52	-1.000000e+00	-1.000000e+00	1.000000e+00	1.333333e-01	CONTROL 1 PHASE 1
53	-1.000000e+00	3.739451e-01	1.000000e+00	1.333333e-01	CONTROL 2 PHASE 1
54	-1.000000e+00	5.589080e-01	1.000000e+00	1.333333e-01	CONTROL 3 PHASE 1
55	-1.000000e+00	-1.000000e+00	1.000000e+00	1.333333e-01	CONTROL 1 PHASE 1
56	-1.000000e+00	2.622774e-01	1.000000e+00	1.333333e-01	CONTROL 2 PHASE 1
57	-1.000000e+00	2.013248e-01	1.000000e+00	1.333333e-01	CONTROL 3 PHASE 1
58	-1.000000e+00	-1.000000e+00	1.000000e+00	1.333333e-01	CONTROL 1 PHASE 1
59	-1.000000e+00	2.634710e-01	1.000000e+00	1.333333e-01	CONTROL 2 PHASE 1
60	-1.000000e+00	2.904211e-01	1.000000e+00	1.333333e-01	CONTROL 3 PHASE 1
61	-1.000000e+00	-1.000000e+00	1.000000e+00	1.333333e-01	CONTROL 1 PHASE 1
62	-1.000000e+00	2.738670e-01	1.000000e+00	1.333333e-01	CONTROL 2 PHASE 1
63	-1.000000e+00	2.172793e-01	1.000000e+00	1.333333e-01	CONTROL 3 PHASE 1
64	-1.000000e+00	-1.000000e+00	1.000000e+00	1.333333e-01	CONTROL 1 PHASE 1
65	-1.000000e+00	2.625012e-01	1.000000e+00	1.333333e-01	CONTROL 2 PHASE 1
66	-1.000000e+00	3.015776e-01	1.000000e+00	1.333333e-01	CONTROL 3 PHASE 1
67	-1.000000e+00	-1.000000e+00	1.000000e+00	1.333333e-01	CONTROL 1 PHASE 1
68	-1.000000e+00	2.715776e-01	1.000000e+00	1.333333e-01	CONTROL 2 PHASE 1
69	-1.000000e+00	2.286894e-01	1.000000e+00	1.333333e-01	CONTROL 3 PHASE 1
70	-1.000000e+00	-1.000000e+00	1.000000e+00	1.333333e-01	CONTROL 1 PHASE 1
71	-1.000000e+00	2.625819e-01	1.000000e+00	1.333333e-01	CONTROL 2 PHASE 1
72	-1.000000e+00	3.157665e-01	1.000000e+00	1.333333e-01	CONTROL 3 PHASE 1
73	-1.000000e+00	-9.999999e-01	1.000000e+00	1.333333e-01	CONTROL 1 PHASE 1
74	-1.000000e+00	2.684588e-01	1.000000e+00	1.333333e-01	CONTROL 2 PHASE 1
75	-1.000000e+00	2.423712e-01	1.000000e+00	1.333333e-01	CONTROL 3 PHASE 1
76	-1.000000e+00	-9.999999e-01	1.000000e+00	1.333333e-01	CONTROL 1 PHASE 1
77	-1.000000e+00	2.640162e-01	1.000000e+00	1.333333e-01	CONTROL 2 PHASE 1
78	-1.000000e+00	3.334496e-01	1.000000e+00	1.333333e-01	CONTROL 3 PHASE 1
79	-1.000000e+00	-9.999998e-01	1.000000e+00	1.333333e-01	CONTROL 1 PHASE 1
80	-1.000000e+00	2.639188e-01	1.000000e+00	1.333333e-01	CONTROL 2 PHASE 1
81	-1.000000e+00	2.584338e-01	1.000000e+00	1.333333e-01	CONTROL 3 PHASE 1
82	-1.000000e+00	-4.779639e-01	1.000000e+00	1.333333e-01	CONTROL 1 PHASE 1
83	-1.000000e+00	2.579277e-01	1.000000e+00	1.333333e-01	CONTROL 2 PHASE 1
84	-1.000000e+00	3.335066e-01	1.000000e+00	1.333333e-01	CONTROL 3 PHASE 1
85	-1.000000e+00	1.953214e-01	1.000000e+00	1.333333e-01	CONTROL 1 PHASE 1
86	-1.000000e+00	2.641746e-01	1.000000e+00	1.333333e-01	CONTROL 2 PHASE 1
87	-1.000000e+00	3.078719e-01	1.000000e+00	1.333333e-01	CONTROL 3 PHASE 1
88	-1.000000e+00	2.019725e-01	1.000000e+00	1.333333e-01	CONTROL 1 PHASE 1
89	-1.000000e+00	2.483089e-01	1.000000e+00	1.333333e-01	CONTROL 2 PHASE 1
90	-1.000000e+00	3.202880e-01	1.000000e+00	1.333333e-01	CONTROL 3 PHASE 1
91	-1.000000e+00	2.083297e-01	1.000000e+00	1.333333e-01	CONTROL 1 PHASE 1
92	-1.000000e+00	2.574503e-01	1.000000e+00	1.333333e-01	CONTROL 2 PHASE 1
93	-1.000000e+00	3.105238e-01	1.000000e+00	1.333333e-01	CONTROL 3 PHASE 1
94	-1.000000e+00	2.144559e-01	1.000000e+00	1.333333e-01	CONTROL 1 PHASE 1
95	-1.000000e+00	2.461443e-01	1.000000e+00	1.333333e-01	CONTROL 2 PHASE 1
96	-1.000000e+00	3.217404e-01	1.000000e+00	1.333333e-01	CONTROL 3 PHASE 1
97	-1.000000e+00	2.202658e-01	1.000000e+00	1.333333e-01	CONTROL 1 PHASE 1
98	-1.000000e+00	2.513521e-01	1.000000e+00	1.333333e-01	CONTROL 2 PHASE 1
99	-1.000000e+00	3.117519e-01	1.000000e+00	1.333333e-01	CONTROL 3 PHASE 1
100	-1.000000e+00	2.258537e-01	1.000000e+00	1.333333e-01	CONTROL 1 PHASE 1
101	-1.000000e+00	2.432242e-01	1.000000e+00	1.333333e-01	CONTROL 2 PHASE 1
102	-1.000000e+00	3.223308e-01	1.000000e+00	1.333333e-01	CONTROL 3 PHASE 1
103	-1.000000e+00	2.310847e-01	1.000000e+00	1.333333e-01	CONTROL 1 PHASE 1
104	-1.000000e+00	2.453144e-01	1.000000e+00	1.333333e-01	CONTROL 2 PHASE 1
105	-1.000000e+00	3.115434e-01	1.000000e+00	1.333333e-01	CONTROL 3 PHASE 1
106	-1.000000e+00	2.361143e-01	1.000000e+00	1.333333e-01	CONTROL 1 PHASE 1
107	-1.000000e+00	2.399501e-01	1.000000e+00	1.333333e-01	CONTROL 2 PHASE 1
108	-1.000000e+00	3.220116e-01	1.000000e+00	1.333333e-01	CONTROL 3 PHASE 1
109	-1.000000e+00	2.407465e-01	1.000000e+00	1.333333e-01	CONTROL 1 PHASE 1
110	-1.000000e+00	2.391314e-01	1.000000e+00	1.333333e-01	CONTROL 2 PHASE 1
111	-1.000000e+00	3.099150e-01	1.000000e+00	1.333333e-01	CONTROL 3 PHASE 1
112	-1.000000e+00	2.451905e-01	1.000000e+00	1.333333e-01	CONTROL 1 PHASE 1
113	-1.000000e+00	2.367678e-01	1.000000e+00	1.333333e-01	CONTROL 2 PHASE 1
114	-1.000000e+00	3.208479e-01	1.000000e+00	1.333333e-01	CONTROL 3 PHASE 1
115	-1.000000e+00	2.483956e-01	1.000000e+00	1.333333e-01	CONTROL 1 PHASE 1
116	-1.000000e+00	2.028264e-01	1.000000e+00	1.333333e-01	CONTROL 2 PHASE 1
117	-1.000000e+00	1.901957e-01	1.000000e+00	1.333333e-01	CONTROL 3 PHASE 1
118	-1.000000e+00	2.488750e-01	1.000000e+00	1.333333e-01	CONTROL 1 PHASE 1
119	-1.000000e+00	1.458853e-01	1.000000e+00	1.333333e-01	CONTROL 2 PHASE 1
120	-1.000000e+00	-3.655515e-02	1.000000e+00	1.333333e-01	CONTROL 3 PHASE 1
121	-1.000000e+00	2.457222e-01	1.000000e+00	1.333333e-01	CONTROL 1 PHASE 1
122	-1.000000e+00	9.105143e-02	1.000000e+00	1.333333e-01	CONTROL 2 PHASE 1
123	-1.000000e+00	-2.640530e-01	1.000000e+00	1.333333e-01	CONTROL 3 PHASE 1
124	-1.000000e+00	2.390991e-01	1.000000e+00	1.333333e-01	CONTROL 1 PHASE 1
125	-1.000000e+00	4.055266e-02	1.000000e+00	1.333333e-01	CONTROL 2 PHASE 1
126	-1.000000e+00	-4.928526e-01	1.000000e+00	1.333333e-01	CONTROL 3 PHASE 1
127	-1.000000e+00	2.286916e-01	1.000000e+00	1.333333e-01	CONTROL 1 PHASE 1
128	-1.000000e+00	-1.017912e-02	1.000000e+00	1.333333e-01	CONTROL 2 PHASE 1
129	-1.000000e+00	-7.219136e-01	1.000000e+00	1.333333e-01	CONTROL 3 PHASE 1
130	-1.000000e+00	2.148483e-01	1.000000e+00	1.333333e-01	CONTROL 1 PHASE 1
131	-1.000000e+00	-5.505510e-02	1.000000e+00	1.333333e-01	CONTROL 2 PHASE 1
132	-1.000000e+00	-9.526025e-01	1.000000e+00	1.333333e-01	CONTROL 3 PHASE 1
133	-1.000000e+00	1.986129e-01	1.000000e+00	1.333333e-01	CONTROL 1 PHASE 1
134	-1.000000e+00	-6.121517e-02	1.000000e+00	1.333333e-01	CONTROL 2 PHASE 1
135	-1.000000e+00	-9.999660e-01	1.000000e+00	1.333333e-01	CONTROL 3 PHASE 1
136	-1.000000e+00	1.820497e-01	1.000000e+00	1.333333e-01	CONTROL 1 PHASE 1
137	-1.000000e+00	-5.054283e-02	1.000000e+00	1.333333e-01	CONTROL 2 PHASE 1
138	-1.000000e+00	-9.999849e-01	1.000000e+00	1.333333e-01	CONTROL 3 PHASE 1
139	-1.000000e+00	1.651587e-01	1.000000e+00	1.333333e-01	CONTROL 1 PHASE 1
140	-1.000000e+00	-4.908191e-02	1.000000e+00	1.333333e-01	CONTROL 2 PHASE 1
141	-1.000000e+00	-9.999904e-01	1.000000e+00	1.333333e-01	CONTROL 3 PHASE 1
142	-1.000000e+00	1.483958e-01	1.000000e+00	1.333333e-01	CONTROL 1 PHASE 1
143	-1.000000e+00	-3.855518e-02	1.000000e+00	1.333333e-01	CONTROL 2 PHASE 1
144	-1.000000e+00	-9.999929e-01	1.000000e+00	1.333333e-01	CONTROL 3 PHASE 1
145	-1.000000e+00	1.314630e-01	1.000000e+00	1.333333e-01	CONTROL 1 PHASE 1
146	-1.000000e+00	-4.144599e-02	1.000000e+00	1.333333e-01	CONTROL 2 PHASE 1
147	-1.000000e+00	-9.999944e-01	1.000000e+00	1.333333e-01	CONTROL 3 PHASE 1
148	-1.000000e+00	1.146762e-01	1.000000e+00	1.333333e-01	CONTROL 1 PHASE 1
149	-1.000000e+00	-3.035762e-02	1.000000e+00	1.333333e-01	CONTROL 2 PHASE 1
150	-1.000000e+00	-9.999954e-01	1.000000e+00	1.333333e-01	CONTROL 3 PHASE 1
151	-1.000000e+00	9.790280e-02	1.000000e+00	1.333333e-01	CONTROL 1 PHASE 1
152	-1.000000e+00	-3.896161e-02	1.000000e+00	1.333333e-01	CONTROL 2 PHASE 1
153	-1.000000e+00	-9.999961e-01	1.000000e+00	1.333333e-01	CONTROL 3 PHASE 1
154	-1.000000e+00	8.105183e-02	1.000000e+00	1.333333e-01	CONTROL 1 PHASE 1
155	-1.000000e+00	-2.290206e-02	1.000000e+00	1.333333e-01	CONTROL 2 PHASE 1
156	-1.000000e+00	-9.999966e-01	1.000000e+00	1.333333e-01	CONTROL 3 PHASE 1
157	-1.000000e+00	5.252075e-02	1.000000e+00	1.333333e-01	CONTROL 1 PHASE 1
158	-1.000000e+00	3.139930e-01	1.000000e+00	1.333333e-01	CONTROL 2 PHASE 1
159	-1.000000e+00	-9.999971e-01	1.000000e+00	1.333333e-01	CONTROL 3 PHASE 1
160	-1.000000e+00	2.138759e-02	1.000000e+00	1.333333e-01	CONTROL 1 PHASE 1
161	-1.000000e+00	6.622598e-01	1.000000e+00	1.333333e-01	CONTROL 2 PHASE 1
162	-1.000000e+00	-9.999974e-01	1.000000e+00	1.333333e-01	CONTROL 3 PHASE 1
163	-1.000000e+00	-1.303752e-02	1.000000e+00	1.333333e-01	CONTROL 1 PHASE 1
164	-1.000000e+00	9.976229e-01	1.000000e+00	1.333333e-01	CONTROL 2 PHASE 1
165	-1.000000e+00	-9.999977e-01	1.000000e+00	1.333333e-01	CONTROL 3 PHASE 1
166	-1.000000e+00	-3.757830e-02	1.000000e+00	1.333333e-01	CONTROL 1 PHASE 1
167	-1.000000e+00	9.999822e-01	1.000000e+00	1.333333e-01	CONTROL 2 PHASE 1
168	-1.000000e+00	-9.999980e-01	1.000000e+00	1.333333e-01	CONTROL 3 PHASE 1
169	-1.000000e+00	-6.287059e-02	1.000000e+00	1.333333e-01	CONTROL 1 PHASE 1
170	-1.000000e+00	9.999910e-01	1.000000e+00	1.333333e-01	CONTROL 2 PHASE 1
171	-1.000000e+00	-9.999982e-01	1.000000e+00	1.333333e-01	CONTROL 3 PHASE 1
172	-1.000000e+00	7.529079e-01	1.000000e+00	1.333333e-01	CONTROL 1 PHASE 1
173	-1.000000e+00	9.999941e-01	1.000000e+00	1.333333e-01	CONTROL 2 PHASE 1
174	-1.000000e+00	-9.999983e-01	1.000000e+00	1.333333e-01	CONTROL 3 PHASE 1
175	-1.000000e+00	9.999998e-01	1.000000e+00	1.333333e-01	CONTROL 1 PHASE 1
176	-1.000000e+00	9.999975e-01	1.000000e+00	1.333333e-01	CONTROL 2 PHASE 1
177	-1.000000e+00	-9.999985e-01	1.000000e+00	1.333333e-01	CONTROL 3 PHASE 1
178	-1.000000e+00	9.999999e-01	1.000000e+00	1.333333e-01	CONTROL 1 PHASE 1
179	-1.000000e+00	9.999984e-01	1.000000e+00	1.333333e-01	CONTROL 2 PHASE 1
180	-1.000000e+00	-9.999984e-01	1.000000e+00	1.333333e-01	CONTROL 3 PHASE 1
181	-1.000000e+00	1.000000e+00	1.000000e+00	1.333333e-01	CONTROL 1 PHASE 1
182	-1.000000e+00	9.999987e-01	1.000000e+00	1.333333e-01	CONTROL 2 PHASE 1
183	-1.000000e+00	-9.999980e-01	1.000000e+00	1.333333e-01	CONTROL 3 PHASE 1
184	-1.000000e+00	1.000000e+00	1.000000e+00	1.333333e-01	CONTROL 1 PHASE 1
185	-1.000000e+00	9.999989e-01	1.000000e+00	1.333333e-01	CONTROL 2 PHASE 1
186	-1.000000e+00	-9.999967e-01	1.000000e+00	1.333333e-01	CONTROL 3 PHASE 1
187	-1.000000e+00	1.000000e+00	1.000000e+00	1.333333e-01	CONTROL 1 PHASE 1
188	-1.000000e+00	9.999990e-01	1.000000e+00	1.333333e-01	CONTROL 2 PHASE 1
189	-1.000000e+00	-9.999749e-01	1.000000e+00	1.333333e-01	CONTROL 3 PHASE 1
190	-1.000000e+00	1.000000e+00	1.000000e+00	1.333333e-01	CONTROL 1 PHASE 1
191	-1.000000e+00	9.999990e-01	1.000000e+00	1.333333e-01	CONTROL 2 PHASE 1
192	-1.000000e+00	8.859030e-01	1.000000e+00	1.333333e-01	CONTROL 3 PHASE 1
193	-1.000000e+00	1.000000e+00	1.000000e+00	1.333333e-01	CONTROL 1 PHASE 1
194	-1.000000e+00	9.999991e-01	1.000000e+00	1.333333e-01	CONTROL 2 PHASE 1
195	-1.000000e+00	9.999973e-01	1.000000e+00	1.333333e-01	CONTROL 3 PHASE 1
196	-1.000000e+00	1.000000e+00	1.000000e+00	1.333333e-01	CONTROL 1 PHASE 1
197	-1.000000e+00	9.999990e-01	1.000000e+00	1.333333e-01	CONTROL 2 PHASE 1
198	-1.000000e+00	9.999988e-01	1.000000e+00	1.333333e-01	CONTROL 3 PHASE 1
199	-1.000000e+00	1.000000e+00	1.000000e+00	1.333333e-01	CONTROL 1 PHASE 1
200	-1.000000e+00	9.999990e-01	1.000000e+00	1.333333e-01	CONTROL 2 PHASE 1
201	-1.000000e+00	9.999992e-01	1.000000e+00	1.333333e-01	CONTROL 3 PHASE 1
202	-1.000000e+00	1.000000e+00	1.000000e+00	1.333333e-01	CONTROL 1 PHASE 1
203	-1.000000e+00	9.999989e-01	1.000000e+00	1.333333e-01	CONTROL 2 PHASE 1
204	-1.000000e+00	9.999995e-01	1.000000e+00	1.333333e-01	CONTROL 3 PHASE 1
205	-1.000000e+00	1.000000e+00	1.000000e+00	1.333333e-01	CONTROL 1 PHASE 1
206	-1.000000e+00	9.999988e-01	1.000000e+00	1.333333e-01	CONTROL 2 PHASE 1
207	-1.000000e+00	9.999996e-01	1.000000e+00	1.333333e-01	CONTROL 3 PHASE 1
208	-1.000000e+00	1.000000e+00	1.000000e+00	1.333333e-01	CONTROL 1 PHASE 1
209	-1.000000e+00	9.999986e-01	1.000000e+00	1.333333e-01	CONTROL 2 PHASE 1
210	-1.000000e+00	9.999997e-01	1.000000e+00	1.333333e-01	CONTROL 3 PHASE 1
211	-1.000000e+00	1.000000e+00	1.000000e+00	1.333333e-01	CONTROL 1 PHASE 1
212	-1.000000e+00	9.999982e-01	1.000000e+00	1.333333e-01	CONTROL 2 PHASE 1
213	-1.000000e+00	9.999997e-01	1.000000e+00	1.333333e-01	CONTROL 3 PHASE 1
214	-1.000000e+00	1.000000e+00	1.000000e+00	1.333333e-01	CONTROL 1 PHASE 1
215	-1.000000e+00	9.999975e-01	1.000000e+00	1.333333e-01	CONTROL 2 PHASE 1
216	-1.000000e+00	9.999998e-01	1.000000e+00	1.333333e-01	CONTROL 3 PHASE 1
217	-1.000000e+00	1.000000e+00	1.000000e+00	1.333333e-01	CONTROL 1 PHASE 1
218	-1.000000e+00	9.999957e-01	1.000000e+00	1.333333e-01	CONTROL 2 PHASE 1
219	-1.000000e+00	9.999998e-01	1.000000e+00	1.333333e-01	CONTROL 3 PHASE 1
220	-1.000000e+00	1.000000e+00	1.000000e+00	1.333333e-01	CONTROL 1 PHASE 1
221	-1.000000e+00	9.999758e-01	1.000000e+00	1.333333e-01	CONTROL 2 PHASE 1
222	-1.000000e+00	9.999998e-01	1.000000e+00	1.333333e-01	CONTROL 3 PHASE 1
223	-1.000000e+00	1.000000e+00	1.000000e+00	1.333333e-01	CONTROL 1 PHASE 1
224	-1.000000e+00	-2.318234e-02	1.000000e+00	1.333333e-01	CONTROL 2 PHASE 1
225	-1.000000e+00	9.999999e-01	1.000000e+00	1.333333e-01	CONTROL 3 PHASE 1
226	-1.000000e+00	1.000000e+00	1.000000e+00	1.333333e-01	CONTROL 1 PHASE 1
227	-1.000000e+00	-9.999832e-01	1.000000e+00	1.333333e-01	CONTROL 2 PHASE 1
228	-1.000000e+00	9.999999e-01	1.000000e+00	1.333333e-01	CONTROL 3 PHASE 1
229	-1.000000e+00	1.000000e+00	1.000000e+00	1.333333e-01	CONTROL 1 PHASE 1
230	-1.000000e+00	-9.999963e-01	1.000000e+00	1.333333e-01	CONTROL 2 PHASE 1
231	-1.000000e+00	9.999999e-01	1.000000e+00	1.333333e-01	CONTROL 3 PHASE 1
232	-1.000000e+00	1.000000e+00	1.000000e+00	1.333333e-01	CONTROL 1 PHASE 1
233	-1.000000e+00	-9.999980e-01	1.000000e+00	1.333333e-01	CONTROL 2 PHASE 1
234	-1.000000e+00	9.999999e-01	1.000000e+00	1.333333e-01	CONTROL 3 PHASE 1
235	-1.000000e+00	1.000000e+00	1.000000e+00	1.333333e-01	CONTROL 1 PHASE 1
236	-1.000000e+00	-9.999986e-01	1.000000e+00	1.333333e-01	CONTROL 2 PHASE 1
237	-1.000000e+00	9.999999e-01	1.000000e+00	1.333333e-01	CONTROL 3 PHASE 1
238	-1.000000e+00	1.000000e+00	1.000000e+00	1.333333e-01	CONTROL 1 PHASE 1
239	-1.000000e+00	-9.999976e-01	1.000000e+00	1.333333e-01	CONTROL 2 PHASE 1
240	-1.000000e+00	9.999998e-01	1.000000e+00	1.333333e-01	CONTROL 3 PHASE 1
241	-1.000000e+00	-2.905585e-17	1.000000e+00	3.367003e-01	STATE 1 PHASE 1
242	-1.000000e+00	-7.462687e-01	1.000000e+00	4.975124e-01	STATE 2 PHASE 1
243	-1.000000e+00	-1.672394e-17	1.000000e+00	3.496503e-01	STATE 3 PHASE 1
244	-1.000000e+00	-1.699865e-17	1.000000e+00	3.333333e-01	STATE 4 PHASE 1
245	-1.000000e+00	-5.501250e-18	1.000000e+00	6.666667e-01	STATE 5 PHASE 1
246	-1.000000e+00	-1.750778e-17	1.000000e+00	1.923077e-01	STATE 6 PHASE 1
247	-1.000000e+00	1.079566e-04	1.000000e+00	3.367003e-01	STATE 1 PHASE 1
248	-1.000000e+00	-7.466139e-01	1.000000e+00	4.975124e-01	STATE 2 PHASE 1
249	-1.000000e+00	5.018367e-04	1.000000e+00	3.496503e-01	STATE 3 PHASE 1
250	-1.000000e+00	3.409217e-02	1.000000e+00	3.333333e-01	STATE 4 PHASE 1
251	-1.000000e+00	-1.475642e-01	1.000000e+00	6.666667e-01	STATE 5 PHASE 1
252	-1.000000e+00	8.804311e-02	1.000000e+00	1.923077e-01	STATE 6 PHASE 1
253	-1.000000e+00	4.318717e-04	1.000000e+00	3.367003e-01	STATE 1 PHASE 1
254	-1.000000e+00	-7.476496e-01	1.000000e+00	4.975124e-01	STATE 2 PHASE 1
255	-1.000000e+00	2.007353e-03	1.000000e+00	3.496503e-01	STATE 3 PHASE 1
256	-1.000000e+00	6.819864e-02	1.000000e+00	3.333333e-01	STATE 4 PHASE 1
257	-1.000000e+00	-2.951356e-01	1.000000e+00	6.666667e-01	STATE 5 PHASE 1
258	-1.000000e+00	1.760873e-01	1.000000e+00	1.923077e-01	STATE 6 PHASE 1
259	-1.000000e+00	9.718856e-04	1.000000e+00	3.367003e-01	STATE 1 PHASE 1
260	-1.000000e+00	-7.493758e-01	1.000000e+00	4.975124e-01	STATE 2 PHASE 1
261	-1.000000e+00	4.516555e-03	1.000000e+00	3.496503e-01	STATE 3 PHASE 1
262	-1.000000e+00	1.023351e-01	1.000000e+00	3.333333e-01	STATE 4 PHASE 1
263	-1.000000e+00	-4.427201e-01	1.000000e+00	6.666667e-01	STATE 5 PHASE 1
264	-1.000000e+00	2.641315e-01	1.000000e+00	1.923077e-01	STATE 6 PHASE 1
265	-1.000000e+00	1.728247e-03	1.000000e+00	3.367003e-01	STATE 1 PHASE 1
266	-1.000000e+00	-7.517926e-01	1.000000e+00	4.975124e-01	STATE 2 PHASE 1
267	-1.000000e+00	8.029412e-03	1.000000e+00	3.496503e-01	STATE 3 PHASE 1
268	-1.000000e+00	1.365202e-01	1.000000e+00	3.333333e-01	STATE 4 PHASE 1
269	-1.000000e+00	-5.903209e-01	1.000000e+00	6.666667e-01	STATE 5 PHASE 1
270	-1.000000e+00	3.521704e-01	1.000000e+00	1.923077e-01	STATE 6 PHASE 1
271	-1.000000e+00	2.701336e-03	1.000000e+00	3.367003e-01	STATE 1 PHASE 1
272	-1.000000e+00	-7.549001e-01	1.000000e+00	4.975124e-01	STATE 2 PHASE 1
273	-1.000000e+00	1.254580e-02	1.000000e+00	3.496503e-01	STATE 3 PHASE 1
274	-1.000000e+00	1.707766e-01	1.000000e+00	3.333333e-01	STATE 4 PHASE 1
275	-1.000000e+00	-7.379372e-01	1.000000e+00	6.666667e-01	STATE 5 PHASE 1
276	-1.000000e+00	4.401924e-01	1.000000e+00	1.923077e-01	STATE 6 PHASE 1
277	-1.000000e+00	3.891696e-03	1.000000e+00	3.367003e-01	STATE 1 PHASE 1
278	-1.000000e+00	-7.586983e-01	1.000000e+00	4.975124e-01	STATE 2 PHASE 1
279	-1.000000e+00	1.806541e-02	1.000000e+00	3.496503e-01	STATE 3 PHASE 1
280	-1.000000e+00	2.051330e-01	1.000000e+00	3.333333e-01	STATE 4 PHASE 1
281	-1.000000e+00	-8.855624e-01	1.000000e+00	6.666667e-01	STATE 5 PHASE 1
282	-1.000000e+00	5.281776e-01	1.000000e+00	1.923077e-01	STATE 6 PHASE 1
283	-1.000000e+00	5.300207e-03	1.000000e+00	3.367003e-01	STATE 1 PHASE 1
284	-1.000000e+00	-7.630618e-01	1.000000e+00	4.975124e-01	STATE 2 PHASE 1
285	-1.000000e+00	2.448920e-02	1.000000e+00	3.496503e-01	STATE 3 PHASE 1
286	-1.000000e+00	2.396681e-01	1.000000e+00	3.333333e-01	STATE 4 PHASE 1
287	-1.000000e+00	-9.795824e-01	1.000000e+00	6.666667e-01	STATE 5 PHASE 1
288	-1.000000e+00	5.988235e-01	1.000000e+00	1.923077e-01	STATE 6 PHASE 1
289	-1.000000e+00	6.928023e-03	1.000000e+00	3.367003e-01	STATE 1 PHASE 1
290	-1.000000e+00	-7.676931e-01	1.000000e+00	4.975124e-01	STATE 2 PHASE 1
291	-1.000000e+00	3.158278e-02	1.000000e+00	3.496503e-01	STATE 3 PHASE 1
292	-1.000000e+00	2.743881e-01	1.000000e+00	3.333333e-01	STATE 4 PHASE 1
293	-1.000000e+00	-9.999997e-01	1.000000e+00	6.666667e-01	STATE 5 PHASE 1
294	-1.000000e+00	6.456858e-01	1.000000e+00	1.923077e-01	STATE 6 PHASE 1
295	-1.000000e+00	8.776095e-03	1.000000e+00	3.367003e-01	STATE 1 PHASE 1
296	-1.000000e+00	-7.723721e-01	1.000000e+00	4.975124e-01	STATE 2 PHASE 1
297	-1.000000e+00	3.917277e-02	1.000000e+00	3.496503e-01	STATE 3 PHASE 1
298	-1.000000e+00	3.092243e-01	1.000000e+00	3.333333e-01	STATE 4 PHASE 1
299	-1.000000e+00	-9.999992e-01	1.000000e+00	6.666667e-01	STATE 5 PHASE 1
300	-1.000000e+00	6.859164e-01	1.000000e+00	1.923077e-01	STATE 6 PHASE 1
301	-1.000000e+00	1.084518e-02	1.000000e+00	3.367003e-01	STATE 1 PHASE 1
302	-1.000000e+00	-7.770511e-01	1.000000e+00	4.975124e-01	STATE 2 PHASE 1
303	-1.000000e+00	4.722106e-02	1.000000e+00	3.496503e-01	STATE 3 PHASE 1
304	-1.000000e+00	3.441811e-01	1.000000e+00	3.333333e-01	STATE 4 PHASE 1
305	-1.000000e+00	-9.999998e-01	1.000000e+00	6.666667e-01	STATE 5 PHASE 1
306	-1.000000e+00	7.260897e-01	1.000000e+00	1.923077e-01	STATE 6 PHASE 1
307	-1.000000e+00	1.313614e-02	1.000000e+00	3.367003e-01	STATE 1 PHASE 1
308	-1.000000e+00	-7.817301e-01	1.000000e+00	4.975124e-01	STATE 2 PHASE 1
309	-1.000000e+00	5.572693e-02	1.000000e+00	3.496503e-01	STATE 3 PHASE 1
310	-1.000000e+00	3.792931e-01	1.000000e+00	3.333333e-01	STATE 4 PHASE 1
311	-1.000000e+00	-9.999992e-01	1.000000e+00	6.666667e-01	STATE 5 PHASE 1
312	-1.000000e+00	7.661949e-01	1.000000e+00	1.923077e-01	STATE 6 PHASE 1
313	-1.000000e+00	1.565008e-02	1.000000e+00	3.367003e-01	STATE 1 PHASE 1
314	-1.000000e+00	-7.864091e-01	1.000000e+00	4.975124e-01	STATE 2 PHASE 1
315	-1.000000e+00	6.468954e-02	1.000000e+00	3.496503e-01	STATE 3 PHASE 1
316	-1.000000e+00	4.145997e-01	1.000000e+00	3.333333e-01	STATE 4 PHASE 1
317	-1.000000e+00	-9.999998e-01	1.000000e+00	6.666667e-01	STATE 5 PHASE 1
318	-1.000000e+00	8.062203e-01	1.000000e+00	1.923077e-01	STATE 6 PHASE 1
319	-1.000000e+00	1.838839e-02	1.000000e+00	3.367003e-01	STATE 1 PHASE 1
320	-1.000000e+00	-7.910882e-01	1.000000e+00	4.975124e-01	STATE 2 PHASE 1
321	-1.000000e+00	7.410789e-02	1.000000e+00	3.496503e-01	STATE 3 PHASE 1
322	-1.000000e+00	4.501451e-01	1.000000e+00	3.333333e-01	STATE 4 PHASE 1
323	-1.000000e+00	-9.999991e-01	1.000000e+00	6.666667e-01	STATE 5 PHASE 1
324	-1.000000e+00	8.461519e-01	1.000000e+00	1.923077e-01	STATE 6 PHASE 1
325	-1.000000e+00	2.135274e-02	1.000000e+00	3.367003e-01	STATE 1 PHASE 1
326	-1.000000e+00	-7.957672e-01	1.000000e+00	4.975124e-01	STATE 2 PHASE 1
327	-1.000000e+00	8.398083e-02	1.000000e+00	3.496503e-01	STATE 3 PHASE 1
328	-1.000000e+00	4.859794e-01	1.000000e+00	3.333333e-01	STATE 4 PHASE 1
329	-1.000000e+00	-9.999998e-01	1.000000e+00	6.666667e-01	STATE 5 PHASE 1
330	-1.000000e+00	8.859739e-01	1.000000e+00	1.923077e-01	STATE 6 PHASE 1
331	-1.000000e+00	2.454511e-02	1.000000e+00	3.367003e-01	STATE 1 PHASE 1
332	-1.000000e+00	-8.004462e-01	1.000000e+00	4.975124e-01	STATE 2 PHASE 1
333	-1.000000e+00	9.430701e-02	1.000000e+00	3.496503e-01	STATE 3 PHASE 1
334	-1.000000e+00	5.221579e-01	1.000000e+00	3.333333e-01	STATE 4 PHASE 1
335	-1.000000e+00	-9.999991e-01	1.000000e+00	6.666667e-01	STATE 5 PHASE 1
336	-1.000000e+00	9.256682e-01	1.000000e+00	1.923077e-01	STATE 6 PHASE 1
337	-1.000000e+00	2.796790e-02	1.000000e+00	3.367003e-01	STATE 1 PHASE 1
338	-1.000000e+00	-8.051252e-01	1.000000e+00	4.975124e-01	STATE 2 PHASE 1
339	-1.000000e+00	1.050848e-01	1.000000e+00	3.496503e-01	STATE 3 PHASE 1
340	-1.000000e+00	5.587431e-01	1.000000e+00	3.333333e-01	STATE 4 PHASE 1
341	-1.000000e+00	-9.999997e-01	1.000000e+00	6.666667e-01	STATE 5 PHASE 1
342	-1.000000e+00	9.652141e-01	1.000000e+00	1.923077e-01	STATE 6 PHASE 1
343	-1.000000e+00	3.162385e-02	1.000000e+00	3.367003e-01	STATE 1 PHASE 1
344	-1.000000e+00	-8.098042e-01	1.000000e+00	4.975124e-01	STATE 2 PHASE 1
345	-1.000000e+00	1.162473e-01	1.000000e+00	3.496503e-01	STATE 3 PHASE 1
346	-1.000000e+00	5.957869e-01	1.000000e+00	3.333333e-01	STATE 4 PHASE 1
347	-1.000000e+00	-9.999993e-01	1.000000e+00	6.666667e-01	STATE 5 PHASE 1
348	-1.000000e+00	9.931476e-01	1.000000e+00	1.923077e-01	STATE 6 PHASE 1
349	-1.000000e+00	3.551592e-02	1.000000e+00	3.367003e-01	STATE 1 PHASE 1
350	-1.000000e+00	-8.144820e-01	1.000000e+00	4.975124e-01	STATE 2 PHASE 1
351	-1.000000e+00	1.276080e-01	1.000000e+00	3.496503e-01	STATE 3 PHASE 1
352	-1.000000e+00	6.333086e-01	1.000000e+00	3.333333e-01	STATE 4 PHASE 1
353	-1.000000e+00	-9.994637e-01	1.000000e+00	6.666667e-01	STATE 5 PHASE 1
354	-1.000000e+00	9.999999e-01	1.000000e+00	1.923077e-01	STATE 6 PHASE 1
355	-1.000000e+00	3.964718e-02	1.000000e+00	3.367003e-01	STATE 1 PHASE 1
356	-1.000000e+00	-8.191597e-01	1.000000e+00	4.975124e-01	STATE 2 PHASE 1
357	-1.000000e+00	1.390078e-01	1.000000e+00	3.496503e-01	STATE 3 PHASE 1
358	-1.000000e+00	6.713236e-01	1.000000e+00	3.333333e-01	STATE 4 PHASE 1
359	-1.000000e+00	-9.999958e-01	1.000000e+00	6.666667e-01	STATE 5 PHASE 1
360	-1.000000e+00	9.999995e-01	1.000000e+00	1.923077e-01	STATE 6 PHASE 1
361	-1.000000e+00	4.402084e-02	1.000000e+00	3.367003e-01	STATE 1 PHASE 1
362	-1.000000e+00	-8.238388e-01	1.000000e+00	4.975124e-01	STATE 2 PHASE 1
363	-1.000000e+00	1.504076e-01	1.000000e+00	3.496503e-01	STATE 3 PHASE 1
364	-1.000000e+00	7.098581e-01	1.000000e+00	3.333333e-01	STATE 4 PHASE 1
365	-1.000000e+00	-9.999987e-01	1.000000e+00	6.666667e-01	STATE 5 PHASE 1
366	-1.000000e+00	9.999999e-01	1.000000e+00	1.923077e-01	STATE 6 PHASE 1
367	-1.000000e+00	4.864032e-02	1.000000e+00	3.367003e-01	STATE 1 PHASE 1
368	-1.000000e+00	-8.285177e-01	1.000000e+00	4.975124e-01	STATE 2 PHASE 1
369	-1.000000e+00	1.618074e-01	1.000000e+00	3.496503e-01	STATE 3 PHASE 1
370	-1.000000e+00	7.489518e-01	1.000000e+00	3.333333e-01	STATE 4 PHASE 1
371	-1.000000e+00	-9.999775e-01	1.000000e+00	6.666667e-01	STATE 5 PHASE 1
372	-1.000000e+00	9.999995e-01	1.000000e+00	1.923077e-01	STATE 6 PHASE 1
373	-1.000000e+00	5.350928e-02	1.000000e+00	3.367003e-01	STATE 1 PHASE 1
374	-1.000000e+00	-8.331967e-01	1.000000e+00	4.975124e-01	STATE 2 PHASE 1
375	-1.000000e+00	1.732072e-01	1.000000e+00	3.496503e-01	STATE 3 PHASE 1
376	-1.000000e+00	7.886422e-01	1.000000e+00	3.333333e-01	STATE 4 PHASE 1
377	-1.000000e+00	-9.999995e-01	1.000000e+00	6.666667e-01	STATE 5 PHASE 1
378	-1.000000e+00	9.999999e-01	1.000000e+00	1.923077e-01	STATE 6 PHASE 1
379	-1.000000e+00	5.863163e-02	1.000000e+00	3.367003e-01	STATE 1 PHASE 1
380	-1.000000e+00	-8.378756e-01	1.000000e+00	4.975124e-01	STATE 2 PHASE 1
381	-1.000000e+00	1.846070e-01	1.000000e+00	3.496503e-01	STATE 3 PHASE 1
382	-1.000000e+00	8.289685e-01	1.000000e+00	3.333333e-01	STATE 4 PHASE 1
383	-1.000000e+00	-9.999579e-01	1.000000e+00	6.666667e-01	STATE 5 PHASE 1
384	-1.000000e+00	9.999994e-01	1.000000e+00	1.923077e-01	STATE 6 PHASE 1
385	-1.000000e+00	6.401150e-02	1.000000e+00	3.367003e-01	STATE 1 PHASE 1
386	-1.000000e+00	-8.425545e-01	1.000000e+00	4.975124e-01	STATE 2 PHASE 1
387	-1.000000e+00	1.960068e-01	1.000000e+00	3.496503e-01	STATE 3 PHASE 1
388	-1.000000e+00	8.699696e-01	1.000000e+00	3.333333e-01	STATE 4 PHASE 1
389	-1.000000e+00	-9.999997e-01	1.000000e+00	6.666667e-01	STATE 5 PHASE 1
390	-1.000000e+00	9.999998e-01	1.000000e+00	1.923077e-01	STATE 6 PHASE 1
391	-1.000000e+00	6.965331e-02	1.000000e+00	3.367003e-01	STATE 1 PHASE 1
392	-1.000000e+00	-8.472334e-01	1.000000e+00	4.975124e-01	STATE 2 PHASE 1
393	-1.000000e+00	2.074066e-01	1.000000e+00	3.496503e-01	STATE 3 PHASE 1
394	-1.000000e+00	9.116853e-01	1.000000e+00	3.333333e-01	STATE 4 PHASE 1
395	-1.000000e+00	-9.999252e-01	1.000000e+00	6.666667e-01	STATE 5 PHASE 1
396	-1.000000e+00	9.999990e-01	1.000000e+00	1.923077e-01	STATE 6 PHASE 1
397	-1.000000e+00	7.556170e-02	1.000000e+00	3.367003e-01	STATE 1 PHASE 1
398	-1.000000e+00	-8.519122e-01	1.000000e+00	4.975124e-01	STATE 2 PHASE 1
399	-1.000000e+00	2.188064e-01	1.000000e+00	3.496503e-01	STATE 3 PHASE 1
400	-1.000000e+00	9.541560e-01	1.000000e+00	3.333333e-01	STATE 4 PHASE 1
401	-1.000000e+00	-9.999997e-01	1.000000e+00	6.666667e-01	STATE 5 PHASE 1
402	-1.000000e+00	9.999997e-01	1.000000e+00	1.923077e-01	STATE 6 PHASE 1
403	-1.000000e+00	8.171109e-02	1.000000e+00	3.367003e-01	STATE 1 PHASE 1
404	-1.000000e+00	-8.565911e-01	1.000000e+00	4.975124e-01	STATE 2 PHASE 1
405	-1.000000e+00	2.302033e-01	1.000000e+00	3.496503e-01	STATE 3 PHASE 1
406	-1.000000e+00	9.877922e-01	1.000000e+00	3.333333e-01	STATE 4 PHASE 1
407	-1.000000e+00	-9.999340e-01	1.000000e+00	6.666667e-01	STATE 5 PHASE 1
408	-1.000000e+00	9.994996e-01	1.000000e+00	1.923077e-01	STATE 6 PHASE 1
409	-1.000000e+00	8.800565e-02	1.000000e+00	3.367003e-01	STATE 1 PHASE 1
410	-1.000000e+00	-8.612699e-01	1.000000e+00	4.975124e-01	STATE 2 PHASE 1
411	-1.000000e+00	2.416003e-01	1.000000e+00	3.496503e-01	STATE 3 PHASE 1
412	-1.000000e+00	1.000000e+00	1.000000e+00	3.333333e-01	STATE 4 PHASE 1
413	-1.000000e+00	-9.999995e-01	1.000000e+00	6.666667e-01	STATE 5 PHASE 1
414	-1.000000e+00	9.999994e-01	1.000000e+00	1.923077e-01	STATE 6 PHASE 1
415	-1.000000e+00	9.433887e-02	1.000000e+00	3.367003e-01	STATE 1 PHASE 1
416	-1.000000e+00	-8.659488e-01	1.000000e+00	4.975124e-01	STATE 2 PHASE 1
417	-1.000000e+00	2.529999e-01	1.000000e+00	3.496503e-01	STATE 3 PHASE 1
418	-1.000000e+00	9.999998e-01	1.000000e+00	3.333333e-01	STATE 4 PHASE 1
419	-1.000000e+00	-9.999350e-01	1.000000e+00	6.666667e-01	STATE 5 PHASE 1
420	-1.000000e+00	9.999748e-01	1.000000e+00	1.923077e-01	STATE 6 PHASE 1
421	-1.000000e+00	1.006721e-01	1.000000e+00	3.367003e-01	STATE 1 PHASE 1
422	-1.000000e+00	-8.706277e-01	1.000000e+00	4.975124e-01	STATE 2 PHASE 1
423	-1.000000e+00	2.643996e-01	1.000000e+00	3.496503e-01	STATE 3 PHASE 1
424	-1.000000e+00	1.000000e+00	1.000000e+00	3.333333e-01	STATE 4 PHASE 1
425	-1.000000e+00	-1.000000e+00	1.000000e+00	6.666667e-01	STATE 5 PHASE 1
426	-1.000000e+00	9.999997e-01	1.000000e+00	1.923077e-01	STATE 6 PHASE 1
427	-1.000000e+00	1.070053e-01	1.000000e+00	3.367003e-01	STATE 1 PHASE 1
428	-1.000000e+00	-8.753066e-01	1.000000e+00	4.975124e-01	STATE 2 PHASE 1
429	-1.000000e+00	2.757993e-01	1.000000e+00	3.496503e-01	STATE 3 PHASE 1
430	-1.000000e+00	9.999998e-01	1.000000e+00	3.333333e-01	STATE 4 PHASE 1
431	-1.000000e+00	-9.999574e-01	1.000000e+00	6.666667e-01	STATE 5 PHASE 1
432	-1.000000e+00	9.999855e-01	1.000000e+00	1.923077e-01	STATE 6 PHASE 1
433	-1.000000e+00	1.133385e-01	1.000000e+00	3.367003e-01	STATE 1 PHASE 1
434	-1.000000e+00	-8.799855e-01	1.000000e+00	4.975124e-01	STATE 2 PHASE 1
435	-1.000000e+00	2.871990e-01	1.000000e+00	3.496503e-01	STATE 3 PHASE 1
436	-1.000000e+00	1.000000e+00	1.000000e+00	3.333333e-01	STATE 4 PHASE 1
437	-1.000000e+00	-1.000000e+00	1.000000e+00	6.666667e-01	STATE 5 PHASE 1
438	-1.000000e+00	9.999995e-01	1.000000e+00	1.923077e-01	STATE 6 PHASE 1
439	-1.000000e+00	1.196717e-01	1.000000e+00	3.367003e-01	STATE 1 PHASE 1
440	-1.000000e+00	-8.846645e-01	1.000000e+00	4.975124e-01	STATE 2 PHASE 1
441	-1.000000e+00	2.985987e-01	1.000000e+00	3.496503e-01	STATE 3 PHASE 1
442	-1.000000e+00	9.999998e-01	1.000000e+00	3.333333e-01	STATE 4 PHASE 1
443	-1.000000e+00	-9.999654e-01	1.000000e+00	6.666667e-01	STATE 5 PHASE 1
444	-1.000000e+00	9.999916e-01	1.000000e+00	1.923077e-01	STATE 6 PHASE 1
445	-1.000000e+00	1.260050e-01	1.000000e+00	3.367003e-01	STATE 1 PHASE 1
446	-1.000000e+00	-8.893434e-01	1.000000e+00	4.975124e-01	STATE 2 PHASE 1
447	-1.000000e+00	3.099985e-01	1.000000e+00	3.496503e-01	STATE 3 PHASE 1
448	-1.000000e+00	1.000000e+00	1.000000e+00	3.333333e-01	STATE 4 PHASE 1
449	-1.000000e+00	-9.999995e-01	1.000000e+00	6.666667e-01	STATE 5 PHASE 1
450	-1.000000e+00	9.999994e-01	1.000000e+00	1.923077e-01	STATE 6 PHASE 1
451	-1.000000e+00	1.323382e-01	1.000000e+00	3.367003e-01	STATE 1 PHASE 1
452	-1.000000e+00	-8.940223e-01	1.000000e+00	4.975124e-01	STATE 2 PHASE 1
453	-1.000000e+00	3.213982e-01	1.000000e+00	3.496503e-01	STATE 3 PHASE 1
454	-1.000000e+00	9.999998e-01	1.000000e+00	3.333333e-01	STATE 4 PHASE 1
455	-1.000000e+00	-9.999671e-01	1.000000e+00	6.666667e-01	STATE 5 PHASE 1
456	-1.000000e+00	9.999957e-01	1.000000e+00	1.923077e-01	STATE 6 PHASE 1
457	-1.000000e+00	1.386714e-01	1.000000e+00	3.367003e-01	STATE 1 PHASE 1
458	-1.000000e+00	-8.987013e-01	1.000000e+00	4.975124e-01	STATE 2 PHASE 1
459	-1.000000e+00	3.327980e-01	1.000000e+00	3.496503e-01	STATE 3 PHASE 1
460	-1.000000e+00	1.000000e+00	1.000000e+00	3.333333e-01	STATE 4 PHASE 1
461	-1.000000e+00	-9.999983e-01	1.000000e+00	6.666667e-01	STATE 5 PHASE 1
462	-1.000000e+00	9.999991e-01	1.000000e+00	1.923077e-01	STATE 6 PHASE 1
463	-1.000000e+00	1.450046e-01	1.000000e+00	3.367003e-01	STATE 1 PHASE 1
464	-1.000000e+00	-9.033802e-01	1.000000e+00	4.975124e-01	STATE 2 PHASE 1
465	-1.000000e+00	3.441978e-01	1.000000e+00	3.496503e-01	STATE 3 PHASE 1
466	-1.000000e+00	9.999997e-01	1.000000e+00	3.333333e-01	STATE 4 PHASE 1
467	-1.000000e+00	-9.999531e-01	1.000000e+00	6.666667e-01	STATE 5 PHASE 1
468	-1.000000e+00	9.999983e-01	1.000000e+00	1.923077e-01	STATE 6 PHASE 1
469	-1.000000e+00	1.513378e-01	1.000000e+00	3.367003e-01	STATE 1 PHASE 1
470	-1.000000e+00	-9.080591e-01	1.000000e+00	4.975124e-01	STATE 2 PHASE 1
471	-1.000000e+00	3.555803e-01	1.000000e+00	3.496503e-01	STATE 3 PHASE 1
472	-1.000000e+00	1.000000e+00	1.000000e+00	3.333333e-01	STATE 4 PHASE 1
473	-1.000000e+00	-9.999998e-01	1.000000e+00	6.666667e-01	STATE 5 PHASE 1
474	-1.000000e+00	9.969782e-01	1.000000e+00	1.923077e-01	STATE 6 PHASE 1
475	-1.000000e+00	1.576711e-01	1.000000e+00	3.367003e-01	STATE 1 PHASE 1
476	-1.000000e+00	-9.127381e-01	1.000000e+00	4.975124e-01	STATE 2 PHASE 1
477	-1.000000e+00	3.668760e-01	1.000000e+00	3.496503e-01	STATE 3 PHASE 1
478	-1.000000e+00	9.999997e-01	1.000000e+00	3.333333e-01	STATE 4 PHASE 1
479	-1.000000e+00	-9.999878e-01	1.000000e+00	6.666667e-01	STATE 5 PHASE 1
480	-1.000000e+00	9.847490e-01	1.000000e+00	1.923077e-01	STATE 6 PHASE 1
481	-1.000000e+00	1.640043e-01	1.000000e+00	3.367003e-01	STATE 1 PHASE 1
482	-1.000000e+00	-9.174171e-01	1.000000e+00	4.975124e-01	STATE 2 PHASE 1
483	-1.000000e+00	3.779656e-01	1.000000e+00	3.496503e-01	STATE 3 PHASE 1
484	-1.000000e+00	1.000000e+00	1.000000e+00	3.333333e-01	STATE 4 PHASE 1
485	-1.000000e+00	-9.999998e-01	1.000000e+00	6.666667e-01	STATE 5 PHASE 1
486	-1.000000e+00	9.608331e-01	1.000000e+00	1.923077e-01	STATE 6 PHASE 1
487	-1.000000e+00	1.703375e-01	1.000000e+00	3.367003e-01	STATE 1 PHASE 1
488	-1.000000e+00	-9.220961e-01	1.000000e+00	4.975124e-01	STATE 2 PHASE 1
489	-1.000000e+00	3.887157e-01	1.000000e+00	3.496503e-01	STATE 3 PHASE 1
490	-1.000000e+00	9.999997e-01	1.000000e+00	3.333333e-01	STATE 4 PHASE 1
491	-1.000000e+00	-9.999863e-01	1.000000e+00	6.666667e-01	STATE 5 PHASE 1
492	-1.000000e+00	9.251760e-01	1.000000e+00	1.923077e-01	STATE 6 PHASE 1
493	-1.000000e+00	1.766707e-01	1.000000e+00	3.367003e-01	STATE 1 PHASE 1
494	-1.000000e+00	-9.267751e-01	1.000000e+00	4.975124e-01	STATE 2 PHASE 1
495	-1.000000e+00	3.989922e-01	1.000000e+00	3.496503e-01	STATE 3 PHASE 1
496	-1.000000e+00	1.000000e+00	1.000000e+00	3.333333e-01	STATE 4 PHASE 1
497	-1.000000e+00	-9.999998e-01	1.000000e+00	6.666667e-01	STATE 5 PHASE 1
498	-1.000000e+00	8.777571e-01	1.000000e+00	1.923077e-01	STATE 6 PHASE 1
499	-1.000000e+00	1.830039e-01	1.000000e+00	3.367003e-01	STATE 1 PHASE 1
500	-1.000000e+00	-9.314540e-01	1.000000e+00	4.975124e-01	STATE 2 PHASE 1
501	-1.000000e+00	4.086608e-01	1.000000e+00	3.496503e-01	STATE 3 PHASE 1
502	-1.000000e+00	9.999997e-01	1.000000e+00	3.333333e-01	STATE 4 PHASE 1
503	-1.000000e+00	-9.999846e-01	1.000000e+00	6.666667e-01	STATE 5 PHASE 1
504	-1.000000e+00	8.185179e-01	1.000000e+00	1.923077e-01	STATE 6 PHASE 1
505	-1.000000e+00	1.893372e-01	1.000000e+00	3.367003e-01	STATE 1 PHASE 1
506	-1.000000e+00	-9.361330e-01	1.000000e+00	4.975124e-01	STATE 2 PHASE 1
507	-1.000000e+00	4.176136e-01	1.000000e+00	3.496503e-01	STATE 3 PHASE 1
508	-1.000000e+00	1.000000e+00	1.000000e+00	3.333333e-01	STATE 4 PHASE 1
509	-1.000000e+00	-9.999997e-01	1.000000e+00	6.666667e-01	STATE 5 PHASE 1
510	-1.000000e+00	7.521833e-01	1.000000e+00	1.923077e-01	STATE 6 PHASE 1
511	-1.000000e+00	1.956704e-01	1.000000e+00	3.367003e-01	STATE 1 PHASE 1
512	-1.000000e+00	-9.408120e-01	1.000000e+00	4.975124e-01	STATE 2 PHASE 1
513	-1.000000e+00	4.258038e-01	1.000000e+00	3.496503e-01	STATE 3 PHASE 1
514	-1.000000e+00	9.999998e-01	1.000000e+00	3.333333e-01	STATE 4 PHASE 1
515	-1.000000e+00	-9.999782e-01	1.000000e+00	6.666667e-01	STATE 5 PHASE 1
516	-1.000000e+00	6.847165e-01	1.000000e+00	1.923077e-01	STATE 6 PHASE 1
517	-1.000000e+00	2.020036e-01	1.000000e+00	3.367003e-01	STATE 1 PHASE 1
518	-1.000000e+00	-9.454910e-01	1.000000e+00	4.975124e-01	STATE 2 PHASE 1
519	-1.000000e+00	4.332255e-01	1.000000e+00	3.496503e-01	STATE 3 PHASE 1
520	-1.000000e+00	1.000000e+00	1.000000e+00	3.333333e-01	STATE 4 PHASE 1
521	-1.000000e+00	-9.999998e-01	1.000000e+00	6.666667e-01	STATE 5 PHASE 1
522	-1.000000e+00	6.173549e-01	1.000000e+00	1.923077e-01	STATE 6 PHASE 1
523	-1.000000e+00	2.083368e-01	1.000000e+00	3.367003e-01	STATE 1 PHASE 1
524	-1.000000e+00	-9.501699e-01	1.000000e+00	4.975124e-01	STATE 2 PHASE 1
525	-1.000000e+00	4.398797e-01	1.000000e+00	3.496503e-01	STATE 3 PHASE 1
526	-1.000000e+00	9.999998e-01	1.000000e+00	3.333333e-01	STATE 4 PHASE 1
527	-1.000000e+00	-9.999709e-01	1.000000e+00	6.666667e-01	STATE 5 PHASE 1
528	-1.000000e+00	5.500677e-01	1.000000e+00	1.923077e-01	STATE 6 PHASE 1
529	-1.000000e+00	2.146700e-01	1.000000e+00	3.367003e-01	STATE 1 PHASE 1
530	-1.000000e+00	-9.548489e-01	1.000000e+00	4.975124e-01	STATE 2 PHASE 1
531	-1.000000e+00	4.457673e-01	1.000000e+00	3.496503e-01	STATE 3 PHASE 1
532	-1.000000e+00	1.000000e+00	1.000000e+00	3.333333e-01	STATE 4 PHASE 1
533	-1.000000e+00	-9.999996e-01	1.000000e+00	6.666667e-01	STATE 5 PHASE 1
534	-1.000000e+00	4.828654e-01	1.000000e+00	1.923077e-01	STATE 6 PHASE 1
535	-1.000000e+00	2.210033e-01	1.000000e+00	3.367003e-01	STATE 1 PHASE 1
536	-1.000000e+00	-9.595278e-01	1.000000e+00	4.975124e-01	STATE 2 PHASE 1
537	-1.000000e+00	4.508890e-01	1.000000e+00	3.496503e-01	STATE 3 PHASE 1
538	-1.000000e+00	9.999998e-01	1.000000e+00	3.333333e-01	STATE 4 PHASE 1
539	-1.000000e+00	-9.999523e-01	1.000000e+00	6.666667e-01	STATE 5 PHASE 1
540	-1.000000e+00	4.157051e-01	1.000000e+00	1.923077e-01	STATE 6 PHASE 1
541	-1.000000e+00	2.273365e-01	1.000000e+00	3.367003e-01	STATE 1 PHASE 1
542	-1.000000e+00	-9.642067e-01	1.000000e+00	4.975124e-01	STATE 2 PHASE 1
543	-1.000000e+00	4.552456e-01	1.000000e+00	3.496503e-01	STATE 3 PHASE 1
544	-1.000000e+00	1.000000e+00	1.000000e+00	3.333333e-01	STATE 4 PHASE 1
545	-1.000000e+00	-9.999994e-01	1.000000e+00	6.666667e-01	STATE 5 PHASE 1
546	-1.000000e+00	3.486077e-01	1.000000e+00	1.923077e-01	STATE 6 PHASE 1
547	-1.000000e+00	2.336697e-01	1.000000e+00	3.367003e-01	STATE 1 PHASE 1
548	-1.000000e+00	-9.688852e-01	1.000000e+00	4.975124e-01	STATE 2 PHASE 1
549	-1.000000e+00	4.588370e-01	1.000000e+00	3.496503e-01	STATE 3 PHASE 1
550	-1.000000e+00	9.999998e-01	1.000000e+00	3.333333e-01	STATE 4 PHASE 1
551	-1.000000e+00	-9.997895e-01	1.000000e+00	6.666667e-01	STATE 5 PHASE 1
552	-1.000000e+00	2.814815e-01	1.000000e+00	1.923077e-01	STATE 6 PHASE 1
553	-1.000000e+00	2.400029e-01	1.000000e+00	3.367003e-01	STATE 1 PHASE 1
554	-1.000000e+00	-9.735225e-01	1.000000e+00	4.975124e-01	STATE 2 PHASE 1
555	-1.000000e+00	4.616421e-01	1.000000e+00	3.496503e-01	STATE 3 PHASE 1
556	-1.000000e+00	1.000000e+00	1.000000e+00	3.333333e-01	STATE 4 PHASE 1
557	-1.000000e+00	-9.823873e-01	1.000000e+00	6.666667e-01	STATE 5 PHASE 1
558	-1.000000e+00	2.106492e-01	1.000000e+00	1.923077e-01	STATE 6 PHASE 1
559	-1.000000e+00	2.463361e-01	1.000000e+00	3.367003e-01	STATE 1 PHASE 1
560	-1.000000e+00	-9.780001e-01	1.000000e+00	4.975124e-01	STATE 2 PHASE 1
561	-1.000000e+00	4.635988e-01	1.000000e+00	3.496503e-01	STATE 3 PHASE 1
562	-1.000000e+00	9.999998e-01	1.000000e+00	3.333333e-01	STATE 4 PHASE 1
563	-1.000000e+00	-9.314961e-01	1.000000e+00	6.666667e-01	STATE 5 PHASE 1
564	-1.000000e+00	1.326402e-01	1.000000e+00	1.923077e-01	STATE 6 PHASE 1
565	-1.000000e+00	2.526694e-01	1.000000e+00	3.367003e-01	STATE 1 PHASE 1
566	-1.000000e+00	-9.821611e-01	1.000000e+00	4.975124e-01	STATE 2 PHASE 1
567	-1.000000e+00	4.646258e-01	1.000000e+00	3.496503e-01	STATE 3 PHASE 1
568	-1.000000e+00	1.000000e+00	1.000000e+00	3.333333e-01	STATE 4 PHASE 1
569	-1.000000e+00	-8.470745e-01	1.000000e+00	6.666667e-01	STATE 5 PHASE 1
570	-1.000000e+00	4.753537e-02	1.000000e+00	1.923077e-01	STATE 6 PHASE 1
571	-1.000000e+00	2.590026e-01	1.000000e+00	3.367003e-01	STATE 1 PHASE 1
572	-1.000000e+00	-9.858878e-01	1.000000e+00	4.975124e-01	STATE 2 PHASE 1
573	-1.000000e+00	4.646629e-01	1.000000e+00	3.496503e-01	STATE 3 PHASE 1
574	-1.000000e+00	9.999998e-01	1.000000e+00	3.333333e-01	STATE 4 PHASE 1
575	-1.000000e+00	-7.458759e-01	1.000000e+00	6.666667e-01	STATE 5 PHASE 1
576	-1.000000e+00	-4.102291e-02	1.000000e+00	1.923077e-01	STATE 6 PHASE 1
577	-1.000000e+00	2.653358e-01	1.000000e+00	3.367003e-01	STATE 1 PHASE 1
578	-1.000000e+00	-9.891398e-01	1.000000e+00	4.975124e-01	STATE 2 PHASE 1
579	-1.000000e+00	4.636905e-01	1.000000e+00	3.496503e-01	STATE 3 PHASE 1
580	-1.000000e+00	1.000000e+00	1.000000e+00	3.333333e-01	STATE 4 PHASE 1
581	-1.000000e+00	-6.441550e-01	1.000000e+00	6.666667e-01	STATE 5 PHASE 1
582	-1.000000e+00	-1.295734e-01	1.000000e+00	1.923077e-01	STATE 6 PHASE 1
583	-1.000000e+00	2.716099e-01	1.000000e+00	3.367003e-01	STATE 1 PHASE 1
584	-1.000000e+00	-9.919134e-01	1.000000e+00	4.975124e-01	STATE 2 PHASE 1
585	-1.000000e+00	4.617083e-01	1.000000e+00	3.496503e-01	STATE 3 PHASE 1
586	-1.000000e+00	9.813244e-01	1.000000e+00	3.333333e-01	STATE 4 PHASE 1
587	-1.000000e+00	-5.413885e-01	1.000000e+00	6.666667e-01	STATE 5 PHASE 1
588	-1.000000e+00	-2.181879e-01	1.000000e+00	1.923077e-01	STATE 6 PHASE 1
589	-1.000000e+00	2.776879e-01	1.000000e+00	3.367003e-01	STATE 1 PHASE 1
590	-1.000000e+00	-9.942034e-01	1.000000e+00	4.975124e-01	STATE 2 PHASE 1
591	-1.000000e+00	4.587166e-01	1.000000e+00	3.496503e-01	STATE 3 PHASE 1
592	-1.000000e+00	9.380725e-01	1.000000e+00	3.333333e-01	STATE 4 PHASE 1
593	-1.000000e+00	-4.374365e-01	1.000000e+00	6.666667e-01	STATE 5 PHASE 1
594	-1.000000e+00	-3.066907e-01	1.000000e+00	1.923077e-01	STATE 6 PHASE 1
595	-1.000000e+00	2.834723e-01	1.000000e+00	3.367003e-01	STATE 1 PHASE 1
596	-1.000000e+00	-9.960056e-01	1.000000e+00	4.975124e-01	STATE 2 PHASE 1
597	-1.000000e+00	4.547179e-01	1.000000e+00	3.496503e-01	STATE 3 PHASE 1
598	-1.000000e+00	8.886295e-01	1.000000e+00	3.333333e-01	STATE 4 PHASE 1
599	-1.000000e+00	-3.329311e-01	1.000000e+00	6.666667e-01	STATE 5 PHASE 1
600	-1.000000e+00	-3.948356e-01	1.000000e+00	1.923077e-01	STATE 6 PHASE 1
601	-1.000000e+00	2.889420e-01	1.000000e+00	3.367003e-01	STATE 1 PHASE 1
602	-1.000000e+00	-9.973180e-01	1.000000e+00	4.975124e-01	STATE 2 PHASE 1
603	-1.000000e+00	4.497163e-01	1.000000e+00	3.496503e-01	STATE 3 PHASE 1
604	-1.000000e+00	8.386755e-01	1.000000e+00	3.333333e-01	STATE 4 PHASE 1
605	-1.000000e+00	-2.280156e-01	1.000000e+00	6.666667e-01	STATE 5 PHASE 1
606	-1.000000e+00	-4.826632e-01	1.000000e+00	1.923077e-01	STATE 6 PHASE 1
607	-1.000000e+00	2.940943e-01	1.000000e+00	3.367003e-01	STATE 1 PHASE 1
608	-1.000000e+00	-9.981383e-01	1.000000e+00	4.975124e-01	STATE 2 PHASE 1
609	-1.000000e+00	4.437145e-01	1.000000e+00	3.496503e-01	STATE 3 PHASE 1
610	-1.000000e+00	7.883870e-01	1.000000e+00	3.333333e-01	STATE 4 PHASE 1
611	-1.000000e+00	-1.226329e-01	1.000000e+00	6.666667e-01	STATE 5 PHASE 1
612	-1.000000e+00	-5.703007e-01	1.000000e+00	1.923077e-01	STATE 6 PHASE 1
613	-1.000000e+00	2.989276e-01	1.000000e+00	3.367003e-01	STATE 1 PHASE 1
614	-1.000000e+00	-9.984644e-01	1.000000e+00	4.975124e-01	STATE 2 PHASE 1
615	-1.000000e+00	4.367140e-01	1.000000e+00	3.496503e-01	STATE 3 PHASE 1
616	-1.000000e+00	7.379399e-01	1.000000e+00	3.333333e-01	STATE 4 PHASE 1
617	-1.000000e+00	-1.672563e-02	1.000000e+00	6.666667e-01	STATE 5 PHASE 1
618	-1.000000e+00	-6.578770e-01	1.000000e+00	1.923077e-01	STATE 6 PHASE 1
619	-1.000000e+00	3.034431e-01	1.000000e+00	3.367003e-01	STATE 1 PHASE 1
620	-1.000000e+00	-9.983429e-01	1.000000e+00	4.975124e-01	STATE 2 PHASE 1
621	-1.000000e+00	4.290213e-01	1.000000e+00	3.496503e-01	STATE 3 PHASE 1
622	-1.000000e+00	6.880392e-01	1.000000e+00	3.333333e-01	STATE 4 PHASE 1
623	-1.000000e+00	6.863414e-02	1.000000e+00	6.666667e-01	STATE 5 PHASE 1
624	-1.000000e+00	-6.917393e-01	1.000000e+00	1.923077e-01	STATE 6 PHASE 1
625	-1.000000e+00	3.076460e-01	1.000000e+00	3.367003e-01	STATE 1 PHASE 1
626	-1.000000e+00	-9.978749e-01	1.000000e+00	4.975124e-01	STATE 2 PHASE 1
627	-1.000000e+00	4.212683e-01	1.000000e+00	3.496503e-01	STATE 3 PHASE 1
628	-1.000000e+00	6.392130e-01	1.000000e+00	3.333333e-01	STATE 4 PHASE 1
629	-1.000000e+00	1.314075e-01	1.000000e+00	6.666667e-01	STATE 5 PHASE 1
630	-1.000000e+00	-6.684709e-01	1.000000e+00	1.923077e-01	STATE 6 PHASE 1
631	-1.000000e+00	3.115426e-01	1.000000e+00	3.367003e-01	STATE 1 PHASE 1
632	-1.000000e+00	-9.971185e-01	1.000000e+00	4.975124e-01	STATE 2 PHASE 1
633	-1.000000e+00	4.138008e-01	1.000000e+00	3.496503e-01	STATE 3 PHASE 1
634	-1.000000e+00	5.913308e-01	1.000000e+00	3.333333e-01	STATE 4 PHASE 1
635	-1.000000e+00	1.919332e-01	1.000000e+00	6.666667e-01	STATE 5 PHASE 1
636	-1.000000e+00	-6.416397e-01	1.000000e+00	1.923077e-01	STATE 6 PHASE 1
637	-1.000000e+00	3.151388e-01	1.000000e+00	3.367003e-01	STATE 1 PHASE 1
638	-1.000000e+00	-9.960810e-01	1.000000e+00	4.975124e-01	STATE 2 PHASE 1
639	-1.000000e+00	4.066407e-01	1.000000e+00	3.496503e-01	STATE 3 PHASE 1
640	-1.000000e+00	5.443195e-01	1.000000e+00	3.333333e-01	STATE 4 PHASE 1
641	-1.000000e+00	2.515198e-01	1.000000e+00	6.666667e-01	STATE 5 PHASE 1
642	-1.000000e+00	-6.145324e-01	1.000000e+00	1.923077e-01	STATE 6 PHASE 1
643	-1.000000e+00	3.184398e-01	1.000000e+00	3.367003e-01	STATE 1 PHASE 1
644	-1.000000e+00	-9.947668e-01	1.000000e+00	4.975124e-01	STATE 2 PHASE 1
645	-1.000000e+00	3.997910e-01	1.000000e+00	3.496503e-01	STATE 3 PHASE 1
646	-1.000000e+00	4.981164e-01	1.000000e+00	3.333333e-01	STATE 4 PHASE 1
647	-1.000000e+00	3.102303e-01	1.000000e+00	6.666667e-01	STATE 5 PHASE 1
648	-1.000000e+00	-5.871878e-01	1.000000e+00	1.923077e-01	STATE 6 PHASE 1
649	-1.000000e+00	3.214505e-01	1.000000e+00	3.367003e-01	STATE 1 PHASE 1
650	-1.000000e+00	-9.931797e-01	1.000000e+00	4.975124e-01	STATE 2 PHASE 1
651	-1.000000e+00	3.932542e-01	1.000000e+00	3.496503e-01	STATE 3 PHASE 1
652	-1.000000e+00	4.526631e-01	1.000000e+00	3.333333e-01	STATE 4 PHASE 1
653	-1.000000e+00	3.681274e-01	1.000000e+00	6.666667e-01	STATE 5 PHASE 1
654	-1.000000e+00	-5.596428e-01	1.000000e+00	1.923077e-01	STATE 6 PHASE 1
655	-1.000000e+00	3.241756e-01	1.000000e+00	3.367003e-01	STATE 1 PHASE 1
656	-1.000000e+00	-9.913236e-01	1.000000e+00	4.975124e-01	STATE 2 PHASE 1
657	-1.000000e+00	3.870324e-01	1.000000e+00	3.496503e-01	STATE 3 PHASE 1
658	-1.000000e+00	4.079053e-01	1.000000e+00	3.333333e-01	STATE 4 PHASE 1
659	-1.000000e+00	4.252730e-01	1.000000e+00	6.666667e-01	STATE 5 PHASE 1
660	-1.000000e+00	-5.319319e-01	1.000000e+00	1.923077e-01	STATE 6 PHASE 1
661	-1.000000e+00	3.266193e-01	1.000000e+00	3.367003e-01	STATE 1 PHASE 1
662	-1.000000e+00	-9.892016e-01	1.000000e+00	4.975124e-01	STATE 2 PHASE 1
663	-1.000000e+00	3.811272e-01	1.000000e+00	3.496503e-01	STATE 3 PHASE 1
664	-1.000000e+00	3.637923e-01	1.000000e+00	3.333333e-01	STATE 4 PHASE 1
665	-1.000000e+00	4.817279e-01	1.000000e+00	6.666667e-01	STATE 5 PHASE 1
666	-1.000000e+00	-5.040878e-01	1.000000e+00	1.923077e-01	STATE 6 PHASE 1
667	-1.000000e+00	3.287854e-01	1.000000e+00	3.367003e-01	STATE 1 PHASE 1
668	-1.000000e+00	-9.868170e-01	1.000000e+00	4.975124e-01	STATE 2 PHASE 1
669	-1.000000e+00	3.755400e-01	1.000000e+00	3.496503e-01	STATE 3 PHASE 1
670	-1.000000e+00	3.202769e-01	1.000000e+00	3.333333e-01	STATE 4 PHASE 1
671	-1.000000e+00	5.375518e-01	1.000000e+00	6.666667e-01	STATE 5 PHASE 1
672	-1.000000e+00	-4.761413e-01	1.000000e+00	1.923077e-01	STATE 6 PHASE 1
673	-1.000000e+00	3.306778e-01	1.000000e+00	3.367003e-01	STATE 1 PHASE 1
674	-1.000000e+00	-9.841725e-01	1.000000e+00	4.975124e-01	STATE 2 PHASE 1
675	-1.000000e+00	3.702717e-01	1.000000e+00	3.496503e-01	STATE 3 PHASE 1
676	-1.000000e+00	2.773153e-01	1.000000e+00	3.333333e-01	STATE 4 PHASE 1
677	-1.000000e+00	5.928029e-01	1.000000e+00	6.666667e-01	STATE 5 PHASE 1
678	-1.000000e+00	-4.481213e-01	1.000000e+00	1.923077e-01	STATE 6 PHASE 1
679	-1.000000e+00	3.322997e-01	1.000000e+00	3.367003e-01	STATE 1 PHASE 1
680	-1.000000e+00	-9.812708e-01	1.000000e+00	4.975124e-01	STATE 2 PHASE 1
681	-1.000000e+00	3.653232e-01	1.000000e+00	3.496503e-01	STATE 3 PHASE 1
682	-1.000000e+00	2.348662e-01	1.000000e+00	3.333333e-01	STATE 4 PHASE 1
683	-1.000000e+00	6.475371e-01	1.000000e+00	6.666667e-01	STATE 5 PHASE 1
684	-1.000000e+00	-4.200549e-01	1.000000e+00	1.923077e-01	STATE 6 PHASE 1
685	-1.000000e+00	3.336562e-01	1.000000e+00	3.367003e-01	STATE 1 PHASE 1
686	-1.000000e+00	-9.782297e-01	1.000000e+00	4.975124e-01	STATE 2 PHASE 1
687	-1.000000e+00	3.607668e-01	1.000000e+00	3.496503e-01	STATE 3 PHASE 1
688	-1.000000e+00	1.935348e-01	1.000000e+00	3.333333e-01	STATE 4 PHASE 1
689	-1.000000e+00	6.523354e-01	1.000000e+00	6.666667e-01	STATE 5 PHASE 1
690	-1.000000e+00	-3.793369e-01	1.000000e+00	1.923077e-01	STATE 6 PHASE 1
691	-1.000000e+00	3.347563e-01	1.000000e+00	3.367003e-01	STATE 1 PHASE 1
692	-1.000000e+00	-9.753933e-01	1.000000e+00	4.975124e-01	STATE 2 PHASE 1
693	-1.000000e+00	3.568163e-01	1.000000e+00	3.496503e-01	STATE 3 PHASE 1
694	-1.000000e+00	1.538657e-01	1.000000e+00	3.333333e-01	STATE 4 PHASE 1
695	-1.000000e+00	5.600535e-01	1.000000e+00	6.666667e-01	STATE 5 PHASE 1
696	-1.000000e+00	-3.137394e-01	1.000000e+00	1.923077e-01	STATE 6 PHASE 1
697	-1.000000e+00	3.356081e-01	1.000000e+00	3.367003e-01	STATE 1 PHASE 1
698	-1.000000e+00	-9.730998e-01	1.000000e+00	4.975124e-01	STATE 2 PHASE 1
699	-1.000000e+00	3.536846e-01	1.000000e+00	3.496503e-01	STATE 3 PHASE 1
700	-1.000000e+00	1.151261e-01	1.000000e+00	3.333333e-01	STATE 4 PHASE 1
701	-1.000000e+00	4.202678e-01	1.000000e+00	6.666667e-01	STATE 5 PHASE 1
702	-1.000000e+00	-2.356992e-01	1.000000e+00	1.923077e-01	STATE 6 PHASE 1
703	-1.000000e+00	3.362153e-01	1.000000e+00	3.367003e-01	STATE 1 PHASE 1
704	-1.000000e+00	-9.714609e-01	1.000000e+00	4.975124e-01	STATE 2 PHASE 1
705	-1.000000e+00	3.514444e-01	1.000000e+00	3.496503e-01	STATE 3 PHASE 1
706	-1.000000e+00	7.662206e-02	1.000000e+00	3.333333e-01	STATE 4 PHASE 1
707	-1.000000e+00	2.802866e-01	1.000000e+00	6.666667e-01	STATE 5 PHASE 1
708	-1.000000e+00	-1.573200e-01	1.000000e+00	1.923077e-01	STATE 6 PHASE 1
709	-1.000000e+00	3.365791e-01	1.000000e+00	3.367003e-01	STATE 1 PHASE 1
710	-1.000000e+00	-9.704772e-01	1.000000e+00	4.975124e-01	STATE 2 PHASE 1
711	-1.000000e+00	3.500990e-01	1.000000e+00	3.496503e-01	STATE 3 PHASE 1
712	-1.000000e+00	3.827271e-02	1.000000e+00	3.333333e-01	STATE 4 PHASE 1
713	-1.000000e+00	1.401756e-01	1.000000e+00	6.666667e-01	STATE 5 PHASE 1
714	-1.000000e+00	-7.871604e-02	1.000000e+00	1.923077e-01	STATE 6 PHASE 1
715	-1.000000e+00	3.367003e-01	1.000000e+00	3.367003e-01	STATE 1 PHASE 1
716	-1.000000e+00	-9.701493e-01	1.000000e+00	4.975124e-01	STATE 2 PHASE 1
717	-1.000000e+00	3.496503e-01	1.000000e+00	3.496503e-01	STATE 3 PHASE 1
718	-1.000000e+00	-2.540344e-18	1.000000e+00	3.333333e-01	STATE 4 PHASE 1
719	-1.000000e+00	5.664112e-18	1.000000e+00	6.666667e-01	STATE 5 PHASE 1
720	-1.000000e+00	-1.757744e-18	1.000000e+00	1.923077e-01	STATE 6 PHASE 1
721	0.000000e+00	0.000000e+00	0.000000e+00	1.000000e+00	t0 PHASE 1
722	0.000000e+00	4.953211e-01	1.000000e+00	1.000000e+00	tf PHASE 1