
***** Phase 1 differential defect constraints *****
LOWER		G(X)		UPPER		SCALING
0.000000e+00	3.356879e-17	0.000000e+00	1.000000e-01 ***
0.000000e+00	4.957867e-16	0.000000e+00	1.000000e-01 ***
0.000000e+00	5.161496e-15	0.000000e+00	1.000000e-01 ***
0.000000e+00	2.147702e-16	0.000000e+00	1.000000e-01 ***
0.000000e+00	4.977952e-16	0.000000e+00	1.000000e-01 ***
0.000000e+00	5.161496e-15	0.000000e+00	1.000000e-01 ***
0.000000e+00	3.015855e-15	0.000000e+00	1.000000e-01 ***
0.000000e+00	3.120876e-16	0.000000e+00	1.000000e-01 ***
0.000000e+00	2.551084e-15	0.000000e+00	1.000000e-01 ***
0.000000e+00	4.530859e-14	0.000000e+00	1.000000e-01 ***
0.000000e+00	2.166691e-15	0.000000e+00	1.000000e-01 ***
0.000000e+00	3.994721e-15	0.000000e+00	1.000000e-01 ***
0.000000e+00	2.635034e-13	0.000000e+00	1.000000e-01 ***
0.000000e+00	1.626316e-14	0.000000e+00	1.000000e-01 ***
0.000000e+00	4.054049e-15	0.000000e+00	1.000000e-01 ***
0.000000e+00	1.378008e-12	0.000000e+00	1.000000e-01 ***
0.000000e+00	1.275328e-13	0.000000e+00	1.000000e-01 ***
0.000000e+00	5.985490e-15	0.000000e+00	1.000000e-01 ***
0.000000e+00	4.598900e-12	0.000000e+00	1.000000e-01 ***
0.000000e+00	5.327580e-13	0.000000e+00	1.000000e-01 ***
0.000000e+00	6.011858e-15	0.000000e+00	1.000000e-01 ***
0.000000e+00	1.092794e-11	0.000000e+00	1.000000e-01 ***
0.000000e+00	1.571788e-12	0.000000e+00	1.000000e-01 ***
0.000000e+00	5.616341e-15	0.000000e+00	1.000000e-01 ***
0.000000e+00	2.199007e-11	0.000000e+00	1.000000e-01 ***
0.000000e+00	3.926317e-12	0.000000e+00	1.000000e-01 ***
0.000000e+00	5.484502e-15	0.000000e+00	1.000000e-01 ***
0.000000e+00	3.862659e-11	0.000000e+00	1.000000e-01 ***
0.000000e+00	8.072049e-12	0.000000e+00	1.000000e-01 ***
0.000000e+00	5.774548e-15	0.000000e+00	1.000000e-01 ***
0.000000e+00	5.881321e-11	0.000000e+00	1.000000e-01 ***
0.000000e+00	1.414373e-11	0.000000e+00	1.000000e-01 ***
0.000000e+00	5.510870e-15	0.000000e+00	1.000000e-01 ***
0.000000e+00	8.767695e-11	0.000000e+00	1.000000e-01 ***
0.000000e+00	2.451032e-11	0.000000e+00	1.000000e-01 ***
0.000000e+00	5.589973e-15	0.000000e+00	1.000000e-01 ***
0.000000e+00	1.181983e-10	0.000000e+00	1.000000e-01 ***
0.000000e+00	3.744153e-11	0.000000e+00	1.000000e-01 ***
0.000000e+00	5.695444e-15	0.000000e+00	1.000000e-01 ***
0.000000e+00	1.588201e-10	0.000000e+00	1.000000e-01 ***
0.000000e+00	5.977554e-11	0.000000e+00	1.000000e-01 ***
0.000000e+00	5.352663e-15	0.000000e+00	1.000000e-01 ***
0.000000e+00	2.019502e-10	0.000000e+00	1.000000e-01 ***
0.000000e+00	8.254722e-11	0.000000e+00	1.000000e-01 ***
0.000000e+00	6.038225e-15	0.000000e+00	1.000000e-01 ***
0.000000e+00	2.225301e-10	0.000000e+00	1.000000e-01 ***
0.000000e+00	9.676082e-11	0.000000e+00	1.000000e-01 ***
0.000000e+00	5.774548e-15	0.000000e+00	1.000000e-01 ***
0.000000e+00	2.682886e-10	0.000000e+00	1.000000e-01 ***
0.000000e+00	1.321206e-10	0.000000e+00	1.000000e-01 ***
0.000000e+00	4.825307e-15	0.000000e+00	1.000000e-01 ***
0.000000e+00	2.845313e-10	0.000000e+00	1.000000e-01 ***
0.000000e+00	1.510129e-10	0.000000e+00	1.000000e-01 ***
0.000000e+00	5.880019e-15	0.000000e+00	1.000000e-01 ***
0.000000e+00	2.487459e-10	0.000000e+00	1.000000e-01 ***
0.000000e+00	1.421509e-10	0.000000e+00	1.000000e-01 ***
0.000000e+00	5.009881e-15	0.000000e+00	1.000000e-01 ***
0.000000e+00	2.772512e-10	0.000000e+00	1.000000e-01 ***
0.000000e+00	1.776743e-10	0.000000e+00	1.000000e-01 ***
0.000000e+00	5.537237e-15	0.000000e+00	1.000000e-01 ***
0.000000e+00	2.640995e-10	0.000000e+00	1.000000e-01 ***
0.000000e+00	1.820931e-10	0.000000e+00	1.000000e-01 ***
0.000000e+00	5.194456e-15	0.000000e+00	1.000000e-01 ***
0.000000e+00	2.465905e-10	0.000000e+00	1.000000e-01 ***
0.000000e+00	1.899817e-10	0.000000e+00	1.000000e-01 ***
0.000000e+00	5.115353e-15	0.000000e+00	1.000000e-01 ***
0.000000e+00	2.237089e-10	0.000000e+00	1.000000e-01 ***
0.000000e+00	1.794374e-10	0.000000e+00	1.000000e-01 ***
0.000000e+00	5.695444e-15	0.000000e+00	1.000000e-01 ***
0.000000e+00	1.369555e-10	0.000000e+00	1.000000e-01 ***
0.000000e+00	1.107212e-10	0.000000e+00	1.000000e-01 ***
0.000000e+00	5.168088e-15	0.000000e+00	1.000000e-01 ***
0.000000e+00	1.348412e-10	0.000000e+00	1.000000e-01 ***
0.000000e+00	1.270713e-10	0.000000e+00	1.000000e-01 ***
0.000000e+00	4.522077e-15	0.000000e+00	1.000000e-01 ***
0.000000e+00	1.004625e-10	0.000000e+00	1.000000e-01 ***
0.000000e+00	9.538001e-11	0.000000e+00	1.000000e-01 ***
0.000000e+00	5.168088e-15	0.000000e+00	1.000000e-01 ***
0.000000e+00	1.767557e-11	0.000000e+00	1.000000e-01 ***
0.000000e+00	2.770952e-12	0.000000e+00	1.000000e-01 ***
0.000000e+00	4.943962e-15	0.000000e+00	1.000000e-01 ***
0.000000e+00	1.126833e-11	0.000000e+00	1.000000e-01 ***
0.000000e+00	5.204027e-12	0.000000e+00	1.000000e-01 ***
0.000000e+00	3.941986e-15	0.000000e+00	1.000000e-01 ***
0.000000e+00	8.915479e-13	0.000000e+00	1.000000e-01 ***
0.000000e+00	-8.818070e-12	0.000000e+00	1.000000e-01 ***
0.000000e+00	5.154904e-15	0.000000e+00	1.000000e-01 ***
0.000000e+00	-2.672774e-11	0.000000e+00	1.000000e-01 ***
0.000000e+00	-6.039355e-11	0.000000e+00	1.000000e-01 ***
0.000000e+00	4.205664e-15	0.000000e+00	1.000000e-01 ***
0.000000e+00	-4.091956e-11	0.000000e+00	1.000000e-01 ***
0.000000e+00	-8.407393e-11	0.000000e+00	1.000000e-01 ***
0.000000e+00	2.346734e-15	0.000000e+00	1.000000e-01 ***
0.000000e+00	-4.927145e-11	0.000000e+00	1.000000e-01 ***
0.000000e+00	-9.053895e-11	0.000000e+00	1.000000e-01 ***
0.000000e+00	2.518125e-15	0.000000e+00	1.000000e-01 ***
0.000000e+00	-3.685784e-11	0.000000e+00	1.000000e-01 ***
0.000000e+00	-7.462917e-11	0.000000e+00	1.000000e-01 ***
0.000000e+00	2.036912e-15	0.000000e+00	1.000000e-01 ***
0.000000e+00	-3.443473e-11	0.000000e+00	1.000000e-01 ***
0.000000e+00	-7.554329e-11	0.000000e+00	1.000000e-01 ***
0.000000e+00	3.124584e-15	0.000000e+00	1.000000e-01 ***
0.000000e+00	-3.118750e-11	0.000000e+00	1.000000e-01 ***
0.000000e+00	-6.924293e-11	0.000000e+00	1.000000e-01 ***
0.000000e+00	3.539877e-15	0.000000e+00	1.000000e-01 ***
0.000000e+00	-1.656939e-11	0.000000e+00	1.000000e-01 ***
0.000000e+00	-3.997941e-11	0.000000e+00	1.000000e-01 ***
0.000000e+00	2.837834e-15	0.000000e+00	1.000000e-01 ***
0.000000e+00	-8.454333e-12	0.000000e+00	1.000000e-01 ***
0.000000e+00	-2.297291e-11	0.000000e+00	1.000000e-01 ***
0.000000e+00	2.185231e-15	0.000000e+00	1.000000e-01 ***
0.000000e+00	-4.381497e-12	0.000000e+00	1.000000e-01 ***
0.000000e+00	-2.508205e-11	0.000000e+00	1.000000e-01 ***
0.000000e+00	4.063937e-15	0.000000e+00	1.000000e-01 ***
0.000000e+00	-1.030464e-11	0.000000e+00	1.000000e-01 ***
0.000000e+00	-4.599661e-11	0.000000e+00	1.000000e-01 ***
0.000000e+00	1.947921e-15	0.000000e+00	1.000000e-01 ***
0.000000e+00	-1.300173e-11	0.000000e+00	1.000000e-01 ***
0.000000e+00	-4.453772e-11	0.000000e+00	1.000000e-01 ***
0.000000e+00	3.263015e-15	0.000000e+00	1.000000e-01 ***
0.000000e+00	-6.813650e-12	0.000000e+00	1.000000e-01 ***
0.000000e+00	-3.172419e-11	0.000000e+00	1.000000e-01 ***
0.000000e+00	-1.532628e-15	0.000000e+00	1.000000e-01 ***
0.000000e+00	-8.710687e-12	0.000000e+00	1.000000e-01 ***
0.000000e+00	-4.127941e-11	0.000000e+00	1.000000e-01 ***
0.000000e+00	2.729067e-15	0.000000e+00	1.000000e-01 ***
0.000000e+00	-1.105080e-11	0.000000e+00	1.000000e-01 ***
0.000000e+00	-4.757884e-11	0.000000e+00	1.000000e-01 ***
0.000000e+00	4.716540e-15	0.000000e+00	1.000000e-01 ***
0.000000e+00	-1.079937e-11	0.000000e+00	1.000000e-01 ***
0.000000e+00	-5.137659e-11	0.000000e+00	1.000000e-01 ***
0.000000e+00	-1.097560e-15	0.000000e+00	1.000000e-01 ***
0.000000e+00	-1.178567e-11	0.000000e+00	1.000000e-01 ***
0.000000e+00	-5.809352e-11	0.000000e+00	1.000000e-01 ***
0.000000e+00	2.511533e-15	0.000000e+00	1.000000e-01 ***
0.000000e+00	-1.159971e-11	0.000000e+00	1.000000e-01 ***
0.000000e+00	-6.729674e-11	0.000000e+00	1.000000e-01 ***
0.000000e+00	2.874090e-15	0.000000e+00	1.000000e-01 ***
0.000000e+00	-1.242211e-11	0.000000e+00	1.000000e-01 ***
0.000000e+00	-7.888394e-11	0.000000e+00	1.000000e-01 ***
0.000000e+00	-1.305206e-15	0.000000e+00	1.000000e-01 ***
0.000000e+00	-1.127825e-11	0.000000e+00	1.000000e-01 ***
0.000000e+00	-7.197879e-11	0.000000e+00	1.000000e-01 ***
0.000000e+00	3.974945e-15	0.000000e+00	1.000000e-01 ***
0.000000e+00	-5.855589e-12	0.000000e+00	1.000000e-01 ***
0.000000e+00	-4.905191e-11	0.000000e+00	1.000000e-01 ***
0.000000e+00	1.908369e-15	0.000000e+00	1.000000e-01 ***
0.000000e+00	-2.275686e-12	0.000000e+00	1.000000e-01 ***
0.000000e+00	-3.038112e-11	0.000000e+00	1.000000e-01 ***
0.000000e+00	1.245878e-15	0.000000e+00	1.000000e-01 ***
0.000000e+00	1.864862e-13	0.000000e+00	1.000000e-01 ***
0.000000e+00	-1.361658e-11	0.000000e+00	1.000000e-01 ***
0.000000e+00	1.829266e-15	0.000000e+00	1.000000e-01 ***
0.000000e+00	2.088231e-12	0.000000e+00	1.000000e-01 ***
0.000000e+00	5.077150e-12	0.000000e+00	1.000000e-01 ***
0.000000e+00	2.610412e-15	0.000000e+00	1.000000e-01 ***
0.000000e+00	2.773741e-12	0.000000e+00	1.000000e-01 ***
0.000000e+00	1.290379e-11	0.000000e+00	1.000000e-01 ***
0.000000e+00	-7.415943e-16	0.000000e+00	1.000000e-01 ***
0.000000e+00	2.675929e-12	0.000000e+00	1.000000e-01 ***
0.000000e+00	1.271758e-12	0.000000e+00	1.000000e-01 ***
0.000000e+00	2.847722e-15	0.000000e+00	1.000000e-01 ***
0.000000e+00	2.172364e-12	0.000000e+00	1.000000e-01 ***
0.000000e+00	-5.558025e-12	0.000000e+00	1.000000e-01 ***
0.000000e+00	1.852338e-15	0.000000e+00	1.000000e-01 ***
0.000000e+00	1.677625e-12	0.000000e+00	1.000000e-01 ***
0.000000e+00	-2.585676e-13	0.000000e+00	1.000000e-01 ***
0.000000e+00	1.582068e-16	0.000000e+00	1.000000e-01 ***
0.000000e+00	1.823544e-12	0.000000e+00	1.000000e-01 ***
0.000000e+00	6.356794e-12	0.000000e+00	1.000000e-01 ***
0.000000e+00	1.654579e-15	0.000000e+00	1.000000e-01 ***
0.000000e+00	1.829688e-12	0.000000e+00	1.000000e-01 ***
0.000000e+00	1.396170e-11	0.000000e+00	1.000000e-01 ***
0.000000e+00	1.911665e-16	0.000000e+00	1.000000e-01 ***
0.000000e+00	1.753663e-12	0.000000e+00	1.000000e-01 ***
0.000000e+00	1.687762e-11	0.000000e+00	1.000000e-01 ***
0.000000e+00	4.449566e-16	0.000000e+00	1.000000e-01 ***
0.000000e+00	1.535614e-12	0.000000e+00	1.000000e-01 ***
0.000000e+00	1.262341e-11	0.000000e+00	1.000000e-01 ***
0.000000e+00	4.152928e-16	0.000000e+00	1.000000e-01 ***
0.000000e+00	1.004158e-12	0.000000e+00	1.000000e-01 ***
0.000000e+00	1.708201e-11	0.000000e+00	1.000000e-01 ***
0.000000e+00	2.827946e-15	0.000000e+00	1.000000e-01 ***
0.000000e+00	5.659057e-13	0.000000e+00	1.000000e-01 ***
0.000000e+00	3.003712e-11	0.000000e+00	1.000000e-01 ***
0.000000e+00	2.669739e-16	0.000000e+00	1.000000e-01 ***
0.000000e+00	6.066439e-13	0.000000e+00	1.000000e-01 ***
0.000000e+00	2.685572e-11	0.000000e+00	1.000000e-01 ***
0.000000e+00	2.142383e-15	0.000000e+00	1.000000e-01 ***
0.000000e+00	6.646531e-13	0.000000e+00	1.000000e-01 ***
0.000000e+00	1.731490e-11	0.000000e+00	1.000000e-01 ***
0.000000e+00	2.241263e-15	0.000000e+00	1.000000e-01 ***
0.000000e+00	5.943565e-13	0.000000e+00	1.000000e-01 ***
0.000000e+00	1.618904e-11	0.000000e+00	1.000000e-01 ***
0.000000e+00	-1.318390e-15	0.000000e+00	1.000000e-01 ***
0.000000e+00	4.904674e-13	0.000000e+00	1.000000e-01 ***
0.000000e+00	1.539926e-11	0.000000e+00	1.000000e-01 ***
0.000000e+00	-2.702699e-16	0.000000e+00	1.000000e-01 ***
0.000000e+00	3.632691e-13	0.000000e+00	1.000000e-01 ***
0.000000e+00	1.495406e-11	0.000000e+00	1.000000e-01 ***
0.000000e+00	6.591949e-17	0.000000e+00	1.000000e-01 ***
0.000000e+00	3.148051e-13	0.000000e+00	1.000000e-01 ***
0.000000e+00	1.438077e-11	0.000000e+00	1.000000e-01 ***
0.000000e+00	6.730380e-15	0.000000e+00	1.000000e-01 ***
0.000000e+00	3.041262e-13	0.000000e+00	1.000000e-01 ***
0.000000e+00	1.352453e-11	0.000000e+00	1.000000e-01 ***
0.000000e+00	-5.352663e-15	0.000000e+00	1.000000e-01 ***
0.000000e+00	4.586678e-13	0.000000e+00	1.000000e-01 ***
0.000000e+00	1.114780e-11	0.000000e+00	1.000000e-01 ***
0.000000e+00	3.605796e-15	0.000000e+00	1.000000e-01 ***
0.000000e+00	4.695380e-13	0.000000e+00	1.000000e-01 ***
0.000000e+00	9.669727e-12	0.000000e+00	1.000000e-01 ***
0.000000e+00	3.411334e-16	0.000000e+00	1.000000e-01 ***
0.000000e+00	2.641855e-13	0.000000e+00	1.000000e-01 ***
0.000000e+00	9.787539e-12	0.000000e+00	1.000000e-01 ***
0.000000e+00	4.246863e-15	0.000000e+00	1.000000e-01 ***
0.000000e+00	2.002305e-13	0.000000e+00	1.000000e-01 ***
0.000000e+00	9.157879e-12	0.000000e+00	1.000000e-01 ***
0.000000e+00	-1.453525e-15	0.000000e+00	1.000000e-01 ***
0.000000e+00	1.320038e-13	0.000000e+00	1.000000e-01 ***
0.000000e+00	8.631099e-12	0.000000e+00	1.000000e-01 ***
0.000000e+00	-3.411334e-16	0.000000e+00	1.000000e-01 ***
0.000000e+00	3.980878e-14	0.000000e+00	1.000000e-01 ***
0.000000e+00	8.249287e-12	0.000000e+00	1.000000e-01 ***
0.000000e+00	-1.334870e-15	0.000000e+00	1.000000e-01 ***
0.000000e+00	-1.204349e-14	0.000000e+00	1.000000e-01 ***
0.000000e+00	7.818228e-12	0.000000e+00	1.000000e-01 ***
0.000000e+00	2.239615e-15	0.000000e+00	1.000000e-01 ***
0.000000e+00	-4.253785e-14	0.000000e+00	1.000000e-01 ***
0.000000e+00	7.276049e-12	0.000000e+00	1.000000e-01 ***
0.000000e+00	-2.165455e-15	0.000000e+00	1.000000e-01 ***
0.000000e+00	-1.859127e-13	0.000000e+00	1.000000e-01 ***
0.000000e+00	7.541164e-12	0.000000e+00	1.000000e-01 ***
0.000000e+00	3.811795e-15	0.000000e+00	1.000000e-01 ***
0.000000e+00	-1.444626e-13	0.000000e+00	1.000000e-01 ***
0.000000e+00	6.783307e-12	0.000000e+00	1.000000e-01 ***
0.000000e+00	-1.898481e-15	0.000000e+00	1.000000e-01 ***
0.000000e+00	-1.595911e-14	0.000000e+00	1.000000e-01 ***
0.000000e+00	5.361882e-12	0.000000e+00	1.000000e-01 ***
0.000000e+00	5.484090e-15	0.000000e+00	1.000000e-01 ***
0.000000e+00	7.854967e-14	0.000000e+00	1.000000e-01 ***
0.000000e+00	4.386742e-12	0.000000e+00	1.000000e-01 ***
0.000000e+00	-2.295234e-15	0.000000e+00	1.000000e-01 ***
0.000000e+00	-1.936055e-14	0.000000e+00	1.000000e-01 ***
0.000000e+00	4.240985e-12	0.000000e+00	1.000000e-01 ***
0.000000e+00	6.081073e-16	0.000000e+00	1.000000e-01 ***
0.000000e+00	-2.817069e-13	0.000000e+00	1.000000e-01 ***
0.000000e+00	4.908939e-12	0.000000e+00	1.000000e-01 ***
0.000000e+00	-1.814434e-15	0.000000e+00	1.000000e-01 ***
0.000000e+00	-3.368816e-13	0.000000e+00	1.000000e-01 ***
0.000000e+00	4.766869e-12	0.000000e+00	1.000000e-01 ***
0.000000e+00	9.739605e-16	0.000000e+00	1.000000e-01 ***
0.000000e+00	-2.188791e-13	0.000000e+00	1.000000e-01 ***
0.000000e+00	3.898171e-12	0.000000e+00	1.000000e-01 ***
0.000000e+00	2.526365e-15	0.000000e+00	1.000000e-01 ***
0.000000e+00	-1.963890e-13	0.000000e+00	1.000000e-01 ***
0.000000e+00	3.406499e-12	0.000000e+00	1.000000e-01 ***
0.000000e+00	-1.542516e-15	0.000000e+00	1.000000e-01 ***
0.000000e+00	-2.585791e-13	0.000000e+00	1.000000e-01 ***
0.000000e+00	3.266322e-12	0.000000e+00	1.000000e-01 ***
0.000000e+00	2.091296e-15	0.000000e+00	1.000000e-01 ***
0.000000e+00	-3.090075e-13	0.000000e+00	1.000000e-01 ***
0.000000e+00	2.957196e-12	0.000000e+00	1.000000e-01 ***
0.000000e+00	-6.488950e-16	0.000000e+00	1.000000e-01 ***
0.000000e+00	-1.955238e-13	0.000000e+00	1.000000e-01 ***
0.000000e+00	2.287893e-12	0.000000e+00	1.000000e-01 ***
0.000000e+00	1.987473e-15	0.000000e+00	1.000000e-01 ***
0.000000e+00	6.636774e-14	0.000000e+00	1.000000e-01 ***
0.000000e+00	1.167813e-12	0.000000e+00	1.000000e-01 ***
0.000000e+00	8.553054e-16	0.000000e+00	1.000000e-01 ***
0.000000e+00	2.260182e-13	0.000000e+00	1.000000e-01 ***
0.000000e+00	4.321517e-13	0.000000e+00	1.000000e-01 ***
0.000000e+00	-5.858595e-16	0.000000e+00	1.000000e-01 ***
0.000000e+00	4.240733e-13	0.000000e+00	1.000000e-01 ***
0.000000e+00	-3.386713e-13	0.000000e+00	1.000000e-01 ***
0.000000e+00	9.393528e-16	0.000000e+00	1.000000e-01 ***
0.000000e+00	6.497948e-13	0.000000e+00	1.000000e-01 ***
0.000000e+00	-1.153703e-12	0.000000e+00	1.000000e-01 ***
0.000000e+00	1.547460e-15	0.000000e+00	1.000000e-01 ***
0.000000e+00	9.152262e-13	0.000000e+00	1.000000e-01 ***
0.000000e+00	-2.008381e-12	0.000000e+00	1.000000e-01 ***
0.000000e+00	-1.448581e-15	0.000000e+00	1.000000e-01 ***
0.000000e+00	1.200374e-12	0.000000e+00	1.000000e-01 ***
0.000000e+00	-2.921921e-12	0.000000e+00	1.000000e-01 ***
0.000000e+00	3.361894e-16	0.000000e+00	1.000000e-01 ***
0.000000e+00	1.434283e-12	0.000000e+00	1.000000e-01 ***
0.000000e+00	-3.633975e-12	0.000000e+00	1.000000e-01 ***
0.000000e+00	-1.411501e-15	0.000000e+00	1.000000e-01 ***
0.000000e+00	1.734292e-12	0.000000e+00	1.000000e-01 ***
0.000000e+00	-4.502071e-12	0.000000e+00	1.000000e-01 ***
0.000000e+00	2.556646e-15	0.000000e+00	1.000000e-01 ***
0.000000e+00	2.117608e-12	0.000000e+00	1.000000e-01 ***
0.000000e+00	-5.548764e-12	0.000000e+00	1.000000e-01 ***
0.000000e+00	2.159893e-15	0.000000e+00	1.000000e-01 ***
0.000000e+00	2.431080e-12	0.000000e+00	1.000000e-01 ***
0.000000e+00	-6.389480e-12	0.000000e+00	1.000000e-01 ***
0.000000e+00	-5.117001e-16	0.000000e+00	1.000000e-01 ***
0.000000e+00	2.772243e-12	0.000000e+00	1.000000e-01 ***
0.000000e+00	-7.264124e-12	0.000000e+00	1.000000e-01 ***
0.000000e+00	-2.328606e-15	0.000000e+00	1.000000e-01 ***
0.000000e+00	3.134704e-12	0.000000e+00	1.000000e-01 ***
0.000000e+00	-8.140747e-12	0.000000e+00	1.000000e-01 ***
0.000000e+00	2.039384e-17	0.000000e+00	1.000000e-01 ***
0.000000e+00	3.522988e-12	0.000000e+00	1.000000e-01 ***
0.000000e+00	-9.070937e-12	0.000000e+00	1.000000e-01 ***
0.000000e+00	5.662072e-15	0.000000e+00	1.000000e-01 ***
0.000000e+00	3.934173e-12	0.000000e+00	1.000000e-01 ***
0.000000e+00	-1.003046e-11	0.000000e+00	1.000000e-01 ***
0.000000e+00	-1.981911e-15	0.000000e+00	1.000000e-01 ***
0.000000e+00	4.489968e-12	0.000000e+00	1.000000e-01 ***
0.000000e+00	-1.125297e-11	0.000000e+00	1.000000e-01 ***
0.000000e+00	1.633361e-15	0.000000e+00	1.000000e-01 ***
0.000000e+00	5.113337e-12	0.000000e+00	1.000000e-01 ***
0.000000e+00	-1.256602e-11	0.000000e+00	1.000000e-01 ***
0.000000e+00	-1.928145e-16	0.000000e+00	1.000000e-01 ***
0.000000e+00	5.754445e-12	0.000000e+00	1.000000e-01 ***
0.000000e+00	-1.384709e-11	0.000000e+00	1.000000e-01 ***
0.000000e+00	-2.984917e-16	0.000000e+00	1.000000e-01 ***
0.000000e+00	6.532773e-12	0.000000e+00	1.000000e-01 ***
0.000000e+00	-1.536764e-11	0.000000e+00	1.000000e-01 ***
0.000000e+00	9.887924e-16	0.000000e+00	1.000000e-01 ***
0.000000e+00	7.320564e-12	0.000000e+00	1.000000e-01 ***
0.000000e+00	-1.687163e-11	0.000000e+00	1.000000e-01 ***
0.000000e+00	9.245209e-16	0.000000e+00	1.000000e-01 ***
0.000000e+00	8.092158e-12	0.000000e+00	1.000000e-01 ***
0.000000e+00	-1.833857e-11	0.000000e+00	1.000000e-01 ***
0.000000e+00	-2.973793e-15	0.000000e+00	1.000000e-01 ***
0.000000e+00	8.877091e-12	0.000000e+00	1.000000e-01 ***
0.000000e+00	-1.979078e-11	0.000000e+00	1.000000e-01 ***
0.000000e+00	7.119305e-16	0.000000e+00	1.000000e-01 ***
0.000000e+00	9.667705e-12	0.000000e+00	1.000000e-01 ***
0.000000e+00	-2.125991e-11	0.000000e+00	1.000000e-01 ***
0.000000e+00	9.325548e-16	0.000000e+00	1.000000e-01 ***
0.000000e+00	1.046289e-11	0.000000e+00	1.000000e-01 ***
0.000000e+00	-2.268900e-11	0.000000e+00	1.000000e-01 ***
0.000000e+00	8.627214e-16	0.000000e+00	1.000000e-01 ***
0.000000e+00	1.146036e-11	0.000000e+00	1.000000e-01 ***
0.000000e+00	-2.431669e-11	0.000000e+00	1.000000e-01 ***
0.000000e+00	-9.059810e-16	0.000000e+00	1.000000e-01 ***
0.000000e+00	1.256607e-11	0.000000e+00	1.000000e-01 ***
0.000000e+00	-2.599687e-11	0.000000e+00	1.000000e-01 ***
0.000000e+00	1.359590e-15	0.000000e+00	1.000000e-01 ***
0.000000e+00	1.355439e-11	0.000000e+00	1.000000e-01 ***
0.000000e+00	-2.722756e-11	0.000000e+00	1.000000e-01 ***
0.000000e+00	1.368241e-15	0.000000e+00	1.000000e-01 ***
0.000000e+00	1.465119e-11	0.000000e+00	1.000000e-01 ***
0.000000e+00	-2.839507e-11	0.000000e+00	1.000000e-01 ***
0.000000e+00	1.699487e-16	0.000000e+00	1.000000e-01 ***
0.000000e+00	1.581269e-11	0.000000e+00	1.000000e-01 ***
0.000000e+00	-2.969772e-11	0.000000e+00	1.000000e-01 ***
0.000000e+00	1.140201e-15	0.000000e+00	1.000000e-01 ***
0.000000e+00	1.726487e-11	0.000000e+00	1.000000e-01 ***
0.000000e+00	-3.131004e-11	0.000000e+00	1.000000e-01 ***
0.000000e+00	-1.692895e-15	0.000000e+00	1.000000e-01 ***
0.000000e+00	1.901696e-11	0.000000e+00	1.000000e-01 ***
0.000000e+00	-3.363021e-11	0.000000e+00	1.000000e-01 ***
0.000000e+00	-1.188405e-15	0.000000e+00	1.000000e-01 ***
0.000000e+00	2.027185e-11	0.000000e+00	1.000000e-01 ***
0.000000e+00	-3.527806e-11	0.000000e+00	1.000000e-01 ***
0.000000e+00	5.156655e-16	0.000000e+00	1.000000e-01 ***
0.000000e+00	2.130465e-11	0.000000e+00	1.000000e-01 ***
0.000000e+00	-3.606546e-11	0.000000e+00	1.000000e-01 ***
0.000000e+00	1.823704e-15	0.000000e+00	1.000000e-01 ***
0.000000e+00	2.259486e-11	0.000000e+00	1.000000e-01 ***
0.000000e+00	-3.732649e-11	0.000000e+00	1.000000e-01 ***
0.000000e+00	4.431026e-16	0.000000e+00	1.000000e-01 ***
0.000000e+00	2.369263e-11	0.000000e+00	1.000000e-01 ***
0.000000e+00	-3.819599e-11	0.000000e+00	1.000000e-01 ***
0.000000e+00	1.312004e-15	0.000000e+00	1.000000e-01 ***
0.000000e+00	2.472440e-11	0.000000e+00	1.000000e-01 ***
0.000000e+00	-3.852688e-11	0.000000e+00	1.000000e-01 ***
0.000000e+00	3.275375e-17	0.000000e+00	1.000000e-01 ***
0.000000e+00	2.606374e-11	0.000000e+00	1.000000e-01 ***
0.000000e+00	-3.957985e-11	0.000000e+00	1.000000e-01 ***
0.000000e+00	-2.193883e-15	0.000000e+00	1.000000e-01 ***
0.000000e+00	2.770043e-11	0.000000e+00	1.000000e-01 ***
0.000000e+00	-4.114882e-11	0.000000e+00	1.000000e-01 ***
0.000000e+00	1.244642e-15	0.000000e+00	1.000000e-01 ***
0.000000e+00	2.943233e-11	0.000000e+00	1.000000e-01 ***
0.000000e+00	-4.321805e-11	0.000000e+00	1.000000e-01 ***
0.000000e+00	7.545722e-16	0.000000e+00	1.000000e-01 ***
0.000000e+00	3.048801e-11	0.000000e+00	1.000000e-01 ***
0.000000e+00	-4.449096e-11	0.000000e+00	1.000000e-01 ***
0.000000e+00	2.271133e-16	0.000000e+00	1.000000e-01 ***
0.000000e+00	3.116485e-11	0.000000e+00	1.000000e-01 ***
0.000000e+00	-4.436643e-11	0.000000e+00	1.000000e-01 ***
0.000000e+00	1.110537e-15	0.000000e+00	1.000000e-01 ***
0.000000e+00	3.245337e-11	0.000000e+00	1.000000e-01 ***
0.000000e+00	-4.544862e-11	0.000000e+00	1.000000e-01 ***
0.000000e+00	-2.098712e-15	0.000000e+00	1.000000e-01 ***
0.000000e+00	3.364663e-11	0.000000e+00	1.000000e-01 ***
0.000000e+00	-4.674751e-11	0.000000e+00	1.000000e-01 ***
0.000000e+00	-4.981042e-16	0.000000e+00	1.000000e-01 ***
0.000000e+00	3.417670e-11	0.000000e+00	1.000000e-01 ***
0.000000e+00	-4.660046e-11	0.000000e+00	1.000000e-01 ***
0.000000e+00	1.247114e-15	0.000000e+00	1.000000e-01 ***
0.000000e+00	3.467956e-11	0.000000e+00	1.000000e-01 ***
0.000000e+00	-4.634315e-11	0.000000e+00	1.000000e-01 ***
0.000000e+00	1.799602e-15	0.000000e+00	1.000000e-01 ***
0.000000e+00	3.536013e-11	0.000000e+00	1.000000e-01 ***
0.000000e+00	-4.580167e-11	0.000000e+00	1.000000e-01 ***
0.000000e+00	-4.105136e-15	0.000000e+00	1.000000e-01 ***
0.000000e+00	3.701389e-11	0.000000e+00	1.000000e-01 ***
0.000000e+00	-4.690558e-11	0.000000e+00	1.000000e-01 ***
0.000000e+00	4.129856e-15	0.000000e+00	1.000000e-01 ***
0.000000e+00	3.874558e-11	0.000000e+00	1.000000e-01 ***
0.000000e+00	-4.902185e-11	0.000000e+00	1.000000e-01 ***
0.000000e+00	6.476590e-16	0.000000e+00	1.000000e-01 ***
0.000000e+00	3.966104e-11	0.000000e+00	1.000000e-01 ***
0.000000e+00	-4.949963e-11	0.000000e+00	1.000000e-01 ***
0.000000e+00	1.394197e-15	0.000000e+00	1.000000e-01 ***
0.000000e+00	4.093612e-11	0.000000e+00	1.000000e-01 ***
0.000000e+00	-5.073046e-11	0.000000e+00	1.000000e-01 ***
0.000000e+00	-1.567236e-15	0.000000e+00	1.000000e-01 ***
0.000000e+00	4.192201e-11	0.000000e+00	1.000000e-01 ***
0.000000e+00	-5.182143e-11	0.000000e+00	1.000000e-01 ***
0.000000e+00	2.645020e-16	0.000000e+00	1.000000e-01 ***
0.000000e+00	4.233291e-11	0.000000e+00	1.000000e-01 ***
0.000000e+00	-5.136064e-11	0.000000e+00	1.000000e-01 ***
0.000000e+00	3.445941e-15	0.000000e+00	1.000000e-01 ***
0.000000e+00	4.367725e-11	0.000000e+00	1.000000e-01 ***
0.000000e+00	-5.238916e-11	0.000000e+00	1.000000e-01 ***
0.000000e+00	-5.000817e-15	0.000000e+00	1.000000e-01 ***
0.000000e+00	4.549626e-11	0.000000e+00	1.000000e-01 ***
0.000000e+00	-5.365277e-11	0.000000e+00	1.000000e-01 ***
0.000000e+00	1.154415e-15	0.000000e+00	1.000000e-01 ***
0.000000e+00	4.901377e-11	0.000000e+00	1.000000e-01 ***
0.000000e+00	-5.626057e-11	0.000000e+00	1.000000e-01 ***
0.000000e+00	8.429455e-16	0.000000e+00	1.000000e-01 ***
0.000000e+00	5.471315e-11	0.000000e+00	1.000000e-01 ***
0.000000e+00	-6.132904e-11	0.000000e+00	1.000000e-01 ***
0.000000e+00	-5.092281e-16	0.000000e+00	1.000000e-01 ***
0.000000e+00	5.941201e-11	0.000000e+00	1.000000e-01 ***
0.000000e+00	-6.484566e-11	0.000000e+00	1.000000e-01 ***
0.000000e+00	-4.449566e-17	0.000000e+00	1.000000e-01 ***
0.000000e+00	5.963715e-11	0.000000e+00	1.000000e-01 ***
0.000000e+00	-6.421151e-11	0.000000e+00	1.000000e-01 ***
0.000000e+00	3.782131e-16	0.000000e+00	1.000000e-01 ***
0.000000e+00	0.000000e+00	0.000000e+00	1.000000e-01
0.000000e+00	0.000000e+00	0.000000e+00	1.000000e-01
0.000000e+00	0.000000e+00	0.000000e+00	1.000000e-01
***** Phase 1 path constraints *****
LOWER		G(X)		UPPER		SCALING
5.000000e-02	5.000000e-02	5.000000e-02	5.000000e-02 ***
5.000076e-02	5.000076e-02	5.000076e-02	5.000076e-02 ***
5.000000e-02	5.000000e-02	5.000000e-02	5.000000e-02 ***
5.000000e-02	5.000000e-02	5.000000e-02	5.000000e-02 ***
5.000000e-02	5.000000e-02	5.000000e-02	5.000000e-02 ***
5.000000e-02	5.000000e-02	5.000000e-02	5.000000e-02 ***
4.999999e-02	4.999999e-02	4.999999e-02	4.999999e-02 ***
4.999999e-02	4.999999e-02	4.999999e-02	4.999999e-02 ***
4.999999e-02	5.000000e-02	4.999999e-02	4.999999e-02 ***
4.999997e-02	4.999997e-02	4.999997e-02	4.999997e-02 ***
4.999995e-02	4.999996e-02	4.999995e-02	4.999995e-02 ***
4.999998e-02	4.999998e-02	4.999998e-02	4.999998e-02 ***
4.999993e-02	4.999993e-02	4.999993e-02	4.999993e-02 ***
4.999995e-02	4.999995e-02	4.999995e-02	4.999995e-02 ***
4.999990e-02	4.999990e-02	4.999990e-02	4.999990e-02 ***
4.999989e-02	4.999989e-02	4.999989e-02	4.999989e-02 ***
4.999995e-02	4.999995e-02	4.999995e-02	4.999995e-02 ***
4.999986e-02	4.999986e-02	4.999986e-02	4.999986e-02 ***
4.999986e-02	4.999986e-02	4.999986e-02	4.999986e-02 ***
4.999993e-02	4.999993e-02	4.999993e-02	4.999993e-02 ***
4.999985e-02	4.999985e-02	4.999985e-02	4.999985e-02 ***
4.999990e-02	4.999990e-02	4.999990e-02	4.999990e-02 ***
4.999983e-02	4.999983e-02	4.999983e-02	4.999983e-02 ***
4.999985e-02	4.999985e-02	4.999985e-02	4.999985e-02 ***
4.999990e-02	4.999990e-02	4.999990e-02	4.999990e-02 ***
4.999986e-02	4.999986e-02	4.999986e-02	4.999986e-02 ***
4.999988e-02	4.999988e-02	4.999988e-02	4.999988e-02 ***
4.999990e-02	4.999990e-02	4.999990e-02	4.999990e-02 ***
4.999989e-02	4.999989e-02	4.999989e-02	4.999989e-02 ***
4.999990e-02	4.999990e-02	4.999990e-02	4.999990e-02 ***
4.999990e-02	4.999990e-02	4.999990e-02	4.999990e-02 ***
5.000869e-02	5.000869e-02	5.000869e-02	5.000869e-02 ***
4.999993e-02	4.999993e-02	4.999993e-02	4.999993e-02 ***
4.999992e-02	4.999992e-02	4.999992e-02	4.999992e-02 ***
4.999993e-02	4.999993e-02	4.999993e-02	4.999993e-02 ***
4.999993e-02	4.999993e-02	4.999993e-02	4.999993e-02 ***
4.999993e-02	4.999993e-02	4.999993e-02	4.999993e-02 ***
4.999994e-02	4.999994e-02	4.999994e-02	4.999994e-02 ***
4.999993e-02	4.999993e-02	4.999993e-02	4.999993e-02 ***
4.999994e-02	4.999994e-02	4.999994e-02	4.999994e-02 ***
4.999995e-02	4.999995e-02	4.999995e-02	4.999995e-02 ***
5.000278e-02	5.000278e-02	5.000278e-02	5.000278e-02 ***
4.999994e-02	4.999994e-02	4.999994e-02	4.999994e-02 ***
4.999995e-02	4.999995e-02	4.999995e-02	4.999995e-02 ***
4.999995e-02	4.999995e-02	4.999995e-02	4.999995e-02 ***
4.999995e-02	4.999995e-02	4.999995e-02	4.999995e-02 ***
4.999996e-02	4.999996e-02	4.999996e-02	4.999996e-02 ***
4.999995e-02	4.999995e-02	4.999995e-02	4.999995e-02 ***
4.999997e-02	4.999997e-02	4.999997e-02	4.999997e-02 ***
4.999997e-02	4.999997e-02	4.999997e-02	4.999997e-02 ***
4.999997e-02	4.999997e-02	4.999997e-02	4.999997e-02 ***
4.999998e-02	4.999998e-02	4.999998e-02	4.999998e-02 ***
4.999998e-02	4.999998e-02	4.999998e-02	4.999998e-02 ***
5.000242e-02	5.000242e-02	5.000242e-02	5.000242e-02 ***
4.999998e-02	4.999998e-02	4.999998e-02	4.999998e-02 ***
4.999998e-02	4.999998e-02	4.999998e-02	4.999998e-02 ***
4.999998e-02	4.999998e-02	4.999998e-02	4.999998e-02 ***
4.999999e-02	4.999999e-02	4.999999e-02	4.999999e-02 ***
4.999999e-02	4.999999e-02	4.999999e-02	4.999999e-02 ***
5.000213e-02	5.000213e-02	5.000213e-02	5.000213e-02 ***
4.999999e-02	4.999999e-02	4.999999e-02	4.999999e-02 ***
4.999999e-02	4.999999e-02	4.999999e-02	4.999999e-02 ***
4.999999e-02	4.999999e-02	4.999999e-02	4.999999e-02 ***
5.000167e-02	5.000167e-02	5.000167e-02	5.000167e-02 ***
4.999999e-02	4.999999e-02	4.999999e-02	4.999999e-02 ***
5.000248e-02	5.000248e-02	5.000248e-02	5.000248e-02 ***
5.000000e-02	5.000000e-02	5.000000e-02	5.000000e-02 ***
5.000245e-02	5.000245e-02	5.000245e-02	5.000245e-02 ***
5.000327e-02	5.000327e-02	5.000327e-02	5.000327e-02 ***
5.000245e-02	5.000245e-02	5.000245e-02	5.000245e-02 ***
4.999999e-02	4.999999e-02	4.999999e-02	4.999999e-02 ***
5.000428e-02	5.000428e-02	5.000428e-02	5.000428e-02 ***
5.000428e-02	5.000428e-02	5.000428e-02	5.000428e-02 ***
5.000000e-02	5.000000e-02	5.000000e-02	5.000000e-02 ***
5.000305e-02	5.000305e-02	5.000305e-02	5.000305e-02 ***
5.000305e-02	5.000305e-02	5.000305e-02	5.000305e-02 ***
4.999999e-02	4.999999e-02	4.999999e-02	4.999999e-02 ***
5.000287e-02	5.000287e-02	5.000287e-02	5.000287e-02 ***
4.999999e-02	4.999999e-02	4.999999e-02	4.999999e-02 ***
5.000344e-02	5.000344e-02	5.000344e-02	5.000344e-02 ***
5.000344e-02	5.000344e-02	5.000344e-02	5.000344e-02 ***
4.999999e-02	4.999999e-02	4.999999e-02	4.999999e-02 ***
5.000336e-02	5.000336e-02	5.000336e-02	5.000336e-02 ***
5.000448e-02	5.000448e-02	5.000448e-02	5.000448e-02 ***
5.000335e-02	5.000335e-02	5.000335e-02	5.000335e-02 ***
4.999999e-02	4.999999e-02	4.999999e-02	4.999999e-02 ***
5.000611e-02	5.000611e-02	5.000611e-02	5.000611e-02 ***
5.000611e-02	5.000611e-02	5.000611e-02	5.000611e-02 ***
4.999999e-02	4.999999e-02	4.999999e-02	4.999999e-02 ***
5.000485e-02	5.000485e-02	5.000485e-02	5.000485e-02 ***
5.000647e-02	5.000647e-02	5.000647e-02	5.000647e-02 ***
5.000485e-02	5.000485e-02	5.000485e-02	5.000485e-02 ***
4.999999e-02	4.999999e-02	4.999999e-02	4.999999e-02 ***
5.000270e-02	5.000270e-02	5.000270e-02	5.000270e-02 ***
5.000361e-02	5.000361e-02	5.000361e-02	5.000361e-02 ***
5.000270e-02	5.000270e-02	5.000270e-02	5.000270e-02 ***
4.999999e-02	4.999999e-02	4.999999e-02	4.999999e-02 ***
5.000278e-02	5.000278e-02	5.000278e-02	5.000278e-02 ***
5.000278e-02	5.000278e-02	5.000278e-02	5.000278e-02 ***
4.999999e-02	4.999999e-02	4.999999e-02	4.999999e-02 ***
5.000088e-02	5.000088e-02	5.000088e-02	5.000088e-02 ***
5.000088e-02	5.000088e-02	5.000088e-02	5.000088e-02 ***
4.999998e-02	4.999998e-02	4.999998e-02	4.999998e-02 ***
5.000092e-02	5.000092e-02	5.000092e-02	5.000092e-02 ***
4.999998e-02	4.999998e-02	4.999998e-02	4.999998e-02 ***
4.999998e-02	4.999998e-02	4.999998e-02	4.999998e-02 ***
4.999998e-02	4.999998e-02	4.999998e-02	4.999998e-02 ***
4.999998e-02	4.999998e-02	4.999998e-02	4.999998e-02 ***
4.999998e-02	4.999998e-02	4.999998e-02	4.999998e-02 ***
5.000062e-02	5.000062e-02	5.000062e-02	5.000062e-02 ***
5.000061e-02	5.000061e-02	5.000061e-02	5.000061e-02 ***
4.999998e-02	4.999998e-02	4.999998e-02	4.999998e-02 ***
5.000120e-02	5.000120e-02	5.000120e-02	5.000120e-02 ***
4.999999e-02	4.999999e-02	4.999999e-02	4.999999e-02 ***
4.999998e-02	4.999998e-02	4.999998e-02	4.999998e-02 ***
4.999997e-02	4.999997e-02	4.999997e-02	4.999997e-02 ***
4.999998e-02	4.999998e-02	4.999998e-02	4.999998e-02 ***
4.999997e-02	4.999997e-02	4.999997e-02	4.999997e-02 ***
4.999996e-02	4.999996e-02	4.999996e-02	4.999996e-02 ***
4.999996e-02	4.999996e-02	4.999996e-02	4.999996e-02 ***
4.999995e-02	4.999995e-02	4.999995e-02	4.999995e-02 ***
4.999996e-02	4.999996e-02	4.999996e-02	4.999996e-02 ***
4.999996e-02	4.999996e-02	4.999996e-02	4.999996e-02 ***
4.999995e-02	4.999995e-02	4.999995e-02	4.999995e-02 ***
4.999996e-02	4.999996e-02	4.999996e-02	4.999996e-02 ***
5.000057e-02	5.000057e-02	5.000057e-02	5.000057e-02 ***
4.999995e-02	4.999995e-02	4.999995e-02	4.999995e-02 ***
4.999994e-02	4.999994e-02	4.999994e-02	4.999994e-02 ***
4.999995e-02	4.999995e-02	4.999995e-02	4.999995e-02 ***
4.999994e-02	4.999994e-02	4.999994e-02	4.999994e-02 ***
5.000050e-02	5.000050e-02	5.000050e-02	5.000050e-02 ***
4.999995e-02	4.999995e-02	4.999995e-02	4.999995e-02 ***
4.999995e-02	4.999995e-02	4.999995e-02	4.999995e-02 ***
4.999993e-02	4.999993e-02	4.999993e-02	4.999993e-02 ***
4.999994e-02	4.999994e-02	4.999994e-02	4.999994e-02 ***
5.000086e-02	5.000086e-02	5.000086e-02	5.000086e-02 ***
4.999993e-02	4.999993e-02	4.999993e-02	4.999993e-02 ***
5.000040e-02	5.000040e-02	5.000040e-02	5.000040e-02 ***
5.000040e-02	5.000040e-02	5.000040e-02	5.000040e-02 ***
4.999992e-02	4.999992e-02	4.999992e-02	4.999992e-02 ***
5.000100e-02	5.000100e-02	5.000100e-02	5.000100e-02 ***
4.999992e-02	4.999992e-02	4.999992e-02	4.999992e-02 ***
4.999990e-02	4.999990e-02	4.999990e-02	4.999990e-02 ***
4.999991e-02	4.999991e-02	4.999991e-02	4.999991e-02 ***
4.999990e-02	4.999990e-02	4.999990e-02	4.999990e-02 ***
4.999988e-02	4.999988e-02	4.999988e-02	4.999988e-02 ***
4.999989e-02	4.999989e-02	4.999989e-02	4.999989e-02 ***
***** Phase 1 event constraints *****
LOWER		G(X)		UPPER		SCALING
0.000000e+00	7.007574e-16	0.000000e+00	1.000000e-01 ***
0.000000e+00	2.173905e-14	0.000000e+00	1.000000e-01 ***
0.000000e+00	2.255479e-13	0.000000e+00	1.000000e-01 ***
1.000000e-02	1.000000e-02	1.000000e-02	1.000000e-01 ***
***** Phase 1 tf >= t0 constraint *****
LOWER		G(X)		UPPER		SCALING
-7.071068e-01	-7.071068e-01	0.000000e+00	7.071068e-01
***** Phase linkage constraints *****
LOWER		G(X)		UPPER		SCALING
***** Scaled Decision Variables ******************************
J	LOWER		X(J)		UPPER		SCALING		DESCRIPTION
1	-1.000000e+00	1.430294e-12	1.000000e+00	1.000000e-01	CONTROL 1 PHASE 1
2	-1.000000e+00	-1.000000e-01	1.000000e+00	1.000000e-01	CONTROL 2 PHASE 1
3	-1.000000e+00	5.485648e-04	1.000000e+00	1.000000e-01	CONTROL 1 PHASE 1
4	-1.000000e+00	-9.999850e-02	1.000000e+00	1.000000e-01	CONTROL 2 PHASE 1
5	-1.000000e+00	1.097124e-03	1.000000e+00	1.000000e-01	CONTROL 1 PHASE 1
6	-1.000000e+00	-9.999398e-02	1.000000e+00	1.000000e-01	CONTROL 2 PHASE 1
7	-1.000000e+00	2.197764e-03	1.000000e+00	1.000000e-01	CONTROL 1 PHASE 1
8	-1.000000e+00	-9.997585e-02	1.000000e+00	1.000000e-01	CONTROL 2 PHASE 1
9	-1.000000e+00	4.437077e-03	1.000000e+00	1.000000e-01	CONTROL 1 PHASE 1
10	-1.000000e+00	-9.990151e-02	1.000000e+00	1.000000e-01	CONTROL 2 PHASE 1
11	-1.000000e+00	6.674836e-03	1.000000e+00	1.000000e-01	CONTROL 1 PHASE 1
12	-1.000000e+00	-9.977698e-02	1.000000e+00	1.000000e-01	CONTROL 2 PHASE 1
13	-1.000000e+00	1.012821e-02	1.000000e+00	1.000000e-01	CONTROL 1 PHASE 1
14	-1.000000e+00	-9.948578e-02	1.000000e+00	1.000000e-01	CONTROL 2 PHASE 1
15	-1.000000e+00	1.361044e-02	1.000000e+00	1.000000e-01	CONTROL 1 PHASE 1
16	-1.000000e+00	-9.906945e-02	1.000000e+00	1.000000e-01	CONTROL 2 PHASE 1
17	-1.000000e+00	1.713558e-02	1.000000e+00	1.000000e-01	CONTROL 1 PHASE 1
18	-1.000000e+00	-9.852092e-02	1.000000e+00	1.000000e-01	CONTROL 2 PHASE 1
19	-1.000000e+00	2.069641e-02	1.000000e+00	1.000000e-01	CONTROL 1 PHASE 1
20	-1.000000e+00	-9.783485e-02	1.000000e+00	1.000000e-01	CONTROL 2 PHASE 1
21	-1.000000e+00	2.428500e-02	1.000000e+00	1.000000e-01	CONTROL 1 PHASE 1
22	-1.000000e+00	-9.700639e-02	1.000000e+00	1.000000e-01	CONTROL 2 PHASE 1
23	-1.000000e+00	2.789271e-02	1.000000e+00	1.000000e-01	CONTROL 1 PHASE 1
24	-1.000000e+00	-9.603123e-02	1.000000e+00	1.000000e-01	CONTROL 2 PHASE 1
25	-1.000000e+00	3.151027e-02	1.000000e+00	1.000000e-01	CONTROL 1 PHASE 1
26	-1.000000e+00	-9.490576e-02	1.000000e+00	1.000000e-01	CONTROL 2 PHASE 1
27	-1.000000e+00	3.512781e-02	1.000000e+00	1.000000e-01	CONTROL 1 PHASE 1
28	-1.000000e+00	-9.362712e-02	1.000000e+00	1.000000e-01	CONTROL 2 PHASE 1
29	-1.000000e+00	3.873495e-02	1.000000e+00	1.000000e-01	CONTROL 1 PHASE 1
30	-1.000000e+00	-9.219330e-02	1.000000e+00	1.000000e-01	CONTROL 2 PHASE 1
31	-1.000000e+00	4.232087e-02	1.000000e+00	1.000000e-01	CONTROL 1 PHASE 1
32	-1.000000e+00	-9.060323e-02	1.000000e+00	1.000000e-01	CONTROL 2 PHASE 1
33	-1.000000e+00	4.587443e-02	1.000000e+00	1.000000e-01	CONTROL 1 PHASE 1
34	-1.000000e+00	-8.885683e-02	1.000000e+00	1.000000e-01	CONTROL 2 PHASE 1
35	-1.000000e+00	4.938429e-02	1.000000e+00	1.000000e-01	CONTROL 1 PHASE 1
36	-1.000000e+00	-8.695512e-02	1.000000e+00	1.000000e-01	CONTROL 2 PHASE 1
37	-1.000000e+00	5.283904e-02	1.000000e+00	1.000000e-01	CONTROL 1 PHASE 1
38	-1.000000e+00	-8.490016e-02	1.000000e+00	1.000000e-01	CONTROL 2 PHASE 1
39	-1.000000e+00	5.622730e-02	1.000000e+00	1.000000e-01	CONTROL 1 PHASE 1
40	-1.000000e+00	-8.269517e-02	1.000000e+00	1.000000e-01	CONTROL 2 PHASE 1
41	-1.000000e+00	5.953794e-02	1.000000e+00	1.000000e-01	CONTROL 1 PHASE 1
42	-1.000000e+00	-8.034447e-02	1.000000e+00	1.000000e-01	CONTROL 2 PHASE 1
43	-1.000000e+00	6.276013e-02	1.000000e+00	1.000000e-01	CONTROL 1 PHASE 1
44	-1.000000e+00	-7.785349e-02	1.000000e+00	1.000000e-01	CONTROL 2 PHASE 1
45	-1.000000e+00	6.588355e-02	1.000000e+00	1.000000e-01	CONTROL 1 PHASE 1
46	-1.000000e+00	-7.522871e-02	1.000000e+00	1.000000e-01	CONTROL 2 PHASE 1
47	-1.000000e+00	6.889849e-02	1.000000e+00	1.000000e-01	CONTROL 1 PHASE 1
48	-1.000000e+00	-7.247757e-02	1.000000e+00	1.000000e-01	CONTROL 2 PHASE 1
49	-1.000000e+00	7.179601e-02	1.000000e+00	1.000000e-01	CONTROL 1 PHASE 1
50	-1.000000e+00	-6.960842e-02	1.000000e+00	1.000000e-01	CONTROL 2 PHASE 1
51	-1.000000e+00	7.456800e-02	1.000000e+00	1.000000e-01	CONTROL 1 PHASE 1
52	-1.000000e+00	-6.663043e-02	1.000000e+00	1.000000e-01	CONTROL 2 PHASE 1
53	-1.000000e+00	7.720729e-02	1.000000e+00	1.000000e-01	CONTROL 1 PHASE 1
54	-1.000000e+00	-6.355340e-02	1.000000e+00	1.000000e-01	CONTROL 2 PHASE 1
55	-1.000000e+00	7.970775e-02	1.000000e+00	1.000000e-01	CONTROL 1 PHASE 1
56	-1.000000e+00	-6.038770e-02	1.000000e+00	1.000000e-01	CONTROL 2 PHASE 1
57	-1.000000e+00	8.206431e-02	1.000000e+00	1.000000e-01	CONTROL 1 PHASE 1
58	-1.000000e+00	-5.714411e-02	1.000000e+00	1.000000e-01	CONTROL 2 PHASE 1
59	-1.000000e+00	8.427299e-02	1.000000e+00	1.000000e-01	CONTROL 1 PHASE 1
60	-1.000000e+00	-5.383366e-02	1.000000e+00	1.000000e-01	CONTROL 2 PHASE 1
61	-1.000000e+00	8.622457e-02	1.000000e+00	1.000000e-01	CONTROL 1 PHASE 1
62	-1.000000e+00	-5.064902e-02	1.000000e+00	1.000000e-01	CONTROL 2 PHASE 1
63	-1.000000e+00	8.730280e-02	1.000000e+00	1.000000e-01	CONTROL 1 PHASE 1
64	-1.000000e+00	-4.876702e-02	1.000000e+00	1.000000e-01	CONTROL 2 PHASE 1
65	-1.000000e+00	8.827438e-02	1.000000e+00	1.000000e-01	CONTROL 1 PHASE 1
66	-1.000000e+00	-4.698547e-02	1.000000e+00	1.000000e-01	CONTROL 2 PHASE 1
67	-1.000000e+00	8.942157e-02	1.000000e+00	1.000000e-01	CONTROL 1 PHASE 1
68	-1.000000e+00	-4.476363e-02	1.000000e+00	1.000000e-01	CONTROL 2 PHASE 1
69	-1.000000e+00	9.053867e-02	1.000000e+00	1.000000e-01	CONTROL 1 PHASE 1
70	-1.000000e+00	-4.245880e-02	1.000000e+00	1.000000e-01	CONTROL 2 PHASE 1
71	-1.000000e+00	9.158792e-02	1.000000e+00	1.000000e-01	CONTROL 1 PHASE 1
72	-1.000000e+00	-4.014541e-02	1.000000e+00	1.000000e-01	CONTROL 2 PHASE 1
73	-1.000000e+00	9.256973e-02	1.000000e+00	1.000000e-01	CONTROL 1 PHASE 1
74	-1.000000e+00	-3.782651e-02	1.000000e+00	1.000000e-01	CONTROL 2 PHASE 1
75	-1.000000e+00	9.348470e-02	1.000000e+00	1.000000e-01	CONTROL 1 PHASE 1
76	-1.000000e+00	-3.550509e-02	1.000000e+00	1.000000e-01	CONTROL 2 PHASE 1
77	-1.000000e+00	9.433357e-02	1.000000e+00	1.000000e-01	CONTROL 1 PHASE 1
78	-1.000000e+00	-3.318399e-02	1.000000e+00	1.000000e-01	CONTROL 2 PHASE 1
79	-1.000000e+00	9.511725e-02	1.000000e+00	1.000000e-01	CONTROL 1 PHASE 1
80	-1.000000e+00	-3.086599e-02	1.000000e+00	1.000000e-01	CONTROL 2 PHASE 1
81	-1.000000e+00	9.576327e-02	1.000000e+00	1.000000e-01	CONTROL 1 PHASE 1
82	-1.000000e+00	-2.879923e-02	1.000000e+00	1.000000e-01	CONTROL 2 PHASE 1
83	-1.000000e+00	9.617282e-02	1.000000e+00	1.000000e-01	CONTROL 1 PHASE 1
84	-1.000000e+00	-2.740051e-02	1.000000e+00	1.000000e-01	CONTROL 2 PHASE 1
85	-1.000000e+00	9.649329e-02	1.000000e+00	1.000000e-01	CONTROL 1 PHASE 1
86	-1.000000e+00	-2.624967e-02	1.000000e+00	1.000000e-01	CONTROL 2 PHASE 1
87	-1.000000e+00	9.679832e-02	1.000000e+00	1.000000e-01	CONTROL 1 PHASE 1
88	-1.000000e+00	-2.510149e-02	1.000000e+00	1.000000e-01	CONTROL 2 PHASE 1
89	-1.000000e+00	9.708809e-02	1.000000e+00	1.000000e-01	CONTROL 1 PHASE 1
90	-1.000000e+00	-2.395626e-02	1.000000e+00	1.000000e-01	CONTROL 2 PHASE 1
91	-1.000000e+00	9.739499e-02	1.000000e+00	1.000000e-01	CONTROL 1 PHASE 1
92	-1.000000e+00	-2.267633e-02	1.000000e+00	1.000000e-01	CONTROL 2 PHASE 1
93	-1.000000e+00	9.774691e-02	1.000000e+00	1.000000e-01	CONTROL 1 PHASE 1
94	-1.000000e+00	-2.110784e-02	1.000000e+00	1.000000e-01	CONTROL 2 PHASE 1
95	-1.000000e+00	9.812684e-02	1.000000e+00	1.000000e-01	CONTROL 1 PHASE 1
96	-1.000000e+00	-1.926455e-02	1.000000e+00	1.000000e-01	CONTROL 2 PHASE 1
97	-1.000000e+00	9.851640e-02	1.000000e+00	1.000000e-01	CONTROL 1 PHASE 1
98	-1.000000e+00	-1.716155e-02	1.000000e+00	1.000000e-01	CONTROL 2 PHASE 1
99	-1.000000e+00	9.887893e-02	1.000000e+00	1.000000e-01	CONTROL 1 PHASE 1
100	-1.000000e+00	-1.493174e-02	1.000000e+00	1.000000e-01	CONTROL 2 PHASE 1
101	-1.000000e+00	9.918739e-02	1.000000e+00	1.000000e-01	CONTROL 1 PHASE 1
102	-1.000000e+00	-1.272245e-02	1.000000e+00	1.000000e-01	CONTROL 2 PHASE 1
103	-1.000000e+00	9.944350e-02	1.000000e+00	1.000000e-01	CONTROL 1 PHASE 1
104	-1.000000e+00	-1.053524e-02	1.000000e+00	1.000000e-01	CONTROL 2 PHASE 1
105	-1.000000e+00	9.962067e-02	1.000000e+00	1.000000e-01	CONTROL 1 PHASE 1
106	-1.000000e+00	-8.701832e-03	1.000000e+00	1.000000e-01	CONTROL 2 PHASE 1
107	-1.000000e+00	9.973327e-02	1.000000e+00	1.000000e-01	CONTROL 1 PHASE 1
108	-1.000000e+00	-7.298956e-03	1.000000e+00	1.000000e-01	CONTROL 2 PHASE 1
109	-1.000000e+00	9.981600e-02	1.000000e+00	1.000000e-01	CONTROL 1 PHASE 1
110	-1.000000e+00	-6.063476e-03	1.000000e+00	1.000000e-01	CONTROL 2 PHASE 1
111	-1.000000e+00	9.989203e-02	1.000000e+00	1.000000e-01	CONTROL 1 PHASE 1
112	-1.000000e+00	-4.645591e-03	1.000000e+00	1.000000e-01	CONTROL 2 PHASE 1
113	-1.000000e+00	9.995276e-02	1.000000e+00	1.000000e-01	CONTROL 1 PHASE 1
114	-1.000000e+00	-3.073543e-03	1.000000e+00	1.000000e-01	CONTROL 2 PHASE 1
115	-1.000000e+00	9.998849e-02	1.000000e+00	1.000000e-01	CONTROL 1 PHASE 1
116	-1.000000e+00	-1.516993e-03	1.000000e+00	1.000000e-01	CONTROL 2 PHASE 1
117	-1.000000e+00	9.999988e-02	1.000000e+00	1.000000e-01	CONTROL 1 PHASE 1
118	-1.000000e+00	-1.523844e-04	1.000000e+00	1.000000e-01	CONTROL 2 PHASE 1
119	-1.000000e+00	9.999457e-02	1.000000e+00	1.000000e-01	CONTROL 1 PHASE 1
120	-1.000000e+00	1.041797e-03	1.000000e+00	1.000000e-01	CONTROL 2 PHASE 1
121	-1.000000e+00	9.997095e-02	1.000000e+00	1.000000e-01	CONTROL 1 PHASE 1
122	-1.000000e+00	2.410015e-03	1.000000e+00	1.000000e-01	CONTROL 2 PHASE 1
123	-1.000000e+00	9.991787e-02	1.000000e+00	1.000000e-01	CONTROL 1 PHASE 1
124	-1.000000e+00	4.052029e-03	1.000000e+00	1.000000e-01	CONTROL 2 PHASE 1
125	-1.000000e+00	9.984473e-02	1.000000e+00	1.000000e-01	CONTROL 1 PHASE 1
126	-1.000000e+00	5.570442e-03	1.000000e+00	1.000000e-01	CONTROL 2 PHASE 1
127	-1.000000e+00	9.977180e-02	1.000000e+00	1.000000e-01	CONTROL 1 PHASE 1
128	-1.000000e+00	6.751846e-03	1.000000e+00	1.000000e-01	CONTROL 2 PHASE 1
129	-1.000000e+00	9.972000e-02	1.000000e+00	1.000000e-01	CONTROL 1 PHASE 1
130	-1.000000e+00	7.478076e-03	1.000000e+00	1.000000e-01	CONTROL 2 PHASE 1
131	-1.000000e+00	9.966324e-02	1.000000e+00	1.000000e-01	CONTROL 1 PHASE 1
132	-1.000000e+00	8.199943e-03	1.000000e+00	1.000000e-01	CONTROL 2 PHASE 1
133	-1.000000e+00	9.960160e-02	1.000000e+00	1.000000e-01	CONTROL 1 PHASE 1
134	-1.000000e+00	8.917429e-03	1.000000e+00	1.000000e-01	CONTROL 2 PHASE 1
135	-1.000000e+00	9.953519e-02	1.000000e+00	1.000000e-01	CONTROL 1 PHASE 1
136	-1.000000e+00	9.630513e-03	1.000000e+00	1.000000e-01	CONTROL 2 PHASE 1
137	-1.000000e+00	9.946407e-02	1.000000e+00	1.000000e-01	CONTROL 1 PHASE 1
138	-1.000000e+00	1.033918e-02	1.000000e+00	1.000000e-01	CONTROL 2 PHASE 1
139	-1.000000e+00	9.938834e-02	1.000000e+00	1.000000e-01	CONTROL 1 PHASE 1
140	-1.000000e+00	1.104341e-02	1.000000e+00	1.000000e-01	CONTROL 2 PHASE 1
141	-1.000000e+00	9.929723e-02	1.000000e+00	1.000000e-01	CONTROL 1 PHASE 1
142	-1.000000e+00	1.183468e-02	1.000000e+00	1.000000e-01	CONTROL 2 PHASE 1
143	-1.000000e+00	9.919420e-02	1.000000e+00	1.000000e-01	CONTROL 1 PHASE 1
144	-1.000000e+00	1.266931e-02	1.000000e+00	1.000000e-01	CONTROL 2 PHASE 1
145	-1.000000e+00	9.907260e-02	1.000000e+00	1.000000e-01	CONTROL 1 PHASE 1
146	-1.000000e+00	1.358747e-02	1.000000e+00	1.000000e-01	CONTROL 2 PHASE 1
147	-1.000000e+00	9.894351e-02	1.000000e+00	1.000000e-01	CONTROL 1 PHASE 1
148	-1.000000e+00	1.449765e-02	1.000000e+00	1.000000e-01	CONTROL 2 PHASE 1
149	-1.000000e+00	9.880711e-02	1.000000e+00	1.000000e-01	CONTROL 1 PHASE 1
150	-1.000000e+00	1.539985e-02	1.000000e+00	1.000000e-01	CONTROL 2 PHASE 1
151	-1.000000e+00	9.866359e-02	1.000000e+00	1.000000e-01	CONTROL 1 PHASE 1
152	-1.000000e+00	1.629404e-02	1.000000e+00	1.000000e-01	CONTROL 2 PHASE 1
153	-1.000000e+00	9.851315e-02	1.000000e+00	1.000000e-01	CONTROL 1 PHASE 1
154	-1.000000e+00	1.718022e-02	1.000000e+00	1.000000e-01	CONTROL 2 PHASE 1
155	-1.000000e+00	9.835596e-02	1.000000e+00	1.000000e-01	CONTROL 1 PHASE 1
156	-1.000000e+00	1.805839e-02	1.000000e+00	1.000000e-01	CONTROL 2 PHASE 1
157	-1.000000e+00	9.821550e-02	1.000000e+00	1.000000e-01	CONTROL 1 PHASE 1
158	-1.000000e+00	1.880731e-02	1.000000e+00	1.000000e-01	CONTROL 2 PHASE 1
159	-1.000000e+00	9.807949e-02	1.000000e+00	1.000000e-01	CONTROL 1 PHASE 1
160	-1.000000e+00	1.950420e-02	1.000000e+00	1.000000e-01	CONTROL 2 PHASE 1
161	-1.000000e+00	9.796399e-02	1.000000e+00	1.000000e-01	CONTROL 1 PHASE 1
162	-1.000000e+00	2.007629e-02	1.000000e+00	1.000000e-01	CONTROL 2 PHASE 1
163	-1.000000e+00	9.782018e-02	1.000000e+00	1.000000e-01	CONTROL 1 PHASE 1
164	-1.000000e+00	2.076564e-02	1.000000e+00	1.000000e-01	CONTROL 2 PHASE 1
165	-1.000000e+00	9.766339e-02	1.000000e+00	1.000000e-01	CONTROL 1 PHASE 1
166	-1.000000e+00	2.149098e-02	1.000000e+00	1.000000e-01	CONTROL 2 PHASE 1
167	-1.000000e+00	9.747517e-02	1.000000e+00	1.000000e-01	CONTROL 1 PHASE 1
168	-1.000000e+00	2.232915e-02	1.000000e+00	1.000000e-01	CONTROL 2 PHASE 1
169	-1.000000e+00	9.728126e-02	1.000000e+00	1.000000e-01	CONTROL 1 PHASE 1
170	-1.000000e+00	2.315936e-02	1.000000e+00	1.000000e-01	CONTROL 2 PHASE 1
171	-1.000000e+00	9.705226e-02	1.000000e+00	1.000000e-01	CONTROL 1 PHASE 1
172	-1.000000e+00	2.410100e-02	1.000000e+00	1.000000e-01	CONTROL 2 PHASE 1
173	-1.000000e+00	9.680760e-02	1.000000e+00	1.000000e-01	CONTROL 1 PHASE 1
174	-1.000000e+00	2.506567e-02	1.000000e+00	1.000000e-01	CONTROL 2 PHASE 1
175	-1.000000e+00	9.652422e-02	1.000000e+00	1.000000e-01	CONTROL 1 PHASE 1
176	-1.000000e+00	2.613569e-02	1.000000e+00	1.000000e-01	CONTROL 2 PHASE 1
177	-1.000000e+00	9.626517e-02	1.000000e+00	1.000000e-01	CONTROL 1 PHASE 1
178	-1.000000e+00	2.707430e-02	1.000000e+00	1.000000e-01	CONTROL 2 PHASE 1
179	-1.000000e+00	9.600738e-02	1.000000e+00	1.000000e-01	CONTROL 1 PHASE 1
180	-1.000000e+00	2.797470e-02	1.000000e+00	1.000000e-01	CONTROL 2 PHASE 1
181	-1.000000e+00	9.577811e-02	1.000000e+00	1.000000e-01	CONTROL 1 PHASE 1
182	-1.000000e+00	2.874986e-02	1.000000e+00	1.000000e-01	CONTROL 2 PHASE 1
183	-1.000000e+00	9.554439e-02	1.000000e+00	1.000000e-01	CONTROL 1 PHASE 1
184	-1.000000e+00	2.951729e-02	1.000000e+00	1.000000e-01	CONTROL 2 PHASE 1
185	-1.000000e+00	9.530636e-02	1.000000e+00	1.000000e-01	CONTROL 1 PHASE 1
186	-1.000000e+00	3.027702e-02	1.000000e+00	1.000000e-01	CONTROL 2 PHASE 1
187	-1.000000e+00	9.506416e-02	1.000000e+00	1.000000e-01	CONTROL 1 PHASE 1
188	-1.000000e+00	3.102909e-02	1.000000e+00	1.000000e-01	CONTROL 2 PHASE 1
189	-1.000000e+00	9.481794e-02	1.000000e+00	1.000000e-01	CONTROL 1 PHASE 1
190	-1.000000e+00	3.177355e-02	1.000000e+00	1.000000e-01	CONTROL 2 PHASE 1
191	-1.000000e+00	9.456782e-02	1.000000e+00	1.000000e-01	CONTROL 1 PHASE 1
192	-1.000000e+00	3.251043e-02	1.000000e+00	1.000000e-01	CONTROL 2 PHASE 1
193	-1.000000e+00	9.435355e-02	1.000000e+00	1.000000e-01	CONTROL 1 PHASE 1
194	-1.000000e+00	3.312714e-02	1.000000e+00	1.000000e-01	CONTROL 2 PHASE 1
195	-1.000000e+00	9.414263e-02	1.000000e+00	1.000000e-01	CONTROL 1 PHASE 1
196	-1.000000e+00	3.372187e-02	1.000000e+00	1.000000e-01	CONTROL 2 PHASE 1
197	-1.000000e+00	9.396976e-02	1.000000e+00	1.000000e-01	CONTROL 1 PHASE 1
198	-1.000000e+00	3.420064e-02	1.000000e+00	1.000000e-01	CONTROL 2 PHASE 1
199	-1.000000e+00	9.379535e-02	1.000000e+00	1.000000e-01	CONTROL 1 PHASE 1
200	-1.000000e+00	3.467611e-02	1.000000e+00	1.000000e-01	CONTROL 2 PHASE 1
201	-1.000000e+00	9.361943e-02	1.000000e+00	1.000000e-01	CONTROL 1 PHASE 1
202	-1.000000e+00	3.514830e-02	1.000000e+00	1.000000e-01	CONTROL 2 PHASE 1
203	-1.000000e+00	9.344203e-02	1.000000e+00	1.000000e-01	CONTROL 1 PHASE 1
204	-1.000000e+00	3.561722e-02	1.000000e+00	1.000000e-01	CONTROL 2 PHASE 1
205	-1.000000e+00	9.326320e-02	1.000000e+00	1.000000e-01	CONTROL 1 PHASE 1
206	-1.000000e+00	3.608289e-02	1.000000e+00	1.000000e-01	CONTROL 2 PHASE 1
207	-1.000000e+00	9.308297e-02	1.000000e+00	1.000000e-01	CONTROL 1 PHASE 1
208	-1.000000e+00	3.654533e-02	1.000000e+00	1.000000e-01	CONTROL 2 PHASE 1
209	-1.000000e+00	9.281444e-02	1.000000e+00	1.000000e-01	CONTROL 1 PHASE 1
210	-1.000000e+00	3.722203e-02	1.000000e+00	1.000000e-01	CONTROL 2 PHASE 1
211	-1.000000e+00	9.253419e-02	1.000000e+00	1.000000e-01	CONTROL 1 PHASE 1
212	-1.000000e+00	3.791338e-02	1.000000e+00	1.000000e-01	CONTROL 2 PHASE 1
213	-1.000000e+00	9.220682e-02	1.000000e+00	1.000000e-01	CONTROL 1 PHASE 1
214	-1.000000e+00	3.870274e-02	1.000000e+00	1.000000e-01	CONTROL 2 PHASE 1
215	-1.000000e+00	9.187956e-02	1.000000e+00	1.000000e-01	CONTROL 1 PHASE 1
216	-1.000000e+00	3.947337e-02	1.000000e+00	1.000000e-01	CONTROL 2 PHASE 1
217	-1.000000e+00	9.164059e-02	1.000000e+00	1.000000e-01	CONTROL 1 PHASE 1
218	-1.000000e+00	4.002501e-02	1.000000e+00	1.000000e-01	CONTROL 2 PHASE 1
219	-1.000000e+00	9.140319e-02	1.000000e+00	1.000000e-01	CONTROL 1 PHASE 1
220	-1.000000e+00	4.056423e-02	1.000000e+00	1.000000e-01	CONTROL 2 PHASE 1
221	-1.000000e+00	9.121072e-02	1.000000e+00	1.000000e-01	CONTROL 1 PHASE 1
222	-1.000000e+00	4.099518e-02	1.000000e+00	1.000000e-01	CONTROL 2 PHASE 1
223	-1.000000e+00	9.097002e-02	1.000000e+00	1.000000e-01	CONTROL 1 PHASE 1
224	-1.000000e+00	4.152655e-02	1.000000e+00	1.000000e-01	CONTROL 2 PHASE 1
225	-1.000000e+00	9.072498e-02	1.000000e+00	1.000000e-01	CONTROL 1 PHASE 1
226	-1.000000e+00	4.205922e-02	1.000000e+00	1.000000e-01	CONTROL 2 PHASE 1
227	-1.000000e+00	9.028586e-02	1.000000e+00	1.000000e-01	CONTROL 1 PHASE 1
228	-1.000000e+00	4.299376e-02	1.000000e+00	1.000000e-01	CONTROL 2 PHASE 1
229	-1.000000e+00	8.983541e-02	1.000000e+00	1.000000e-01	CONTROL 1 PHASE 1
230	-1.000000e+00	4.392721e-02	1.000000e+00	1.000000e-01	CONTROL 2 PHASE 1
231	-1.000000e+00	8.923247e-02	1.000000e+00	1.000000e-01	CONTROL 1 PHASE 1
232	-1.000000e+00	4.513942e-02	1.000000e+00	1.000000e-01	CONTROL 2 PHASE 1
233	-1.000000e+00	8.862241e-02	1.000000e+00	1.000000e-01	CONTROL 1 PHASE 1
234	-1.000000e+00	4.632568e-02	1.000000e+00	1.000000e-01	CONTROL 2 PHASE 1
235	-1.000000e+00	8.808272e-02	1.000000e+00	1.000000e-01	CONTROL 1 PHASE 1
236	-1.000000e+00	4.734379e-02	1.000000e+00	1.000000e-01	CONTROL 2 PHASE 1
237	-1.000000e+00	8.753962e-02	1.000000e+00	1.000000e-01	CONTROL 1 PHASE 1
238	-1.000000e+00	4.834062e-02	1.000000e+00	1.000000e-01	CONTROL 2 PHASE 1
239	-1.000000e+00	8.707030e-02	1.000000e+00	1.000000e-01	CONTROL 1 PHASE 1
240	-1.000000e+00	4.918092e-02	1.000000e+00	1.000000e-01	CONTROL 2 PHASE 1
241	-1.000000e+00	8.659816e-02	1.000000e+00	1.000000e-01	CONTROL 1 PHASE 1
242	-1.000000e+00	5.000758e-02	1.000000e+00	1.000000e-01	CONTROL 2 PHASE 1
243	-1.000000e+00	8.604391e-02	1.000000e+00	1.000000e-01	CONTROL 1 PHASE 1
244	-1.000000e+00	5.095533e-02	1.000000e+00	1.000000e-01	CONTROL 2 PHASE 1
245	-1.000000e+00	8.548683e-02	1.000000e+00	1.000000e-01	CONTROL 1 PHASE 1
246	-1.000000e+00	5.188451e-02	1.000000e+00	1.000000e-01	CONTROL 2 PHASE 1
247	-1.000000e+00	8.484650e-02	1.000000e+00	1.000000e-01	CONTROL 1 PHASE 1
248	-1.000000e+00	5.292516e-02	1.000000e+00	1.000000e-01	CONTROL 2 PHASE 1
249	-1.000000e+00	8.436527e-02	1.000000e+00	1.000000e-01	CONTROL 1 PHASE 1
250	-1.000000e+00	5.368893e-02	1.000000e+00	1.000000e-01	CONTROL 2 PHASE 1
251	-1.000000e+00	8.388004e-02	1.000000e+00	1.000000e-01	CONTROL 1 PHASE 1
252	-1.000000e+00	5.444390e-02	1.000000e+00	1.000000e-01	CONTROL 2 PHASE 1
253	-1.000000e+00	8.350205e-02	1.000000e+00	1.000000e-01	CONTROL 1 PHASE 1
254	-1.000000e+00	5.502188e-02	1.000000e+00	1.000000e-01	CONTROL 2 PHASE 1
255	-1.000000e+00	8.312424e-02	1.000000e+00	1.000000e-01	CONTROL 1 PHASE 1
256	-1.000000e+00	5.559101e-02	1.000000e+00	1.000000e-01	CONTROL 2 PHASE 1
257	-1.000000e+00	8.269101e-02	1.000000e+00	1.000000e-01	CONTROL 1 PHASE 1
258	-1.000000e+00	5.623341e-02	1.000000e+00	1.000000e-01	CONTROL 2 PHASE 1
259	-1.000000e+00	8.231183e-02	1.000000e+00	1.000000e-01	CONTROL 1 PHASE 1
260	-1.000000e+00	5.678699e-02	1.000000e+00	1.000000e-01	CONTROL 2 PHASE 1
261	-1.000000e+00	8.193093e-02	1.000000e+00	1.000000e-01	CONTROL 1 PHASE 1
262	-1.000000e+00	5.733518e-02	1.000000e+00	1.000000e-01	CONTROL 2 PHASE 1
263	-1.000000e+00	8.143938e-02	1.000000e+00	1.000000e-01	CONTROL 1 PHASE 1
264	-1.000000e+00	5.803126e-02	1.000000e+00	1.000000e-01	CONTROL 2 PHASE 1
265	-1.000000e+00	8.095085e-02	1.000000e+00	1.000000e-01	CONTROL 1 PHASE 1
266	-1.000000e+00	5.871082e-02	1.000000e+00	1.000000e-01	CONTROL 2 PHASE 1
267	-1.000000e+00	8.037900e-02	1.000000e+00	1.000000e-01	CONTROL 1 PHASE 1
268	-1.000000e+00	5.949131e-02	1.000000e+00	1.000000e-01	CONTROL 2 PHASE 1
269	-1.000000e+00	7.992904e-02	1.000000e+00	1.000000e-01	CONTROL 1 PHASE 1
270	-1.000000e+00	6.009449e-02	1.000000e+00	1.000000e-01	CONTROL 2 PHASE 1
271	-1.000000e+00	7.955900e-02	1.000000e+00	1.000000e-01	CONTROL 1 PHASE 1
272	-1.000000e+00	6.058354e-02	1.000000e+00	1.000000e-01	CONTROL 2 PHASE 1
273	-1.000000e+00	7.927175e-02	1.000000e+00	1.000000e-01	CONTROL 1 PHASE 1
274	-1.000000e+00	6.095892e-02	1.000000e+00	1.000000e-01	CONTROL 2 PHASE 1
275	-1.000000e+00	7.898534e-02	1.000000e+00	1.000000e-01	CONTROL 1 PHASE 1
276	-1.000000e+00	6.132958e-02	1.000000e+00	1.000000e-01	CONTROL 2 PHASE 1
277	-1.000000e+00	7.865749e-02	1.000000e+00	1.000000e-01	CONTROL 1 PHASE 1
278	-1.000000e+00	6.174948e-02	1.000000e+00	1.000000e-01	CONTROL 2 PHASE 1
279	-1.000000e+00	7.832967e-02	1.000000e+00	1.000000e-01	CONTROL 1 PHASE 1
280	-1.000000e+00	6.216481e-02	1.000000e+00	1.000000e-01	CONTROL 2 PHASE 1
281	-1.000000e+00	7.800189e-02	1.000000e+00	1.000000e-01	CONTROL 1 PHASE 1
282	-1.000000e+00	6.257559e-02	1.000000e+00	1.000000e-01	CONTROL 2 PHASE 1
283	-1.000000e+00	7.750905e-02	1.000000e+00	1.000000e-01	CONTROL 1 PHASE 1
284	-1.000000e+00	6.318503e-02	1.000000e+00	1.000000e-01	CONTROL 2 PHASE 1
285	-1.000000e+00	7.701916e-02	1.000000e+00	1.000000e-01	CONTROL 1 PHASE 1
286	-1.000000e+00	6.378125e-02	1.000000e+00	1.000000e-01	CONTROL 2 PHASE 1
287	-1.000000e+00	7.636480e-02	1.000000e+00	1.000000e-01	CONTROL 1 PHASE 1
288	-1.000000e+00	6.456328e-02	1.000000e+00	1.000000e-01	CONTROL 2 PHASE 1
289	-1.000000e+00	7.571132e-02	1.000000e+00	1.000000e-01	CONTROL 1 PHASE 1
290	-1.000000e+00	6.532837e-02	1.000000e+00	1.000000e-01	CONTROL 2 PHASE 1
291	-1.000000e+00	7.505894e-02	1.000000e+00	1.000000e-01	CONTROL 1 PHASE 1
292	-1.000000e+00	6.607689e-02	1.000000e+00	1.000000e-01	CONTROL 2 PHASE 1
293	-1.000000e+00	7.473356e-02	1.000000e+00	1.000000e-01	CONTROL 1 PHASE 1
294	-1.000000e+00	6.644467e-02	1.000000e+00	1.000000e-01	CONTROL 2 PHASE 1
295	-1.000000e+00	7.007574e-16	1.000000e+00	1.000000e-01	STATE 1 PHASE 1
296	-1.000000e+00	2.173905e-14	1.000000e+00	1.000000e-01	STATE 2 PHASE 1
297	-1.000000e+00	2.255479e-13	1.000000e+00	1.000000e-01	STATE 3 PHASE 1
298	-1.000000e+00	7.914389e-09	1.000000e+00	1.000000e-01	STATE 1 PHASE 1
299	-1.000000e+00	-1.442723e-06	1.000000e+00	1.000000e-01	STATE 2 PHASE 1
300	-1.000000e+00	6.578914e-04	1.000000e+00	1.000000e-01	STATE 3 PHASE 1
301	-1.000000e+00	4.748586e-08	1.000000e+00	1.000000e-01	STATE 1 PHASE 1
302	-1.000000e+00	-5.770731e-06	1.000000e+00	1.000000e-01	STATE 2 PHASE 1
303	-1.000000e+00	1.315770e-03	1.000000e+00	1.000000e-01	STATE 3 PHASE 1
304	-1.000000e+00	3.644515e-07	1.000000e+00	1.000000e-01	STATE 1 PHASE 1
305	-1.000000e+00	-2.307986e-05	1.000000e+00	1.000000e-01	STATE 2 PHASE 1
306	-1.000000e+00	2.631427e-03	1.000000e+00	1.000000e-01	STATE 3 PHASE 1
307	-1.000000e+00	2.919789e-06	1.000000e+00	1.000000e-01	STATE 1 PHASE 1
308	-1.000000e+00	-9.226880e-05	1.000000e+00	1.000000e-01	STATE 2 PHASE 1
309	-1.000000e+00	5.261930e-03	1.000000e+00	1.000000e-01	STATE 3 PHASE 1
310	-1.000000e+00	9.587915e-06	1.000000e+00	1.000000e-01	STATE 1 PHASE 1
311	-1.000000e+00	-2.074428e-04	1.000000e+00	1.000000e-01	STATE 2 PHASE 1
312	-1.000000e+00	7.890689e-03	1.000000e+00	1.000000e-01	STATE 3 PHASE 1
313	-1.000000e+00	3.228122e-05	1.000000e+00	1.000000e-01	STATE 1 PHASE 1
314	-1.000000e+00	-4.658721e-04	1.000000e+00	1.000000e-01	STATE 2 PHASE 1
315	-1.000000e+00	1.182836e-02	1.000000e+00	1.000000e-01	STATE 3 PHASE 1
316	-1.000000e+00	7.626226e-05	1.000000e+00	1.000000e-01	STATE 1 PHASE 1
317	-1.000000e+00	-8.261040e-04	1.000000e+00	1.000000e-01	STATE 2 PHASE 1
318	-1.000000e+00	1.575671e-02	1.000000e+00	1.000000e-01	STATE 3 PHASE 1
319	-1.000000e+00	1.488351e-04	1.000000e+00	1.000000e-01	STATE 1 PHASE 1
320	-1.000000e+00	-1.286518e-03	1.000000e+00	1.000000e-01	STATE 2 PHASE 1
321	-1.000000e+00	1.967238e-02	1.000000e+00	1.000000e-01	STATE 3 PHASE 1
322	-1.000000e+00	2.573810e-04	1.000000e+00	1.000000e-01	STATE 1 PHASE 1
323	-1.000000e+00	-1.844977e-03	1.000000e+00	1.000000e-01	STATE 2 PHASE 1
324	-1.000000e+00	2.357180e-02	1.000000e+00	1.000000e-01	STATE 3 PHASE 1
325	-1.000000e+00	4.092897e-04	1.000000e+00	1.000000e-01	STATE 1 PHASE 1
326	-1.000000e+00	-2.498805e-03	1.000000e+00	1.000000e-01	STATE 2 PHASE 1
327	-1.000000e+00	2.745129e-02	1.000000e+00	1.000000e-01	STATE 3 PHASE 1
328	-1.000000e+00	6.119072e-04	1.000000e+00	1.000000e-01	STATE 1 PHASE 1
329	-1.000000e+00	-3.244779e-03	1.000000e+00	1.000000e-01	STATE 2 PHASE 1
330	-1.000000e+00	3.130704e-02	1.000000e+00	1.000000e-01	STATE 3 PHASE 1
331	-1.000000e+00	8.724804e-04	1.000000e+00	1.000000e-01	STATE 1 PHASE 1
332	-1.000000e+00	-4.079119e-03	1.000000e+00	1.000000e-01	STATE 2 PHASE 1
333	-1.000000e+00	3.513516e-02	1.000000e+00	1.000000e-01	STATE 3 PHASE 1
334	-1.000000e+00	1.198099e-03	1.000000e+00	1.000000e-01	STATE 1 PHASE 1
335	-1.000000e+00	-4.997486e-03	1.000000e+00	1.000000e-01	STATE 2 PHASE 1
336	-1.000000e+00	3.893165e-02	1.000000e+00	1.000000e-01	STATE 3 PHASE 1
337	-1.000000e+00	1.595635e-03	1.000000e+00	1.000000e-01	STATE 1 PHASE 1
338	-1.000000e+00	-5.994988e-03	1.000000e+00	1.000000e-01	STATE 2 PHASE 1
339	-1.000000e+00	4.269244e-02	1.000000e+00	1.000000e-01	STATE 3 PHASE 1
340	-1.000000e+00	2.071681e-03	1.000000e+00	1.000000e-01	STATE 1 PHASE 1
341	-1.000000e+00	-7.066194e-03	1.000000e+00	1.000000e-01	STATE 2 PHASE 1
342	-1.000000e+00	4.641345e-02	1.000000e+00	1.000000e-01	STATE 3 PHASE 1
343	-1.000000e+00	2.632488e-03	1.000000e+00	1.000000e-01	STATE 1 PHASE 1
344	-1.000000e+00	-8.205154e-03	1.000000e+00	1.000000e-01	STATE 2 PHASE 1
345	-1.000000e+00	5.009056e-02	1.000000e+00	1.000000e-01	STATE 3 PHASE 1
346	-1.000000e+00	3.283907e-03	1.000000e+00	1.000000e-01	STATE 1 PHASE 1
347	-1.000000e+00	-9.405428e-03	1.000000e+00	1.000000e-01	STATE 2 PHASE 1
348	-1.000000e+00	5.371966e-02	1.000000e+00	1.000000e-01	STATE 3 PHASE 1
349	-1.000000e+00	4.031329e-03	1.000000e+00	1.000000e-01	STATE 1 PHASE 1
350	-1.000000e+00	-1.066013e-02	1.000000e+00	1.000000e-01	STATE 2 PHASE 1
351	-1.000000e+00	5.729670e-02	1.000000e+00	1.000000e-01	STATE 3 PHASE 1
352	-1.000000e+00	4.879634e-03	1.000000e+00	1.000000e-01	STATE 1 PHASE 1
353	-1.000000e+00	-1.196195e-02	1.000000e+00	1.000000e-01	STATE 2 PHASE 1
354	-1.000000e+00	6.081769e-02	1.000000e+00	1.000000e-01	STATE 3 PHASE 1
355	-1.000000e+00	5.833139e-03	1.000000e+00	1.000000e-01	STATE 1 PHASE 1
356	-1.000000e+00	-1.330323e-02	1.000000e+00	1.000000e-01	STATE 2 PHASE 1
357	-1.000000e+00	6.427874e-02	1.000000e+00	1.000000e-01	STATE 3 PHASE 1
358	-1.000000e+00	6.895558e-03	1.000000e+00	1.000000e-01	STATE 1 PHASE 1
359	-1.000000e+00	-1.467603e-02	1.000000e+00	1.000000e-01	STATE 2 PHASE 1
360	-1.000000e+00	6.767608e-02	1.000000e+00	1.000000e-01	STATE 3 PHASE 1
361	-1.000000e+00	8.069965e-03	1.000000e+00	1.000000e-01	STATE 1 PHASE 1
362	-1.000000e+00	-1.607215e-02	1.000000e+00	1.000000e-01	STATE 2 PHASE 1
363	-1.000000e+00	7.100611e-02	1.000000e+00	1.000000e-01	STATE 3 PHASE 1
364	-1.000000e+00	9.358769e-03	1.000000e+00	1.000000e-01	STATE 1 PHASE 1
365	-1.000000e+00	-1.748324e-02	1.000000e+00	1.000000e-01	STATE 2 PHASE 1
366	-1.000000e+00	7.426541e-02	1.000000e+00	1.000000e-01	STATE 3 PHASE 1
367	-1.000000e+00	1.076369e-02	1.000000e+00	1.000000e-01	STATE 1 PHASE 1
368	-1.000000e+00	-1.890084e-02	1.000000e+00	1.000000e-01	STATE 2 PHASE 1
369	-1.000000e+00	7.745075e-02	1.000000e+00	1.000000e-01	STATE 3 PHASE 1
370	-1.000000e+00	1.228577e-02	1.000000e+00	1.000000e-01	STATE 1 PHASE 1
371	-1.000000e+00	-2.031649e-02	1.000000e+00	1.000000e-01	STATE 2 PHASE 1
372	-1.000000e+00	8.055915e-02	1.000000e+00	1.000000e-01	STATE 3 PHASE 1
373	-1.000000e+00	1.392534e-02	1.000000e+00	1.000000e-01	STATE 1 PHASE 1
374	-1.000000e+00	-2.172175e-02	1.000000e+00	1.000000e-01	STATE 2 PHASE 1
375	-1.000000e+00	8.358789e-02	1.000000e+00	1.000000e-01	STATE 3 PHASE 1
376	-1.000000e+00	1.568206e-02	1.000000e+00	1.000000e-01	STATE 1 PHASE 1
377	-1.000000e+00	-2.310832e-02	1.000000e+00	1.000000e-01	STATE 2 PHASE 1
378	-1.000000e+00	8.653448e-02	1.000000e+00	1.000000e-01	STATE 3 PHASE 1
379	-1.000000e+00	1.755492e-02	1.000000e+00	1.000000e-01	STATE 1 PHASE 1
380	-1.000000e+00	-2.446807e-02	1.000000e+00	1.000000e-01	STATE 2 PHASE 1
381	-1.000000e+00	8.939674e-02	1.000000e+00	1.000000e-01	STATE 3 PHASE 1
382	-1.000000e+00	1.954228e-02	1.000000e+00	1.000000e-01	STATE 1 PHASE 1
383	-1.000000e+00	-2.579314e-02	1.000000e+00	1.000000e-01	STATE 2 PHASE 1
384	-1.000000e+00	9.217277e-02	1.000000e+00	1.000000e-01	STATE 3 PHASE 1
385	-1.000000e+00	2.164060e-02	1.000000e+00	1.000000e-01	STATE 1 PHASE 1
386	-1.000000e+00	-2.707823e-02	1.000000e+00	1.000000e-01	STATE 2 PHASE 1
387	-1.000000e+00	9.486333e-02	1.000000e+00	1.000000e-01	STATE 3 PHASE 1
388	-1.000000e+00	2.273112e-02	1.000000e+00	1.000000e-01	STATE 1 PHASE 1
389	-1.000000e+00	-2.770290e-02	1.000000e+00	1.000000e-01	STATE 2 PHASE 1
390	-1.000000e+00	9.617527e-02	1.000000e+00	1.000000e-01	STATE 3 PHASE 1
391	-1.000000e+00	2.384954e-02	1.000000e+00	1.000000e-01	STATE 1 PHASE 1
392	-1.000000e+00	-2.831274e-02	1.000000e+00	1.000000e-01	STATE 2 PHASE 1
393	-1.000000e+00	9.746312e-02	1.000000e+00	1.000000e-01	STATE 3 PHASE 1
394	-1.000000e+00	2.538192e-02	1.000000e+00	1.000000e-01	STATE 1 PHASE 1
395	-1.000000e+00	-2.910374e-02	1.000000e+00	1.000000e-01	STATE 2 PHASE 1
396	-1.000000e+00	9.914513e-02	1.000000e+00	1.000000e-01	STATE 3 PHASE 1
397	-1.000000e+00	2.696007e-02	1.000000e+00	1.000000e-01	STATE 1 PHASE 1
398	-1.000000e+00	-2.986842e-02	1.000000e+00	1.000000e-01	STATE 2 PHASE 1
399	-1.000000e+00	1.007874e-01	1.000000e+00	1.000000e-01	STATE 3 PHASE 1
400	-1.000000e+00	2.858312e-02	1.000000e+00	1.000000e-01	STATE 1 PHASE 1
401	-1.000000e+00	-3.060437e-02	1.000000e+00	1.000000e-01	STATE 2 PHASE 1
402	-1.000000e+00	1.023892e-01	1.000000e+00	1.000000e-01	STATE 3 PHASE 1
403	-1.000000e+00	3.024981e-02	1.000000e+00	1.000000e-01	STATE 1 PHASE 1
404	-1.000000e+00	-3.130985e-02	1.000000e+00	1.000000e-01	STATE 2 PHASE 1
405	-1.000000e+00	1.039504e-01	1.000000e+00	1.000000e-01	STATE 3 PHASE 1
406	-1.000000e+00	3.195881e-02	1.000000e+00	1.000000e-01	STATE 1 PHASE 1
407	-1.000000e+00	-3.198326e-02	1.000000e+00	1.000000e-01	STATE 2 PHASE 1
408	-1.000000e+00	1.054708e-01	1.000000e+00	1.000000e-01	STATE 3 PHASE 1
409	-1.000000e+00	3.370872e-02	1.000000e+00	1.000000e-01	STATE 1 PHASE 1
410	-1.000000e+00	-3.262307e-02	1.000000e+00	1.000000e-01	STATE 2 PHASE 1
411	-1.000000e+00	1.069506e-01	1.000000e+00	1.000000e-01	STATE 3 PHASE 1
412	-1.000000e+00	3.549808e-02	1.000000e+00	1.000000e-01	STATE 1 PHASE 1
413	-1.000000e+00	-3.322786e-02	1.000000e+00	1.000000e-01	STATE 2 PHASE 1
414	-1.000000e+00	1.083896e-01	1.000000e+00	1.000000e-01	STATE 3 PHASE 1
415	-1.000000e+00	3.732471e-02	1.000000e+00	1.000000e-01	STATE 1 PHASE 1
416	-1.000000e+00	-3.379868e-02	1.000000e+00	1.000000e-01	STATE 2 PHASE 1
417	-1.000000e+00	1.097902e-01	1.000000e+00	1.000000e-01	STATE 3 PHASE 1
418	-1.000000e+00	3.825184e-02	1.000000e+00	1.000000e-01	STATE 1 PHASE 1
419	-1.000000e+00	-3.407013e-02	1.000000e+00	1.000000e-01	STATE 2 PHASE 1
420	-1.000000e+00	1.104753e-01	1.000000e+00	1.000000e-01	STATE 3 PHASE 1
421	-1.000000e+00	3.918824e-02	1.000000e+00	1.000000e-01	STATE 1 PHASE 1
422	-1.000000e+00	-3.433086e-02	1.000000e+00	1.000000e-01	STATE 2 PHASE 1
423	-1.000000e+00	1.111492e-01	1.000000e+00	1.000000e-01	STATE 3 PHASE 1
424	-1.000000e+00	4.013335e-02	1.000000e+00	1.000000e-01	STATE 1 PHASE 1
425	-1.000000e+00	-3.458193e-02	1.000000e+00	1.000000e-01	STATE 2 PHASE 1
426	-1.000000e+00	1.118130e-01	1.000000e+00	1.000000e-01	STATE 3 PHASE 1
427	-1.000000e+00	4.108696e-02	1.000000e+00	1.000000e-01	STATE 1 PHASE 1
428	-1.000000e+00	-3.482320e-02	1.000000e+00	1.000000e-01	STATE 2 PHASE 1
429	-1.000000e+00	1.124667e-01	1.000000e+00	1.000000e-01	STATE 3 PHASE 1
430	-1.000000e+00	4.204905e-02	1.000000e+00	1.000000e-01	STATE 1 PHASE 1
431	-1.000000e+00	-3.505386e-02	1.000000e+00	1.000000e-01	STATE 2 PHASE 1
432	-1.000000e+00	1.131099e-01	1.000000e+00	1.000000e-01	STATE 3 PHASE 1
433	-1.000000e+00	4.350727e-02	1.000000e+00	1.000000e-01	STATE 1 PHASE 1
434	-1.000000e+00	-3.538099e-02	1.000000e+00	1.000000e-01	STATE 2 PHASE 1
435	-1.000000e+00	1.140558e-01	1.000000e+00	1.000000e-01	STATE 3 PHASE 1
436	-1.000000e+00	4.498300e-02	1.000000e+00	1.000000e-01	STATE 1 PHASE 1
437	-1.000000e+00	-3.568511e-02	1.000000e+00	1.000000e-01	STATE 2 PHASE 1
438	-1.000000e+00	1.149793e-01	1.000000e+00	1.000000e-01	STATE 3 PHASE 1
439	-1.000000e+00	4.697667e-02	1.000000e+00	1.000000e-01	STATE 1 PHASE 1
440	-1.000000e+00	-3.605430e-02	1.000000e+00	1.000000e-01	STATE 2 PHASE 1
441	-1.000000e+00	1.161760e-01	1.000000e+00	1.000000e-01	STATE 3 PHASE 1
442	-1.000000e+00	4.899835e-02	1.000000e+00	1.000000e-01	STATE 1 PHASE 1
443	-1.000000e+00	-3.638287e-02	1.000000e+00	1.000000e-01	STATE 2 PHASE 1
444	-1.000000e+00	1.173348e-01	1.000000e+00	1.000000e-01	STATE 3 PHASE 1
445	-1.000000e+00	5.104670e-02	1.000000e+00	1.000000e-01	STATE 1 PHASE 1
446	-1.000000e+00	-3.666876e-02	1.000000e+00	1.000000e-01	STATE 2 PHASE 1
447	-1.000000e+00	1.184545e-01	1.000000e+00	1.000000e-01	STATE 3 PHASE 1
448	-1.000000e+00	5.312005e-02	1.000000e+00	1.000000e-01	STATE 1 PHASE 1
449	-1.000000e+00	-3.691142e-02	1.000000e+00	1.000000e-01	STATE 2 PHASE 1
450	-1.000000e+00	1.195357e-01	1.000000e+00	1.000000e-01	STATE 3 PHASE 1
451	-1.000000e+00	5.521650e-02	1.000000e+00	1.000000e-01	STATE 1 PHASE 1
452	-1.000000e+00	-3.711393e-02	1.000000e+00	1.000000e-01	STATE 2 PHASE 1
453	-1.000000e+00	1.205817e-01	1.000000e+00	1.000000e-01	STATE 3 PHASE 1
454	-1.000000e+00	5.627304e-02	1.000000e+00	1.000000e-01	STATE 1 PHASE 1
455	-1.000000e+00	-3.719872e-02	1.000000e+00	1.000000e-01	STATE 2 PHASE 1
456	-1.000000e+00	1.210904e-01	1.000000e+00	1.000000e-01	STATE 3 PHASE 1
457	-1.000000e+00	5.733502e-02	1.000000e+00	1.000000e-01	STATE 1 PHASE 1
458	-1.000000e+00	-3.726982e-02	1.000000e+00	1.000000e-01	STATE 2 PHASE 1
459	-1.000000e+00	1.215877e-01	1.000000e+00	1.000000e-01	STATE 3 PHASE 1
460	-1.000000e+00	5.893731e-02	1.000000e+00	1.000000e-01	STATE 1 PHASE 1
461	-1.000000e+00	-3.735570e-02	1.000000e+00	1.000000e-01	STATE 2 PHASE 1
462	-1.000000e+00	1.223160e-01	1.000000e+00	1.000000e-01	STATE 3 PHASE 1
463	-1.000000e+00	6.055014e-02	1.000000e+00	1.000000e-01	STATE 1 PHASE 1
464	-1.000000e+00	-3.741796e-02	1.000000e+00	1.000000e-01	STATE 2 PHASE 1
465	-1.000000e+00	1.230247e-01	1.000000e+00	1.000000e-01	STATE 3 PHASE 1
466	-1.000000e+00	6.217294e-02	1.000000e+00	1.000000e-01	STATE 1 PHASE 1
467	-1.000000e+00	-3.745519e-02	1.000000e+00	1.000000e-01	STATE 2 PHASE 1
468	-1.000000e+00	1.237128e-01	1.000000e+00	1.000000e-01	STATE 3 PHASE 1
469	-1.000000e+00	6.380504e-02	1.000000e+00	1.000000e-01	STATE 1 PHASE 1
470	-1.000000e+00	-3.746878e-02	1.000000e+00	1.000000e-01	STATE 2 PHASE 1
471	-1.000000e+00	1.243817e-01	1.000000e+00	1.000000e-01	STATE 3 PHASE 1
472	-1.000000e+00	6.489799e-02	1.000000e+00	1.000000e-01	STATE 1 PHASE 1
473	-1.000000e+00	-3.746391e-02	1.000000e+00	1.000000e-01	STATE 2 PHASE 1
474	-1.000000e+00	1.248163e-01	1.000000e+00	1.000000e-01	STATE 3 PHASE 1
475	-1.000000e+00	6.599453e-02	1.000000e+00	1.000000e-01	STATE 1 PHASE 1
476	-1.000000e+00	-3.744497e-02	1.000000e+00	1.000000e-01	STATE 2 PHASE 1
477	-1.000000e+00	1.252398e-01	1.000000e+00	1.000000e-01	STATE 3 PHASE 1
478	-1.000000e+00	6.819769e-02	1.000000e+00	1.000000e-01	STATE 1 PHASE 1
479	-1.000000e+00	-3.737368e-02	1.000000e+00	1.000000e-01	STATE 2 PHASE 1
480	-1.000000e+00	1.260603e-01	1.000000e+00	1.000000e-01	STATE 3 PHASE 1
481	-1.000000e+00	7.041360e-02	1.000000e+00	1.000000e-01	STATE 1 PHASE 1
482	-1.000000e+00	-3.726689e-02	1.000000e+00	1.000000e-01	STATE 2 PHASE 1
483	-1.000000e+00	1.268531e-01	1.000000e+00	1.000000e-01	STATE 3 PHASE 1
484	-1.000000e+00	7.124750e-02	1.000000e+00	1.000000e-01	STATE 1 PHASE 1
485	-1.000000e+00	-3.721541e-02	1.000000e+00	1.000000e-01	STATE 2 PHASE 1
486	-1.000000e+00	1.271415e-01	1.000000e+00	1.000000e-01	STATE 3 PHASE 1
487	-1.000000e+00	7.208276e-02	1.000000e+00	1.000000e-01	STATE 1 PHASE 1
488	-1.000000e+00	-3.715583e-02	1.000000e+00	1.000000e-01	STATE 2 PHASE 1
489	-1.000000e+00	1.274237e-01	1.000000e+00	1.000000e-01	STATE 3 PHASE 1
490	-1.000000e+00	7.291940e-02	1.000000e+00	1.000000e-01	STATE 1 PHASE 1
491	-1.000000e+00	-3.709004e-02	1.000000e+00	1.000000e-01	STATE 2 PHASE 1
492	-1.000000e+00	1.277010e-01	1.000000e+00	1.000000e-01	STATE 3 PHASE 1
493	-1.000000e+00	7.375734e-02	1.000000e+00	1.000000e-01	STATE 1 PHASE 1
494	-1.000000e+00	-3.701805e-02	1.000000e+00	1.000000e-01	STATE 2 PHASE 1
495	-1.000000e+00	1.279737e-01	1.000000e+00	1.000000e-01	STATE 3 PHASE 1
496	-1.000000e+00	7.459652e-02	1.000000e+00	1.000000e-01	STATE 1 PHASE 1
497	-1.000000e+00	-3.693988e-02	1.000000e+00	1.000000e-01	STATE 2 PHASE 1
498	-1.000000e+00	1.282416e-01	1.000000e+00	1.000000e-01	STATE 3 PHASE 1
499	-1.000000e+00	7.543685e-02	1.000000e+00	1.000000e-01	STATE 1 PHASE 1
500	-1.000000e+00	-3.685555e-02	1.000000e+00	1.000000e-01	STATE 2 PHASE 1
501	-1.000000e+00	1.285049e-01	1.000000e+00	1.000000e-01	STATE 3 PHASE 1
502	-1.000000e+00	7.627827e-02	1.000000e+00	1.000000e-01	STATE 1 PHASE 1
503	-1.000000e+00	-3.676507e-02	1.000000e+00	1.000000e-01	STATE 2 PHASE 1
504	-1.000000e+00	1.287635e-01	1.000000e+00	1.000000e-01	STATE 3 PHASE 1
505	-1.000000e+00	7.712066e-02	1.000000e+00	1.000000e-01	STATE 1 PHASE 1
506	-1.000000e+00	-3.666807e-02	1.000000e+00	1.000000e-01	STATE 2 PHASE 1
507	-1.000000e+00	1.290172e-01	1.000000e+00	1.000000e-01	STATE 3 PHASE 1
508	-1.000000e+00	7.824529e-02	1.000000e+00	1.000000e-01	STATE 1 PHASE 1
509	-1.000000e+00	-3.652923e-02	1.000000e+00	1.000000e-01	STATE 2 PHASE 1
510	-1.000000e+00	1.293483e-01	1.000000e+00	1.000000e-01	STATE 3 PHASE 1
511	-1.000000e+00	7.937150e-02	1.000000e+00	1.000000e-01	STATE 1 PHASE 1
512	-1.000000e+00	-3.638008e-02	1.000000e+00	1.000000e-01	STATE 2 PHASE 1
513	-1.000000e+00	1.296717e-01	1.000000e+00	1.000000e-01	STATE 3 PHASE 1
514	-1.000000e+00	8.049906e-02	1.000000e+00	1.000000e-01	STATE 1 PHASE 1
515	-1.000000e+00	-3.622014e-02	1.000000e+00	1.000000e-01	STATE 2 PHASE 1
516	-1.000000e+00	1.299871e-01	1.000000e+00	1.000000e-01	STATE 3 PHASE 1
517	-1.000000e+00	8.162780e-02	1.000000e+00	1.000000e-01	STATE 1 PHASE 1
518	-1.000000e+00	-3.604949e-02	1.000000e+00	1.000000e-01	STATE 2 PHASE 1
519	-1.000000e+00	1.302946e-01	1.000000e+00	1.000000e-01	STATE 3 PHASE 1
520	-1.000000e+00	8.275758e-02	1.000000e+00	1.000000e-01	STATE 1 PHASE 1
521	-1.000000e+00	-3.586815e-02	1.000000e+00	1.000000e-01	STATE 2 PHASE 1
522	-1.000000e+00	1.305942e-01	1.000000e+00	1.000000e-01	STATE 3 PHASE 1
523	-1.000000e+00	8.388823e-02	1.000000e+00	1.000000e-01	STATE 1 PHASE 1
524	-1.000000e+00	-3.567620e-02	1.000000e+00	1.000000e-01	STATE 2 PHASE 1
525	-1.000000e+00	1.308860e-01	1.000000e+00	1.000000e-01	STATE 3 PHASE 1
526	-1.000000e+00	8.501961e-02	1.000000e+00	1.000000e-01	STATE 1 PHASE 1
527	-1.000000e+00	-3.547368e-02	1.000000e+00	1.000000e-01	STATE 2 PHASE 1
528	-1.000000e+00	1.311700e-01	1.000000e+00	1.000000e-01	STATE 3 PHASE 1
529	-1.000000e+00	8.615169e-02	1.000000e+00	1.000000e-01	STATE 1 PHASE 1
530	-1.000000e+00	-3.526136e-02	1.000000e+00	1.000000e-01	STATE 2 PHASE 1
531	-1.000000e+00	1.314469e-01	1.000000e+00	1.000000e-01	STATE 3 PHASE 1
532	-1.000000e+00	8.690666e-02	1.000000e+00	1.000000e-01	STATE 1 PHASE 1
533	-1.000000e+00	-3.511401e-02	1.000000e+00	1.000000e-01	STATE 2 PHASE 1
534	-1.000000e+00	1.316273e-01	1.000000e+00	1.000000e-01	STATE 3 PHASE 1
535	-1.000000e+00	8.766169e-02	1.000000e+00	1.000000e-01	STATE 1 PHASE 1
536	-1.000000e+00	-3.496157e-02	1.000000e+00	1.000000e-01	STATE 2 PHASE 1
537	-1.000000e+00	1.318040e-01	1.000000e+00	1.000000e-01	STATE 3 PHASE 1
538	-1.000000e+00	8.841672e-02	1.000000e+00	1.000000e-01	STATE 1 PHASE 1
539	-1.000000e+00	-3.480406e-02	1.000000e+00	1.000000e-01	STATE 2 PHASE 1
540	-1.000000e+00	1.319769e-01	1.000000e+00	1.000000e-01	STATE 3 PHASE 1
541	-1.000000e+00	8.954936e-02	1.000000e+00	1.000000e-01	STATE 1 PHASE 1
542	-1.000000e+00	-3.455922e-02	1.000000e+00	1.000000e-01	STATE 2 PHASE 1
543	-1.000000e+00	1.322302e-01	1.000000e+00	1.000000e-01	STATE 3 PHASE 1
544	-1.000000e+00	9.068213e-02	1.000000e+00	1.000000e-01	STATE 1 PHASE 1
545	-1.000000e+00	-3.430484e-02	1.000000e+00	1.000000e-01	STATE 2 PHASE 1
546	-1.000000e+00	1.324766e-01	1.000000e+00	1.000000e-01	STATE 3 PHASE 1
547	-1.000000e+00	9.181476e-02	1.000000e+00	1.000000e-01	STATE 1 PHASE 1
548	-1.000000e+00	-3.404030e-02	1.000000e+00	1.000000e-01	STATE 2 PHASE 1
549	-1.000000e+00	1.327157e-01	1.000000e+00	1.000000e-01	STATE 3 PHASE 1
550	-1.000000e+00	9.294693e-02	1.000000e+00	1.000000e-01	STATE 1 PHASE 1
551	-1.000000e+00	-3.376496e-02	1.000000e+00	1.000000e-01	STATE 2 PHASE 1
552	-1.000000e+00	1.329470e-01	1.000000e+00	1.000000e-01	STATE 3 PHASE 1
553	-1.000000e+00	9.445581e-02	1.000000e+00	1.000000e-01	STATE 1 PHASE 1
554	-1.000000e+00	-3.338226e-02	1.000000e+00	1.000000e-01	STATE 2 PHASE 1
555	-1.000000e+00	1.332443e-01	1.000000e+00	1.000000e-01	STATE 3 PHASE 1
556	-1.000000e+00	9.596388e-02	1.000000e+00	1.000000e-01	STATE 1 PHASE 1
557	-1.000000e+00	-3.298286e-02	1.000000e+00	1.000000e-01	STATE 2 PHASE 1
558	-1.000000e+00	1.335296e-01	1.000000e+00	1.000000e-01	STATE 3 PHASE 1
559	-1.000000e+00	9.747086e-02	1.000000e+00	1.000000e-01	STATE 1 PHASE 1
560	-1.000000e+00	-3.256693e-02	1.000000e+00	1.000000e-01	STATE 2 PHASE 1
561	-1.000000e+00	1.338033e-01	1.000000e+00	1.000000e-01	STATE 3 PHASE 1
562	-1.000000e+00	9.860006e-02	1.000000e+00	1.000000e-01	STATE 1 PHASE 1
563	-1.000000e+00	-3.224363e-02	1.000000e+00	1.000000e-01	STATE 2 PHASE 1
564	-1.000000e+00	1.340004e-01	1.000000e+00	1.000000e-01	STATE 3 PHASE 1
565	-1.000000e+00	9.972802e-02	1.000000e+00	1.000000e-01	STATE 1 PHASE 1
566	-1.000000e+00	-3.191001e-02	1.000000e+00	1.000000e-01	STATE 2 PHASE 1
567	-1.000000e+00	1.341902e-01	1.000000e+00	1.000000e-01	STATE 3 PHASE 1
568	-1.000000e+00	1.008548e-01	1.000000e+00	1.000000e-01	STATE 1 PHASE 1
569	-1.000000e+00	-3.156684e-02	1.000000e+00	1.000000e-01	STATE 2 PHASE 1
570	-1.000000e+00	1.343733e-01	1.000000e+00	1.000000e-01	STATE 3 PHASE 1
571	-1.000000e+00	1.019803e-01	1.000000e+00	1.000000e-01	STATE 1 PHASE 1
572	-1.000000e+00	-3.121420e-02	1.000000e+00	1.000000e-01	STATE 2 PHASE 1
573	-1.000000e+00	1.345496e-01	1.000000e+00	1.000000e-01	STATE 3 PHASE 1
574	-1.000000e+00	1.031045e-01	1.000000e+00	1.000000e-01	STATE 1 PHASE 1
575	-1.000000e+00	-3.085218e-02	1.000000e+00	1.000000e-01	STATE 2 PHASE 1
576	-1.000000e+00	1.347193e-01	1.000000e+00	1.000000e-01	STATE 3 PHASE 1
577	-1.000000e+00	1.042271e-01	1.000000e+00	1.000000e-01	STATE 1 PHASE 1
578	-1.000000e+00	-3.048087e-02	1.000000e+00	1.000000e-01	STATE 2 PHASE 1
579	-1.000000e+00	1.348825e-01	1.000000e+00	1.000000e-01	STATE 3 PHASE 1
580	-1.000000e+00	1.053482e-01	1.000000e+00	1.000000e-01	STATE 1 PHASE 1
581	-1.000000e+00	-3.010035e-02	1.000000e+00	1.000000e-01	STATE 2 PHASE 1
582	-1.000000e+00	1.350391e-01	1.000000e+00	1.000000e-01	STATE 3 PHASE 1
583	-1.000000e+00	1.064677e-01	1.000000e+00	1.000000e-01	STATE 1 PHASE 1
584	-1.000000e+00	-2.971138e-02	1.000000e+00	1.000000e-01	STATE 2 PHASE 1
585	-1.000000e+00	1.351898e-01	1.000000e+00	1.000000e-01	STATE 3 PHASE 1
586	-1.000000e+00	1.072131e-01	1.000000e+00	1.000000e-01	STATE 1 PHASE 1
587	-1.000000e+00	-2.944703e-02	1.000000e+00	1.000000e-01	STATE 2 PHASE 1
588	-1.000000e+00	1.352868e-01	1.000000e+00	1.000000e-01	STATE 3 PHASE 1
589	-1.000000e+00	1.079575e-01	1.000000e+00	1.000000e-01	STATE 1 PHASE 1
590	-1.000000e+00	-2.917825e-02	1.000000e+00	1.000000e-01	STATE 2 PHASE 1
591	-1.000000e+00	1.353805e-01	1.000000e+00	1.000000e-01	STATE 3 PHASE 1
592	-1.000000e+00	1.087010e-01	1.000000e+00	1.000000e-01	STATE 1 PHASE 1
593	-1.000000e+00	-2.890551e-02	1.000000e+00	1.000000e-01	STATE 2 PHASE 1
594	-1.000000e+00	1.354715e-01	1.000000e+00	1.000000e-01	STATE 3 PHASE 1
595	-1.000000e+00	1.094436e-01	1.000000e+00	1.000000e-01	STATE 1 PHASE 1
596	-1.000000e+00	-2.862884e-02	1.000000e+00	1.000000e-01	STATE 2 PHASE 1
597	-1.000000e+00	1.355598e-01	1.000000e+00	1.000000e-01	STATE 3 PHASE 1
598	-1.000000e+00	1.101853e-01	1.000000e+00	1.000000e-01	STATE 1 PHASE 1
599	-1.000000e+00	-2.834825e-02	1.000000e+00	1.000000e-01	STATE 2 PHASE 1
600	-1.000000e+00	1.356453e-01	1.000000e+00	1.000000e-01	STATE 3 PHASE 1
601	-1.000000e+00	1.109261e-01	1.000000e+00	1.000000e-01	STATE 1 PHASE 1
602	-1.000000e+00	-2.806378e-02	1.000000e+00	1.000000e-01	STATE 2 PHASE 1
603	-1.000000e+00	1.357280e-01	1.000000e+00	1.000000e-01	STATE 3 PHASE 1
604	-1.000000e+00	1.116658e-01	1.000000e+00	1.000000e-01	STATE 1 PHASE 1
605	-1.000000e+00	-2.777546e-02	1.000000e+00	1.000000e-01	STATE 2 PHASE 1
606	-1.000000e+00	1.358080e-01	1.000000e+00	1.000000e-01	STATE 3 PHASE 1
607	-1.000000e+00	1.124042e-01	1.000000e+00	1.000000e-01	STATE 1 PHASE 1
608	-1.000000e+00	-2.748245e-02	1.000000e+00	1.000000e-01	STATE 2 PHASE 1
609	-1.000000e+00	1.358847e-01	1.000000e+00	1.000000e-01	STATE 3 PHASE 1
610	-1.000000e+00	1.138779e-01	1.000000e+00	1.000000e-01	STATE 1 PHASE 1
611	-1.000000e+00	-2.688506e-02	1.000000e+00	1.000000e-01	STATE 2 PHASE 1
612	-1.000000e+00	1.360302e-01	1.000000e+00	1.000000e-01	STATE 3 PHASE 1
613	-1.000000e+00	1.153482e-01	1.000000e+00	1.000000e-01	STATE 1 PHASE 1
614	-1.000000e+00	-2.627528e-02	1.000000e+00	1.000000e-01	STATE 2 PHASE 1
615	-1.000000e+00	1.361669e-01	1.000000e+00	1.000000e-01	STATE 3 PHASE 1
616	-1.000000e+00	1.164480e-01	1.000000e+00	1.000000e-01	STATE 1 PHASE 1
617	-1.000000e+00	-2.580822e-02	1.000000e+00	1.000000e-01	STATE 2 PHASE 1
618	-1.000000e+00	1.362626e-01	1.000000e+00	1.000000e-01	STATE 3 PHASE 1
619	-1.000000e+00	1.175452e-01	1.000000e+00	1.000000e-01	STATE 1 PHASE 1
620	-1.000000e+00	-2.533295e-02	1.000000e+00	1.000000e-01	STATE 2 PHASE 1
621	-1.000000e+00	1.363525e-01	1.000000e+00	1.000000e-01	STATE 3 PHASE 1
622	-1.000000e+00	1.182751e-01	1.000000e+00	1.000000e-01	STATE 1 PHASE 1
623	-1.000000e+00	-2.501158e-02	1.000000e+00	1.000000e-01	STATE 2 PHASE 1
624	-1.000000e+00	1.364093e-01	1.000000e+00	1.000000e-01	STATE 3 PHASE 1
625	-1.000000e+00	1.190036e-01	1.000000e+00	1.000000e-01	STATE 1 PHASE 1
626	-1.000000e+00	-2.468621e-02	1.000000e+00	1.000000e-01	STATE 2 PHASE 1
627	-1.000000e+00	1.364632e-01	1.000000e+00	1.000000e-01	STATE 3 PHASE 1
628	-1.000000e+00	1.197307e-01	1.000000e+00	1.000000e-01	STATE 1 PHASE 1
629	-1.000000e+00	-2.435687e-02	1.000000e+00	1.000000e-01	STATE 2 PHASE 1
630	-1.000000e+00	1.365143e-01	1.000000e+00	1.000000e-01	STATE 3 PHASE 1
631	-1.000000e+00	1.208189e-01	1.000000e+00	1.000000e-01	STATE 1 PHASE 1
632	-1.000000e+00	-2.385627e-02	1.000000e+00	1.000000e-01	STATE 2 PHASE 1
633	-1.000000e+00	1.365863e-01	1.000000e+00	1.000000e-01	STATE 3 PHASE 1
634	-1.000000e+00	1.219035e-01	1.000000e+00	1.000000e-01	STATE 1 PHASE 1
635	-1.000000e+00	-2.334663e-02	1.000000e+00	1.000000e-01	STATE 2 PHASE 1
636	-1.000000e+00	1.366519e-01	1.000000e+00	1.000000e-01	STATE 3 PHASE 1
637	-1.000000e+00	1.240635e-01	1.000000e+00	1.000000e-01	STATE 1 PHASE 1
638	-1.000000e+00	-2.230426e-02	1.000000e+00	1.000000e-01	STATE 2 PHASE 1
639	-1.000000e+00	1.367666e-01	1.000000e+00	1.000000e-01	STATE 3 PHASE 1
640	-1.000000e+00	1.262126e-01	1.000000e+00	1.000000e-01	STATE 1 PHASE 1
641	-1.000000e+00	-2.123535e-02	1.000000e+00	1.000000e-01	STATE 2 PHASE 1
642	-1.000000e+00	1.368625e-01	1.000000e+00	1.000000e-01	STATE 3 PHASE 1
643	-1.000000e+00	1.283484e-01	1.000000e+00	1.000000e-01	STATE 1 PHASE 1
644	-1.000000e+00	-2.013696e-02	1.000000e+00	1.000000e-01	STATE 2 PHASE 1
645	-1.000000e+00	1.369374e-01	1.000000e+00	1.000000e-01	STATE 3 PHASE 1
646	-1.000000e+00	1.304714e-01	1.000000e+00	1.000000e-01	STATE 1 PHASE 1
647	-1.000000e+00	-1.901157e-02	1.000000e+00	1.000000e-01	STATE 2 PHASE 1
648	-1.000000e+00	1.369929e-01	1.000000e+00	1.000000e-01	STATE 3 PHASE 1
649	-1.000000e+00	1.320544e-01	1.000000e+00	1.000000e-01	STATE 1 PHASE 1
650	-1.000000e+00	-1.814910e-02	1.000000e+00	1.000000e-01	STATE 2 PHASE 1
651	-1.000000e+00	1.370213e-01	1.000000e+00	1.000000e-01	STATE 3 PHASE 1
652	-1.000000e+00	1.336285e-01	1.000000e+00	1.000000e-01	STATE 1 PHASE 1
653	-1.000000e+00	-1.726994e-02	1.000000e+00	1.000000e-01	STATE 2 PHASE 1
654	-1.000000e+00	1.370376e-01	1.000000e+00	1.000000e-01	STATE 3 PHASE 1
655	-1.000000e+00	1.351943e-01	1.000000e+00	1.000000e-01	STATE 1 PHASE 1
656	-1.000000e+00	-1.637567e-02	1.000000e+00	1.000000e-01	STATE 2 PHASE 1
657	-1.000000e+00	1.370429e-01	1.000000e+00	1.000000e-01	STATE 3 PHASE 1
658	-1.000000e+00	1.367508e-01	1.000000e+00	1.000000e-01	STATE 1 PHASE 1
659	-1.000000e+00	-1.546541e-02	1.000000e+00	1.000000e-01	STATE 2 PHASE 1
660	-1.000000e+00	1.370366e-01	1.000000e+00	1.000000e-01	STATE 3 PHASE 1
661	-1.000000e+00	1.388125e-01	1.000000e+00	1.000000e-01	STATE 1 PHASE 1
662	-1.000000e+00	-1.422931e-02	1.000000e+00	1.000000e-01	STATE 2 PHASE 1
663	-1.000000e+00	1.370117e-01	1.000000e+00	1.000000e-01	STATE 3 PHASE 1
664	-1.000000e+00	1.408594e-01	1.000000e+00	1.000000e-01	STATE 1 PHASE 1
665	-1.000000e+00	-1.296985e-02	1.000000e+00	1.000000e-01	STATE 2 PHASE 1
666	-1.000000e+00	1.369695e-01	1.000000e+00	1.000000e-01	STATE 3 PHASE 1
667	-1.000000e+00	1.428920e-01	1.000000e+00	1.000000e-01	STATE 1 PHASE 1
668	-1.000000e+00	-1.168917e-02	1.000000e+00	1.000000e-01	STATE 2 PHASE 1
669	-1.000000e+00	1.369115e-01	1.000000e+00	1.000000e-01	STATE 3 PHASE 1
670	-1.000000e+00	1.439022e-01	1.000000e+00	1.000000e-01	STATE 1 PHASE 1
671	-1.000000e+00	-1.103992e-02	1.000000e+00	1.000000e-01	STATE 2 PHASE 1
672	-1.000000e+00	1.368758e-01	1.000000e+00	1.000000e-01	STATE 3 PHASE 1
673	-1.000000e+00	1.449069e-01	1.000000e+00	1.000000e-01	STATE 1 PHASE 1
674	-1.000000e+00	-1.038287e-02	1.000000e+00	1.000000e-01	STATE 2 PHASE 1
675	-1.000000e+00	1.368343e-01	1.000000e+00	1.000000e-01	STATE 3 PHASE 1
676	-1.000000e+00	1.462399e-01	1.000000e+00	1.000000e-01	STATE 1 PHASE 1
677	-1.000000e+00	-9.497943e-03	1.000000e+00	1.000000e-01	STATE 2 PHASE 1
678	-1.000000e+00	1.367722e-01	1.000000e+00	1.000000e-01	STATE 3 PHASE 1
679	-1.000000e+00	1.475658e-01	1.000000e+00	1.000000e-01	STATE 1 PHASE 1
680	-1.000000e+00	-8.603756e-03	1.000000e+00	1.000000e-01	STATE 2 PHASE 1
681	-1.000000e+00	1.367031e-01	1.000000e+00	1.000000e-01	STATE 3 PHASE 1
682	-1.000000e+00	1.488845e-01	1.000000e+00	1.000000e-01	STATE 1 PHASE 1
683	-1.000000e+00	-7.700487e-03	1.000000e+00	1.000000e-01	STATE 2 PHASE 1
684	-1.000000e+00	1.366269e-01	1.000000e+00	1.000000e-01	STATE 3 PHASE 1
685	-1.000000e+00	1.498685e-01	1.000000e+00	1.000000e-01	STATE 1 PHASE 1
686	-1.000000e+00	-7.016775e-03	1.000000e+00	1.000000e-01	STATE 2 PHASE 1
687	-1.000000e+00	1.365650e-01	1.000000e+00	1.000000e-01	STATE 3 PHASE 1
688	-1.000000e+00	1.508468e-01	1.000000e+00	1.000000e-01	STATE 1 PHASE 1
689	-1.000000e+00	-6.325937e-03	1.000000e+00	1.000000e-01	STATE 2 PHASE 1
690	-1.000000e+00	1.364976e-01	1.000000e+00	1.000000e-01	STATE 3 PHASE 1
691	-1.000000e+00	1.527902e-01	1.000000e+00	1.000000e-01	STATE 1 PHASE 1
692	-1.000000e+00	-4.928885e-03	1.000000e+00	1.000000e-01	STATE 2 PHASE 1
693	-1.000000e+00	1.363508e-01	1.000000e+00	1.000000e-01	STATE 3 PHASE 1
694	-1.000000e+00	1.547186e-01	1.000000e+00	1.000000e-01	STATE 1 PHASE 1
695	-1.000000e+00	-3.515951e-03	1.000000e+00	1.000000e-01	STATE 2 PHASE 1
696	-1.000000e+00	1.361911e-01	1.000000e+00	1.000000e-01	STATE 3 PHASE 1
697	-1.000000e+00	1.561543e-01	1.000000e+00	1.000000e-01	STATE 1 PHASE 1
698	-1.000000e+00	-2.444979e-03	1.000000e+00	1.000000e-01	STATE 2 PHASE 1
699	-1.000000e+00	1.360622e-01	1.000000e+00	1.000000e-01	STATE 3 PHASE 1
700	-1.000000e+00	1.568680e-01	1.000000e+00	1.000000e-01	STATE 1 PHASE 1
701	-1.000000e+00	-1.904992e-03	1.000000e+00	1.000000e-01	STATE 2 PHASE 1
702	-1.000000e+00	1.359942e-01	1.000000e+00	1.000000e-01	STATE 3 PHASE 1
703	-1.000000e+00	1.575783e-01	1.000000e+00	1.000000e-01	STATE 1 PHASE 1
704	-1.000000e+00	-1.361415e-03	1.000000e+00	1.000000e-01	STATE 2 PHASE 1
705	-1.000000e+00	1.359233e-01	1.000000e+00	1.000000e-01	STATE 3 PHASE 1
706	-1.000000e+00	1.585214e-01	1.000000e+00	1.000000e-01	STATE 1 PHASE 1
707	-1.000000e+00	-6.326489e-04	1.000000e+00	1.000000e-01	STATE 2 PHASE 1
708	-1.000000e+00	1.358256e-01	1.000000e+00	1.000000e-01	STATE 3 PHASE 1
709	-1.000000e+00	1.594602e-01	1.000000e+00	1.000000e-01	STATE 1 PHASE 1
710	-1.000000e+00	1.002913e-04	1.000000e+00	1.000000e-01	STATE 2 PHASE 1
711	-1.000000e+00	1.357244e-01	1.000000e+00	1.000000e-01	STATE 3 PHASE 1
712	-1.000000e+00	1.603943e-01	1.000000e+00	1.000000e-01	STATE 1 PHASE 1
713	-1.000000e+00	8.376451e-04	1.000000e+00	1.000000e-01	STATE 2 PHASE 1
714	-1.000000e+00	1.356195e-01	1.000000e+00	1.000000e-01	STATE 3 PHASE 1
715	-1.000000e+00	1.613239e-01	1.000000e+00	1.000000e-01	STATE 1 PHASE 1
716	-1.000000e+00	1.579331e-03	1.000000e+00	1.000000e-01	STATE 2 PHASE 1
717	-1.000000e+00	1.355110e-01	1.000000e+00	1.000000e-01	STATE 3 PHASE 1
718	-1.000000e+00	1.622478e-01	1.000000e+00	1.000000e-01	STATE 1 PHASE 1
719	-1.000000e+00	2.326472e-03	1.000000e+00	1.000000e-01	STATE 2 PHASE 1
720	-1.000000e+00	1.353980e-01	1.000000e+00	1.000000e-01	STATE 3 PHASE 1
721	-1.000000e+00	1.640815e-01	1.000000e+00	1.000000e-01	STATE 1 PHASE 1
722	-1.000000e+00	3.833129e-03	1.000000e+00	1.000000e-01	STATE 2 PHASE 1
723	-1.000000e+00	1.351614e-01	1.000000e+00	1.000000e-01	STATE 3 PHASE 1
724	-1.000000e+00	1.658984e-01	1.000000e+00	1.000000e-01	STATE 1 PHASE 1
725	-1.000000e+00	5.353408e-03	1.000000e+00	1.000000e-01	STATE 2 PHASE 1
726	-1.000000e+00	1.349128e-01	1.000000e+00	1.000000e-01	STATE 3 PHASE 1
727	-1.000000e+00	1.676964e-01	1.000000e+00	1.000000e-01	STATE 1 PHASE 1
728	-1.000000e+00	6.889102e-03	1.000000e+00	1.000000e-01	STATE 2 PHASE 1
729	-1.000000e+00	1.346506e-01	1.000000e+00	1.000000e-01	STATE 3 PHASE 1
730	-1.000000e+00	1.694754e-01	1.000000e+00	1.000000e-01	STATE 1 PHASE 1
731	-1.000000e+00	8.439593e-03	1.000000e+00	1.000000e-01	STATE 2 PHASE 1
732	-1.000000e+00	1.343751e-01	1.000000e+00	1.000000e-01	STATE 3 PHASE 1
733	-1.000000e+00	1.712392e-01	1.000000e+00	1.000000e-01	STATE 1 PHASE 1
734	-1.000000e+00	1.000000e-02	1.000000e+00	1.000000e-01	STATE 2 PHASE 1
735	-1.000000e+00	1.340898e-01	1.000000e+00	1.000000e-01	STATE 3 PHASE 1
736	0.000000e+00	0.000000e+00	0.000000e+00	5.000000e-01	t0 PHASE 1
737	1.000000e+00	1.000000e+00	1.000000e+00	5.000000e-01	tf PHASE 1