
***** Phase 1 differential defect constraints *****
LOWER		G(X)		UPPER		SCALING
0.000000e+00	-1.829948e-18	0.000000e+00	9.365175e-05 ***
0.000000e+00	-1.651945e-17	0.000000e+00	5.619108e-05 ***
0.000000e+00	-7.175297e-21	0.000000e+00	9.364993e-05 ***
0.000000e+00	-3.340077e-18	0.000000e+00	4.700740e-04 ***
0.000000e+00	1.625659e-10	0.000000e+00	1.404759e-03 ***
0.000000e+00	-3.118155e-20	0.000000e+00	9.361948e-05 ***
0.000000e+00	3.271391e-18	0.000000e+00	3.955177e-04 ***
0.000000e+00	-1.268871e-16	0.000000e+00	2.373126e-04 ***
0.000000e+00	8.230515e-21	0.000000e+00	3.953807e-04 ***
0.000000e+00	4.299945e-18	0.000000e+00	8.068847e-04 ***
0.000000e+00	-2.786954e-10	0.000000e+00	5.931442e-03 ***
0.000000e+00	7.273097e-16	0.000000e+00	3.953068e-04 ***
0.000000e+00	-3.225443e-18	0.000000e+00	6.052544e-04 ***
0.000000e+00	1.386967e-17	0.000000e+00	3.631596e-04 ***
0.000000e+00	1.678557e-20	0.000000e+00	6.047639e-04 ***
0.000000e+00	0.000000e+00	0.000000e+00	8.350143e-04
0.000000e+00	3.238252e-10	0.000000e+00	9.074075e-03 ***
0.000000e+00	3.547436e-15	0.000000e+00	6.044962e-04 ***
0.000000e+00	1.469061e-18	0.000000e+00	8.270081e-04 ***
0.000000e+00	1.472053e-16	0.000000e+00	4.962227e-04 ***
0.000000e+00	5.729848e-20	0.000000e+00	8.257582e-04 ***
0.000000e+00	-2.252751e-18	0.000000e+00	8.454576e-04 ***
0.000000e+00	-3.793799e-10	0.000000e+00	1.239304e-02 ***
0.000000e+00	2.090549e-13	0.000000e+00	8.250649e-04 ***
0.000000e+00	-2.092050e-18	0.000000e+00	1.046862e-03 ***
0.000000e+00	4.184342e-17	0.000000e+00	6.281533e-04 ***
0.000000e+00	-2.898598e-20	0.000000e+00	1.044330e-03 ***
0.000000e+00	1.321335e-18	0.000000e+00	8.501090e-04 ***
0.000000e+00	4.379775e-10	0.000000e+00	1.567843e-02 ***
0.000000e+00	-2.156389e-12	0.000000e+00	1.042895e-03 ***
0.000000e+00	3.641670e-18	0.000000e+00	1.261586e-03 ***
0.000000e+00	-9.816532e-17	0.000000e+00	7.570159e-04 ***
0.000000e+00	-5.233992e-20	0.000000e+00	1.257163e-03 ***
0.000000e+00	-7.572114e-19	0.000000e+00	8.525443e-04 ***
0.000000e+00	-5.017753e-10	0.000000e+00	1.888099e-02 ***
0.000000e+00	-2.612088e-12	0.000000e+00	1.254587e-03 ***
0.000000e+00	2.283713e-18	0.000000e+00	1.469276e-03 ***
0.000000e+00	7.360935e-17	0.000000e+00	8.816676e-04 ***
0.000000e+00	-8.117407e-20	0.000000e+00	1.462302e-03 ***
0.000000e+00	-1.516953e-18	0.000000e+00	8.539685e-04 ***
0.000000e+00	5.742229e-10	0.000000e+00	2.197161e-02 ***
0.000000e+00	-7.789848e-12	0.000000e+00	1.458109e-03 ***
0.000000e+00	1.852289e-18	0.000000e+00	1.668394e-03 ***
0.000000e+00	-8.981255e-17	0.000000e+00	1.001188e-03 ***
0.000000e+00	2.301223e-20	0.000000e+00	1.658206e-03 ***
0.000000e+00	-3.321834e-19	0.000000e+00	8.548692e-04 ***
0.000000e+00	-6.600492e-10	0.000000e+00	2.492719e-02 ***
0.000000e+00	-1.577008e-11	0.000000e+00	1.651853e-03 ***
0.000000e+00	-2.474785e-18	0.000000e+00	1.857573e-03 ***
0.000000e+00	-5.148532e-17	0.000000e+00	1.114756e-03 ***
0.000000e+00	-7.675302e-20	0.000000e+00	1.843546e-03 ***
0.000000e+00	-6.885798e-19	0.000000e+00	8.554725e-04 ***
0.000000e+00	7.662373e-10	0.000000e+00	2.772759e-02 ***
0.000000e+00	4.602078e-12	0.000000e+00	1.834436e-03 ***
0.000000e+00	1.129963e-17	0.000000e+00	2.035560e-03 ***
0.000000e+00	-4.448570e-17	0.000000e+00	1.221621e-03 ***
0.000000e+00	1.119743e-19	0.000000e+00	2.017150e-03 ***
0.000000e+00	1.520374e-18	0.000000e+00	8.558942e-04 ***
0.000000e+00	-9.040464e-10	0.000000e+00	3.035478e-02 ***
0.000000e+00	-4.144880e-12	0.000000e+00	2.004652e-03 ***
0.000000e+00	-1.564043e-17	0.000000e+00	2.201194e-03 ***
0.000000e+00	8.917531e-17	0.000000e+00	1.321085e-03 ***
0.000000e+00	-1.209021e-19	0.000000e+00	2.177978e-03 ***
0.000000e+00	-1.568443e-18	0.000000e+00	8.561988e-04 ***
0.000000e+00	1.093418e-09	0.000000e+00	3.279254e-02 ***
0.000000e+00	3.364072e-11	0.000000e+00	2.161448e-03 ***
0.000000e+00	3.657930e-18	0.000000e+00	2.353408e-03 ***
0.000000e+00	-6.649164e-17	0.000000e+00	1.412508e-03 ***
0.000000e+00	3.226745e-20	0.000000e+00	2.325115e-03 ***
0.000000e+00	9.508218e-19	0.000000e+00	8.564241e-04 ***
0.000000e+00	-1.373944e-09	0.000000e+00	3.502633e-02 ***
0.000000e+00	2.797912e-11	0.000000e+00	2.303925e-03 ***
0.000000e+00	-1.106326e-18	0.000000e+00	2.491225e-03 ***
0.000000e+00	-1.288253e-16	0.000000e+00	1.495303e-03 ***
0.000000e+00	-2.217039e-19	0.000000e+00	2.457761e-03 ***
0.000000e+00	6.657070e-19	0.000000e+00	8.565937e-04 ***
0.000000e+00	1.837720e-09	0.000000e+00	3.704326e-02 ***
0.000000e+00	4.204642e-11	0.000000e+00	2.431332e-03 ***
0.000000e+00	1.044671e-17	0.000000e+00	2.613766e-03 ***
0.000000e+00	6.131402e-17	0.000000e+00	1.568942e-03 ***
0.000000e+00	2.680387e-19	0.000000e+00	2.575230e-03 ***
0.000000e+00	0.000000e+00	0.000000e+00	8.567225e-04
0.000000e+00	-2.760710e-09	0.000000e+00	3.883202e-02 ***
0.000000e+00	-2.450379e-12	0.000000e+00	2.543062e-03 ***
0.000000e+00	-1.087231e-17	0.000000e+00	2.720252e-03 ***
0.000000e+00	-1.464858e-16	0.000000e+00	1.632954e-03 ***
0.000000e+00	-2.321873e-19	0.000000e+00	2.676937e-03 ***
0.000000e+00	-1.902524e-19	0.000000e+00	8.568207e-04 ***
0.000000e+00	5.522240e-09	0.000000e+00	4.038286e-02 ***
0.000000e+00	-4.731632e-11	0.000000e+00	2.638651e-03 ***
0.000000e+00	6.239470e-18	0.000000e+00	2.810008e-03 ***
0.000000e+00	-7.485593e-11	0.000000e+00	1.686933e-03 ***
0.000000e+00	9.583995e-20	0.000000e+00	2.762398e-03 ***
0.000000e+00	3.805378e-19	0.000000e+00	8.568950e-04 ***
0.000000e+00	2.285197e-17	0.000000e+00	4.168754e-02 ***
0.000000e+00	4.942862e-12	0.000000e+00	2.717765e-03 ***
0.000000e+00	-1.536087e-17	0.000000e+00	2.882467e-03 ***
0.000000e+00	1.998130e-17	0.000000e+00	1.730534e-03 ***
0.000000e+00	-3.143287e-19	0.000000e+00	2.831221e-03 ***
0.000000e+00	3.805622e-19	0.000000e+00	8.569500e-04 ***
0.000000e+00	-5.506415e-09	0.000000e+00	4.273928e-02 ***
0.000000e+00	-5.795217e-12	0.000000e+00	2.780200e-03 ***
0.000000e+00	1.173930e-17	0.000000e+00	2.937173e-03 ***
0.000000e+00	-4.698859e-18	0.000000e+00	1.763482e-03 ***
0.000000e+00	-3.000827e-20	0.000000e+00	2.883098e-03 ***
0.000000e+00	-1.712608e-18	0.000000e+00	8.569889e-04 ***
0.000000e+00	2.745729e-09	0.000000e+00	4.353271e-02 ***
0.000000e+00	-2.001031e-11	0.000000e+00	2.825861e-03 ***
0.000000e+00	-2.377127e-17	0.000000e+00	2.973786e-03 ***
0.000000e+00	8.643158e-17	0.000000e+00	1.785565e-03 ***
0.000000e+00	-1.720939e-19	0.000000e+00	2.917806e-03 ***
0.000000e+00	1.902953e-19	0.000000e+00	8.570138e-04 ***
0.000000e+00	-1.824177e-09	0.000000e+00	4.406386e-02 ***
0.000000e+00	6.204987e-11	0.000000e+00	2.854759e-03 ***
0.000000e+00	2.126000e-17	0.000000e+00	2.992079e-03 ***
0.000000e+00	1.595741e-17	0.000000e+00	1.796645e-03 ***
0.000000e+00	3.666063e-19	0.000000e+00	2.935196e-03 ***
0.000000e+00	-1.141788e-18	0.000000e+00	8.570259e-04 ***
0.000000e+00	1.362479e-09	0.000000e+00	4.433009e-02 ***
0.000000e+00	-3.539985e-11	0.000000e+00	2.866990e-03 ***
0.000000e+00	-7.972141e-18	0.000000e+00	2.991944e-03 ***
0.000000e+00	1.172873e-16	0.000000e+00	1.796649e-03 ***
0.000000e+00	5.091754e-20	0.000000e+00	2.935196e-03 ***
0.000000e+00	2.664172e-18	0.000000e+00	8.570259e-04 ***
0.000000e+00	-1.084746e-09	0.000000e+00	4.433009e-02 ***
0.000000e+00	-1.429605e-11	0.000000e+00	2.862726e-03 ***
0.000000e+00	1.056360e-17	0.000000e+00	2.973390e-03 ***
0.000000e+00	-8.405338e-17	0.000000e+00	1.785579e-03 ***
0.000000e+00	-7.086221e-20	0.000000e+00	2.917806e-03 ***
0.000000e+00	9.514764e-19	0.000000e+00	8.570138e-04 ***
0.000000e+00	8.989826e-10	0.000000e+00	4.406386e-02 ***
0.000000e+00	2.968217e-11	0.000000e+00	2.842194e-03 ***
0.000000e+00	-5.216342e-18	0.000000e+00	2.936540e-03 ***
0.000000e+00	7.518268e-17	0.000000e+00	1.763504e-03 ***
0.000000e+00	-3.300910e-19	0.000000e+00	2.883098e-03 ***
0.000000e+00	-1.522318e-18	0.000000e+00	8.569889e-04 ***
0.000000e+00	-7.657405e-10	0.000000e+00	4.353271e-02 ***
0.000000e+00	-8.611889e-12	0.000000e+00	2.805669e-03 ***
0.000000e+00	2.815346e-17	0.000000e+00	2.881634e-03 ***
0.000000e+00	6.148196e-18	0.000000e+00	1.730563e-03 ***
0.000000e+00	-2.111896e-19	0.000000e+00	2.831221e-03 ***
0.000000e+00	5.708434e-19	0.000000e+00	8.569500e-04 ***
0.000000e+00	6.652733e-10	0.000000e+00	4.273928e-02 ***
0.000000e+00	3.978855e-12	0.000000e+00	2.753452e-03 ***
0.000000e+00	-6.486778e-17	0.000000e+00	2.809024e-03 ***
0.000000e+00	8.090969e-17	0.000000e+00	1.686967e-03 ***
0.000000e+00	1.629279e-19	0.000000e+00	2.762398e-03 ***
0.000000e+00	-1.522151e-18	0.000000e+00	8.568950e-04 ***
0.000000e+00	-5.865906e-10	0.000000e+00	4.168754e-02 ***
0.000000e+00	8.424649e-12	0.000000e+00	2.685864e-03 ***
0.000000e+00	9.660443e-18	0.000000e+00	2.719173e-03 ***
0.000000e+00	1.029775e-16	0.000000e+00	1.632992e-03 ***
0.000000e+00	1.764623e-19	0.000000e+00	2.676937e-03 ***
0.000000e+00	3.805048e-18	0.000000e+00	8.568207e-04 ***
0.000000e+00	5.230783e-10	0.000000e+00	4.038286e-02 ***
0.000000e+00	-8.292883e-13	0.000000e+00	2.603234e-03 ***
0.000000e+00	2.320499e-17	0.000000e+00	2.612649e-03 ***
0.000000e+00	-3.762544e-17	0.000000e+00	1.568981e-03 ***
0.000000e+00	1.965617e-19	0.000000e+00	2.575230e-03 ***
0.000000e+00	-2.282767e-18	0.000000e+00	8.567225e-04 ***
0.000000e+00	-4.705077e-10	0.000000e+00	3.883202e-02 ***
0.000000e+00	-5.287008e-12	0.000000e+00	2.505895e-03 ***
0.000000e+00	0.000000e+00	0.000000e+00	2.490126e-03
0.000000e+00	-5.312520e-17	0.000000e+00	1.495341e-03 ***
0.000000e+00	-5.883680e-19	0.000000e+00	2.457761e-03 ***
0.000000e+00	8.178686e-18	0.000000e+00	8.565937e-04 ***
0.000000e+00	4.260375e-10	0.000000e+00	3.704326e-02 ***
0.000000e+00	-1.869988e-11	0.000000e+00	2.394186e-03 ***
0.000000e+00	-1.671464e-17	0.000000e+00	2.352376e-03 ***
0.000000e+00	-1.380050e-17	0.000000e+00	1.412544e-03 ***
0.000000e+00	7.260176e-19	0.000000e+00	2.325115e-03 ***
0.000000e+00	-1.331150e-18	0.000000e+00	8.564241e-04 ***
0.000000e+00	-3.876772e-10	0.000000e+00	3.502633e-02 ***
0.000000e+00	-5.408460e-12	0.000000e+00	2.268453e-03 ***
0.000000e+00	7.035233e-17	0.000000e+00	2.200269e-03 ***
0.000000e+00	4.224196e-17	0.000000e+00	1.321117e-03 ***
0.000000e+00	-9.067655e-20	0.000000e+00	2.177978e-03 ***
0.000000e+00	3.802286e-19	0.000000e+00	8.561988e-04 ***
0.000000e+00	3.539777e-10	0.000000e+00	3.279254e-02 ***
0.000000e+00	4.984998e-14	0.000000e+00	2.129071e-03 ***
0.000000e+00	0.000000e+00	0.000000e+00	2.034769e-03
0.000000e+00	4.448670e-17	0.000000e+00	1.221648e-03 ***
0.000000e+00	1.119743e-19	0.000000e+00	2.017150e-03 ***
0.000000e+00	-3.420841e-18	0.000000e+00	8.558942e-04 ***
0.000000e+00	-3.238442e-10	0.000000e+00	3.035478e-02 ***
0.000000e+00	3.331766e-12	0.000000e+00	1.976458e-03 ***
0.000000e+00	-5.277715e-17	0.000000e+00	1.856931e-03 ***
0.000000e+00	6.980361e-17	0.000000e+00	1.114778e-03 ***
0.000000e+00	2.558434e-20	0.000000e+00	1.843546e-03 ***
0.000000e+00	4.178967e-18	0.000000e+00	8.554725e-04 ***
0.000000e+00	2.964168e-10	0.000000e+00	2.772759e-02 ***
0.000000e+00	3.030006e-12	0.000000e+00	1.811112e-03 ***
0.000000e+00	7.110690e-17	0.000000e+00	1.667901e-03 ***
0.000000e+00	6.669362e-18	0.000000e+00	1.001205e-03 ***
0.000000e+00	4.602446e-20	0.000000e+00	1.658206e-03 ***
0.000000e+00	1.528044e-17	0.000000e+00	8.548692e-04 ***
0.000000e+00	-2.709889e-10	0.000000e+00	2.492719e-02 ***
0.000000e+00	1.778612e-12	0.000000e+00	1.633648e-03 ***
0.000000e+00	-1.826532e-17	0.000000e+00	1.468923e-03 ***
0.000000e+00	1.350829e-17	0.000000e+00	8.816798e-04 ***
0.000000e+00	-2.841093e-19	0.000000e+00	1.462302e-03 ***
0.000000e+00	-1.668648e-17	0.000000e+00	8.539685e-04 ***
0.000000e+00	2.469491e-10	0.000000e+00	2.197161e-02 ***
0.000000e+00	2.681781e-13	0.000000e+00	1.444846e-03 ***
0.000000e+00	-7.394030e-17	0.000000e+00	1.261354e-03 ***
0.000000e+00	-5.681546e-17	0.000000e+00	7.570240e-04 ***
0.000000e+00	-3.489328e-20	0.000000e+00	1.257163e-03 ***
0.000000e+00	6.057691e-18	0.000000e+00	8.525443e-04 ***
0.000000e+00	-2.237334e-10	0.000000e+00	1.888099e-02 ***
0.000000e+00	3.940456e-13	0.000000e+00	1.245716e-03 ***
0.000000e+00	-5.578069e-17	0.000000e+00	1.046725e-03 ***
0.000000e+00	-1.051672e-16	0.000000e+00	6.281580e-04 ***
0.000000e+00	8.695793e-20	0.000000e+00	1.044330e-03 ***
0.000000e+00	-1.132573e-17	0.000000e+00	8.501090e-04 ***
0.000000e+00	2.007888e-10	0.000000e+00	1.567843e-02 ***
0.000000e+00	1.318805e-13	0.000000e+00	1.037590e-03 ***
0.000000e+00	5.581966e-17	0.000000e+00	8.269389e-04 ***
0.000000e+00	6.787341e-17	0.000000e+00	4.962251e-04 ***
0.000000e+00	0.000000e+00	0.000000e+00	8.257582e-04
0.000000e+00	-1.051284e-17	0.000000e+00	8.454576e-04 ***
0.000000e+00	-1.775697e-10	0.000000e+00	1.239304e-02 ***
0.000000e+00	-1.168625e-14	0.000000e+00	8.223533e-04 ***
0.000000e+00	-5.805533e-17	0.000000e+00	6.052268e-04 ***
0.000000e+00	-5.386608e-17	0.000000e+00	3.631606e-04 ***
0.000000e+00	-1.678557e-20	0.000000e+00	6.047639e-04 ***
0.000000e+00	-8.899700e-18	0.000000e+00	8.350143e-04 ***
0.000000e+00	1.537943e-10	0.000000e+00	9.074075e-03 ***
0.000000e+00	-3.579348e-16	0.000000e+00	6.034044e-04 ***
0.000000e+00	7.025668e-18	0.000000e+00	3.955099e-04 ***
0.000000e+00	-2.080756e-17	0.000000e+00	2.373128e-04 ***
0.000000e+00	1.234577e-20	0.000000e+00	3.953807e-04 ***
0.000000e+00	2.579967e-17	0.000000e+00	8.068847e-04 ***
0.000000e+00	-1.335605e-10	0.000000e+00	5.931442e-03 ***
0.000000e+00	-3.705179e-16	0.000000e+00	3.949968e-04 ***
0.000000e+00	-4.242148e-17	0.000000e+00	9.365165e-05 ***
0.000000e+00	1.022110e-16	0.000000e+00	5.619108e-05 ***
0.000000e+00	-1.910221e-20	0.000000e+00	9.364993e-05 ***
0.000000e+00	6.179142e-17	0.000000e+00	4.700740e-04 ***
0.000000e+00	7.820207e-11	0.000000e+00	1.404759e-03 ***
0.000000e+00	-5.198331e-20	0.000000e+00	9.364481e-05 ***
***** Phase 1 path constraints *****
LOWER		G(X)		UPPER		SCALING
***** Phase 1 event constraints *****
LOWER		G(X)		UPPER		SCALING
0.000000e+00	0.000000e+00	0.000000e+00	6.666667e-02
8.800000e-01	8.800000e-01	8.800000e-01	4.000000e-02
0.000000e+00	0.000000e+00	0.000000e+00	6.666667e-02
0.000000e+00	-5.335160e-28	0.000000e+00	4.000000e-01 ***
-1.000000e+00	-1.000000e+00	-1.000000e+00	1.000000e+00
0.000000e+00	0.000000e+00	0.000000e+00	6.666667e-02
6.666667e-01	6.666667e-01	6.666667e-01	6.666667e-02
5.600000e-01	5.600000e-01	5.600000e-01	4.000000e-02 ***
0.000000e+00	1.235393e-22	0.000000e+00	6.666667e-02 ***
1.000000e+00	1.000000e+00	1.000000e+00	4.000000e-01
0.000000e+00	0.000000e+00	0.000000e+00	1.000000e+00
0.000000e+00	0.000000e+00	0.000000e+00	6.666667e-02
***** Phase 1 tf >= t0 constraint *****
LOWER		G(X)		UPPER		SCALING
-7.071068e-01	-7.071068e-01	0.000000e+00	7.071068e-01
***** Phase linkage constraints *****
LOWER		G(X)		UPPER		SCALING
***** Scaled Decision Variables ******************************
J	LOWER		X(J)		UPPER		SCALING		DESCRIPTION
1	-1.000000e+00	9.999947e-01	1.000000e+00	3.528905e-01	CONTROL 1 PHASE 1
2	-1.000000e+00	1.533311e-01	8.812836e-01	1.236629e+00	CONTROL 2 PHASE 1
3	-1.000000e+00	9.999689e-01	1.000000e+00	3.528905e-01	CONTROL 1 PHASE 1
4	-1.000000e+00	3.910267e-01	8.812836e-01	1.236629e+00	CONTROL 2 PHASE 1
5	-1.000000e+00	9.999555e-01	1.000000e+00	3.528905e-01	CONTROL 1 PHASE 1
6	-1.000000e+00	1.178521e-01	8.812836e-01	1.236629e+00	CONTROL 2 PHASE 1
7	-1.000000e+00	4.008075e-01	1.000000e+00	3.528905e-01	CONTROL 1 PHASE 1
8	-1.000000e+00	-5.186343e-03	8.812836e-01	1.236629e+00	CONTROL 2 PHASE 1
9	-1.000000e+00	-8.562716e-02	1.000000e+00	3.528905e-01	CONTROL 1 PHASE 1
10	-1.000000e+00	-9.587793e-02	8.812836e-01	1.236629e+00	CONTROL 2 PHASE 1
11	-1.000000e+00	-4.774756e-02	1.000000e+00	3.528905e-01	CONTROL 1 PHASE 1
12	-1.000000e+00	-5.868546e-02	8.812836e-01	1.236629e+00	CONTROL 2 PHASE 1
13	-1.000000e+00	-7.340053e-03	1.000000e+00	3.528905e-01	CONTROL 1 PHASE 1
14	-1.000000e+00	-2.032571e-02	8.812836e-01	1.236629e+00	CONTROL 2 PHASE 1
15	-1.000000e+00	4.018762e-02	1.000000e+00	3.528905e-01	CONTROL 1 PHASE 1
16	-1.000000e+00	3.568291e-02	8.812836e-01	1.236629e+00	CONTROL 2 PHASE 1
17	-1.000000e+00	6.747464e-02	1.000000e+00	3.528905e-01	CONTROL 1 PHASE 1
18	-1.000000e+00	-1.554747e-02	8.812836e-01	1.236629e+00	CONTROL 2 PHASE 1
19	-1.000000e+00	1.029822e-01	1.000000e+00	3.528905e-01	CONTROL 1 PHASE 1
20	-1.000000e+00	-1.989668e-03	8.812836e-01	1.236629e+00	CONTROL 2 PHASE 1
21	-1.000000e+00	1.342926e-01	1.000000e+00	3.528905e-01	CONTROL 1 PHASE 1
22	-1.000000e+00	-4.242885e-03	8.812836e-01	1.236629e+00	CONTROL 2 PHASE 1
23	-1.000000e+00	1.666009e-01	1.000000e+00	3.528905e-01	CONTROL 1 PHASE 1
24	-1.000000e+00	1.326220e-02	8.812836e-01	1.236629e+00	CONTROL 2 PHASE 1
25	-1.000000e+00	1.902068e-01	1.000000e+00	3.528905e-01	CONTROL 1 PHASE 1
26	-1.000000e+00	9.663090e-03	8.812836e-01	1.236629e+00	CONTROL 2 PHASE 1
27	-1.000000e+00	2.163337e-01	1.000000e+00	3.528905e-01	CONTROL 1 PHASE 1
28	-1.000000e+00	-1.247689e-02	8.812836e-01	1.236629e+00	CONTROL 2 PHASE 1
29	-1.000000e+00	2.412727e-01	1.000000e+00	3.528905e-01	CONTROL 1 PHASE 1
30	-1.000000e+00	7.147727e-03	8.812836e-01	1.236629e+00	CONTROL 2 PHASE 1
31	-1.000000e+00	2.576723e-01	1.000000e+00	3.528905e-01	CONTROL 1 PHASE 1
32	-1.000000e+00	-9.603827e-03	8.812836e-01	1.236629e+00	CONTROL 2 PHASE 1
33	-1.000000e+00	2.873353e-01	1.000000e+00	3.528905e-01	CONTROL 1 PHASE 1
34	-1.000000e+00	1.209862e-01	8.812836e-01	1.236629e+00	CONTROL 2 PHASE 1
35	-1.000000e+00	3.010259e-01	1.000000e+00	3.528905e-01	CONTROL 1 PHASE 1
36	-1.000000e+00	1.434588e-01	8.812836e-01	1.236629e+00	CONTROL 2 PHASE 1
37	-1.000000e+00	3.252075e-01	1.000000e+00	3.528905e-01	CONTROL 1 PHASE 1
38	-1.000000e+00	2.441426e-01	8.812836e-01	1.236629e+00	CONTROL 2 PHASE 1
39	-1.000000e+00	3.392759e-01	1.000000e+00	3.528905e-01	CONTROL 1 PHASE 1
40	-1.000000e+00	6.411738e-02	8.812836e-01	1.236629e+00	CONTROL 2 PHASE 1
41	-1.000000e+00	3.522923e-01	1.000000e+00	3.528905e-01	CONTROL 1 PHASE 1
42	-1.000000e+00	3.938619e-02	8.812836e-01	1.236629e+00	CONTROL 2 PHASE 1
43	-1.000000e+00	3.705892e-01	1.000000e+00	3.528905e-01	CONTROL 1 PHASE 1
44	-1.000000e+00	-2.017538e-01	8.812836e-01	1.236629e+00	CONTROL 2 PHASE 1
45	-1.000000e+00	3.688048e-01	1.000000e+00	3.528905e-01	CONTROL 1 PHASE 1
46	-1.000000e+00	-2.052580e-01	8.812836e-01	1.236629e+00	CONTROL 2 PHASE 1
47	-1.000000e+00	3.901322e-01	1.000000e+00	3.528905e-01	CONTROL 1 PHASE 1
48	-1.000000e+00	-1.546758e-01	8.812836e-01	1.236629e+00	CONTROL 2 PHASE 1
49	-1.000000e+00	3.798527e-01	1.000000e+00	3.528905e-01	CONTROL 1 PHASE 1
50	-1.000000e+00	-7.720251e-02	8.812836e-01	1.236629e+00	CONTROL 2 PHASE 1
51	-1.000000e+00	3.829535e-01	1.000000e+00	3.528905e-01	CONTROL 1 PHASE 1
52	-1.000000e+00	5.005140e-02	8.812836e-01	1.236629e+00	CONTROL 2 PHASE 1
53	-1.000000e+00	3.692264e-01	1.000000e+00	3.528905e-01	CONTROL 1 PHASE 1
54	-1.000000e+00	-6.125582e-02	8.812836e-01	1.236629e+00	CONTROL 2 PHASE 1
55	-1.000000e+00	3.383684e-01	1.000000e+00	3.528905e-01	CONTROL 1 PHASE 1
56	-1.000000e+00	4.930554e-02	8.812836e-01	1.236629e+00	CONTROL 2 PHASE 1
57	-1.000000e+00	3.253544e-01	1.000000e+00	3.528905e-01	CONTROL 1 PHASE 1
58	-1.000000e+00	-3.978164e-02	8.812836e-01	1.236629e+00	CONTROL 2 PHASE 1
59	-1.000000e+00	2.546839e-01	1.000000e+00	3.528905e-01	CONTROL 1 PHASE 1
60	-1.000000e+00	4.163294e-01	8.812836e-01	1.236629e+00	CONTROL 2 PHASE 1
61	-1.000000e+00	2.567256e-01	1.000000e+00	3.528905e-01	CONTROL 1 PHASE 1
62	-1.000000e+00	8.812620e-01	8.812836e-01	1.236629e+00	CONTROL 2 PHASE 1
63	-1.000000e+00	1.353414e-01	1.000000e+00	3.528905e-01	CONTROL 1 PHASE 1
64	-1.000000e+00	8.812685e-01	8.812836e-01	1.236629e+00	CONTROL 2 PHASE 1
65	-1.000000e+00	8.559321e-02	1.000000e+00	3.528905e-01	CONTROL 1 PHASE 1
66	-1.000000e+00	8.812747e-01	8.812836e-01	1.236629e+00	CONTROL 2 PHASE 1
67	-1.000000e+00	2.746126e-02	1.000000e+00	3.528905e-01	CONTROL 1 PHASE 1
68	-1.000000e+00	8.812757e-01	8.812836e-01	1.236629e+00	CONTROL 2 PHASE 1
69	-1.000000e+00	-2.077504e-01	1.000000e+00	3.528905e-01	CONTROL 1 PHASE 1
70	-1.000000e+00	8.812771e-01	8.812836e-01	1.236629e+00	CONTROL 2 PHASE 1
71	-1.000000e+00	3.419906e-01	1.000000e+00	3.528905e-01	CONTROL 1 PHASE 1
72	-1.000000e+00	8.812767e-01	8.812836e-01	1.236629e+00	CONTROL 2 PHASE 1
73	-1.000000e+00	9.999922e-01	1.000000e+00	3.528905e-01	CONTROL 1 PHASE 1
74	-1.000000e+00	8.812763e-01	8.812836e-01	1.236629e+00	CONTROL 2 PHASE 1
75	-1.000000e+00	9.999974e-01	1.000000e+00	3.528905e-01	CONTROL 1 PHASE 1
76	-1.000000e+00	8.812728e-01	8.812836e-01	1.236629e+00	CONTROL 2 PHASE 1
77	-1.000000e+00	9.999968e-01	1.000000e+00	3.528905e-01	CONTROL 1 PHASE 1
78	-1.000000e+00	8.812658e-01	8.812836e-01	1.236629e+00	CONTROL 2 PHASE 1
79	-1.000000e+00	9.999858e-01	1.000000e+00	3.528905e-01	CONTROL 1 PHASE 1
80	-1.000000e+00	8.810788e-01	8.812836e-01	1.236629e+00	CONTROL 2 PHASE 1
81	-3.333333e-01	0.000000e+00	1.000000e+00	6.666667e-02	STATE 1 PHASE 1
82	-2.000000e-01	8.800000e-01	1.000000e+00	4.000000e-02	STATE 2 PHASE 1
83	-3.333333e-01	0.000000e+00	1.000000e+00	6.666667e-02	STATE 3 PHASE 1
84	-1.000000e+00	-5.335160e-28	1.000000e+00	4.000000e-01	STATE 4 PHASE 1
85	-1.000000e+00	-1.000000e+00	1.000000e+00	1.000000e+00	STATE 5 PHASE 1
86	-3.333333e-01	0.000000e+00	1.000000e+00	6.666667e-02	STATE 6 PHASE 1
87	-3.333333e-01	4.175859e-05	1.000000e+00	6.666667e-02	STATE 1 PHASE 1
88	-2.000000e-01	8.791557e-01	1.000000e+00	4.000000e-02	STATE 2 PHASE 1
89	-3.333333e-01	-1.899913e-06	1.000000e+00	6.666667e-02	STATE 3 PHASE 1
90	-1.000000e+00	2.369928e-02	1.000000e+00	4.000000e-01	STATE 4 PHASE 1
91	-1.000000e+00	-9.945046e-01	1.000000e+00	1.000000e+00	STATE 5 PHASE 1
92	-3.333333e-01	-1.797929e-04	1.000000e+00	6.666667e-02	STATE 6 PHASE 1
93	-3.333333e-01	4.771549e-04	1.000000e+00	6.666667e-02	STATE 1 PHASE 1
94	-2.000000e-01	8.771935e-01	1.000000e+00	4.000000e-02	STATE 2 PHASE 1
95	-3.333333e-01	-2.175433e-05	1.000000e+00	6.666667e-02	STATE 3 PHASE 1
96	-1.000000e+00	8.160763e-02	1.000000e+00	4.000000e-01	STATE 4 PHASE 1
97	-1.000000e+00	-9.838159e-01	1.000000e+00	1.000000e+00	STATE 5 PHASE 1
98	-3.333333e-01	-6.209693e-04	1.000000e+00	6.666667e-02	STATE 6 PHASE 1
99	-3.333333e-01	2.004040e-03	1.000000e+00	6.666667e-02	STATE 1 PHASE 1
100	-2.000000e-01	8.741422e-01	1.000000e+00	4.000000e-02	STATE 2 PHASE 1
101	-3.333333e-01	-9.162538e-05	1.000000e+00	6.666667e-02	STATE 3 PHASE 1
102	-1.000000e+00	1.451108e-01	1.000000e+00	4.000000e-01	STATE 4 PHASE 1
103	-1.000000e+00	-9.820178e-01	1.000000e+00	1.000000e+00	STATE 5 PHASE 1
104	-3.333333e-01	-1.108722e-03	1.000000e+00	6.666667e-02	STATE 6 PHASE 1
105	-3.333333e-01	4.714494e-03	1.000000e+00	6.666667e-02	STATE 1 PHASE 1
106	-2.000000e-01	8.700056e-01	1.000000e+00	4.000000e-02	STATE 2 PHASE 1
107	-3.333333e-01	-2.161270e-04	1.000000e+00	6.666667e-02	STATE 3 PHASE 1
108	-1.000000e+00	1.543260e-01	1.000000e+00	4.000000e-01	STATE 4 PHASE 1
109	-1.000000e+00	-9.860776e-01	1.000000e+00	1.000000e+00	STATE 5 PHASE 1
110	-3.333333e-01	-1.182964e-03	1.000000e+00	6.666667e-02	STATE 6 PHASE 1
111	-3.333333e-01	7.919134e-03	1.000000e+00	6.666667e-02	STATE 1 PHASE 1
112	-2.000000e-01	8.647704e-01	1.000000e+00	4.000000e-02	STATE 2 PHASE 1
113	-3.333333e-01	-3.633543e-04	1.000000e+00	6.666667e-02	STATE 3 PHASE 1
114	-1.000000e+00	1.379691e-01	1.000000e+00	4.000000e-01	STATE 4 PHASE 1
115	-1.000000e+00	-9.959270e-01	1.000000e+00	1.000000e+00	STATE 5 PHASE 1
116	-3.333333e-01	-1.053332e-03	1.000000e+00	6.666667e-02	STATE 6 PHASE 1
117	-3.333333e-01	1.139491e-02	1.000000e+00	6.666667e-02	STATE 1 PHASE 1
118	-2.000000e-01	8.584601e-01	1.000000e+00	4.000000e-02	STATE 2 PHASE 1
119	-3.333333e-01	-5.212865e-04	1.000000e+00	6.666667e-02	STATE 3 PHASE 1
120	-1.000000e+00	1.266319e-01	1.000000e+00	4.000000e-01	STATE 4 PHASE 1
121	-1.000000e+00	-9.999440e-01	1.000000e+00	1.000000e+00	STATE 5 PHASE 1
122	-3.333333e-01	-9.483316e-04	1.000000e+00	6.666667e-02	STATE 6 PHASE 1
123	-3.333333e-01	1.511423e-02	1.000000e+00	6.666667e-02	STATE 1 PHASE 1
124	-2.000000e-01	8.511361e-01	1.000000e+00	4.000000e-02	STATE 2 PHASE 1
125	-3.333333e-01	-6.851453e-04	1.000000e+00	6.666667e-02	STATE 3 PHASE 1
126	-1.000000e+00	1.184015e-01	1.000000e+00	4.000000e-01	STATE 4 PHASE 1
127	-1.000000e+00	-9.991865e-01	1.000000e+00	1.000000e+00	STATE 5 PHASE 1
128	-3.333333e-01	-8.486929e-04	1.000000e+00	6.666667e-02	STATE 6 PHASE 1
129	-3.333333e-01	1.913263e-02	1.000000e+00	6.666667e-02	STATE 1 PHASE 1
130	-2.000000e-01	8.428888e-01	1.000000e+00	4.000000e-02	STATE 2 PHASE 1
131	-3.333333e-01	-8.520048e-04	1.000000e+00	6.666667e-02	STATE 3 PHASE 1
132	-1.000000e+00	1.150735e-01	1.000000e+00	4.000000e-01	STATE 4 PHASE 1
133	-1.000000e+00	-9.955579e-01	1.000000e+00	1.000000e+00	STATE 5 PHASE 1
134	-3.333333e-01	-7.644053e-04	1.000000e+00	6.666667e-02	STATE 6 PHASE 1
135	-3.333333e-01	2.350674e-02	1.000000e+00	6.666667e-02	STATE 1 PHASE 1
136	-2.000000e-01	8.337288e-01	1.000000e+00	4.000000e-02	STATE 2 PHASE 1
137	-3.333333e-01	-1.016795e-03	1.000000e+00	6.666667e-02	STATE 3 PHASE 1
138	-1.000000e+00	1.146206e-01	1.000000e+00	4.000000e-01	STATE 4 PHASE 1
139	-1.000000e+00	-9.999934e-01	1.000000e+00	1.000000e+00	STATE 5 PHASE 1
140	-3.333333e-01	-6.759758e-04	1.000000e+00	6.666667e-02	STATE 6 PHASE 1
141	-3.333333e-01	2.839444e-02	1.000000e+00	6.666667e-02	STATE 1 PHASE 1
142	-2.000000e-01	8.237184e-01	1.000000e+00	4.000000e-02	STATE 2 PHASE 1
143	-3.333333e-01	-1.177121e-03	1.000000e+00	6.666667e-02	STATE 3 PHASE 1
144	-1.000000e+00	1.202432e-01	1.000000e+00	4.000000e-01	STATE 4 PHASE 1
145	-1.000000e+00	-9.979317e-01	1.000000e+00	1.000000e+00	STATE 5 PHASE 1
146	-3.333333e-01	-6.063864e-04	1.000000e+00	6.666667e-02	STATE 6 PHASE 1
147	-3.333333e-01	3.402693e-02	1.000000e+00	6.666667e-02	STATE 1 PHASE 1
148	-2.000000e-01	8.129236e-01	1.000000e+00	4.000000e-02	STATE 2 PHASE 1
149	-3.333333e-01	-1.332244e-03	1.000000e+00	6.666667e-02	STATE 3 PHASE 1
150	-1.000000e+00	1.309900e-01	1.000000e+00	4.000000e-01	STATE 4 PHASE 1
151	-1.000000e+00	-9.999995e-01	1.000000e+00	1.000000e+00	STATE 5 PHASE 1
152	-3.333333e-01	-5.464560e-04	1.000000e+00	6.666667e-02	STATE 6 PHASE 1
153	-3.333333e-01	4.070063e-02	1.000000e+00	6.666667e-02	STATE 1 PHASE 1
154	-2.000000e-01	8.014483e-01	1.000000e+00	4.000000e-02	STATE 2 PHASE 1
155	-3.333333e-01	-1.483163e-03	1.000000e+00	6.666667e-02	STATE 3 PHASE 1
156	-1.000000e+00	1.477240e-01	1.000000e+00	4.000000e-01	STATE 4 PHASE 1
157	-1.000000e+00	-9.933503e-01	1.000000e+00	1.000000e+00	STATE 5 PHASE 1
158	-3.333333e-01	-5.024497e-04	1.000000e+00	6.666667e-02	STATE 6 PHASE 1
159	-3.333333e-01	4.868169e-02	1.000000e+00	6.666667e-02	STATE 1 PHASE 1
160	-2.000000e-01	7.893542e-01	1.000000e+00	4.000000e-02	STATE 2 PHASE 1
161	-3.333333e-01	-1.628337e-03	1.000000e+00	6.666667e-02	STATE 3 PHASE 1
162	-1.000000e+00	1.682239e-01	1.000000e+00	4.000000e-01	STATE 4 PHASE 1
163	-1.000000e+00	-9.978193e-01	1.000000e+00	1.000000e+00	STATE 5 PHASE 1
164	-3.333333e-01	-4.554136e-04	1.000000e+00	6.666667e-02	STATE 6 PHASE 1
165	-3.333333e-01	5.829632e-02	1.000000e+00	6.666667e-02	STATE 1 PHASE 1
166	-2.000000e-01	7.766802e-01	1.000000e+00	4.000000e-02	STATE 2 PHASE 1
167	-3.333333e-01	-1.768815e-03	1.000000e+00	6.666667e-02	STATE 3 PHASE 1
168	-1.000000e+00	1.954361e-01	1.000000e+00	4.000000e-01	STATE 4 PHASE 1
169	-1.000000e+00	-9.944729e-01	1.000000e+00	1.000000e+00	STATE 5 PHASE 1
170	-3.333333e-01	-4.307315e-04	1.000000e+00	6.666667e-02	STATE 6 PHASE 1
171	-3.333333e-01	6.986368e-02	1.000000e+00	6.666667e-02	STATE 1 PHASE 1
172	-2.000000e-01	7.635252e-01	1.000000e+00	4.000000e-02	STATE 2 PHASE 1
173	-3.333333e-01	-1.905525e-03	1.000000e+00	6.666667e-02	STATE 3 PHASE 1
174	-1.000000e+00	2.254326e-01	1.000000e+00	4.000000e-01	STATE 4 PHASE 1
175	-1.000000e+00	-1.000000e+00	1.000000e+00	1.000000e+00	STATE 5 PHASE 1
176	-3.333333e-01	-3.954620e-04	1.000000e+00	6.666667e-02	STATE 6 PHASE 1
177	-3.333333e-01	8.361539e-02	1.000000e+00	6.666667e-02	STATE 1 PHASE 1
178	-2.000000e-01	7.500057e-01	1.000000e+00	4.000000e-02	STATE 2 PHASE 1
179	-3.333333e-01	-2.035707e-03	1.000000e+00	6.666667e-02	STATE 3 PHASE 1
180	-1.000000e+00	2.612231e-01	1.000000e+00	4.000000e-01	STATE 4 PHASE 1
181	-1.000000e+00	-9.820655e-01	1.000000e+00	1.000000e+00	STATE 5 PHASE 1
182	-3.333333e-01	-3.770876e-04	1.000000e+00	6.666667e-02	STATE 6 PHASE 1
183	-3.333333e-01	9.992944e-02	1.000000e+00	6.666667e-02	STATE 1 PHASE 1
184	-2.000000e-01	7.365847e-01	1.000000e+00	4.000000e-02	STATE 2 PHASE 1
185	-3.333333e-01	-2.165999e-03	1.000000e+00	6.666667e-02	STATE 3 PHASE 1
186	-1.000000e+00	3.017772e-01	1.000000e+00	4.000000e-01	STATE 4 PHASE 1
187	-1.000000e+00	-9.470553e-01	1.000000e+00	1.000000e+00	STATE 5 PHASE 1
188	-3.333333e-01	-3.685537e-04	1.000000e+00	6.666667e-02	STATE 6 PHASE 1
189	-3.333333e-01	1.189524e-01	1.000000e+00	6.666667e-02	STATE 1 PHASE 1
190	-2.000000e-01	7.235801e-01	1.000000e+00	4.000000e-02	STATE 2 PHASE 1
191	-3.333333e-01	-2.292890e-03	1.000000e+00	6.666667e-02	STATE 3 PHASE 1
192	-1.000000e+00	3.450961e-01	1.000000e+00	4.000000e-01	STATE 4 PHASE 1
193	-1.000000e+00	-8.874704e-01	1.000000e+00	1.000000e+00	STATE 5 PHASE 1
194	-3.333333e-01	-3.534513e-04	1.000000e+00	6.666667e-02	STATE 6 PHASE 1
195	-3.333333e-01	1.408991e-01	1.000000e+00	6.666667e-02	STATE 1 PHASE 1
196	-2.000000e-01	7.113158e-01	1.000000e+00	4.000000e-02	STATE 2 PHASE 1
197	-3.333333e-01	-2.419451e-03	1.000000e+00	6.666667e-02	STATE 3 PHASE 1
198	-1.000000e+00	3.932469e-01	1.000000e+00	4.000000e-01	STATE 4 PHASE 1
199	-1.000000e+00	-8.408729e-01	1.000000e+00	1.000000e+00	STATE 5 PHASE 1
200	-3.333333e-01	-3.531984e-04	1.000000e+00	6.666667e-02	STATE 6 PHASE 1
201	-3.333333e-01	1.657682e-01	1.000000e+00	6.666667e-02	STATE 1 PHASE 1
202	-2.000000e-01	6.993717e-01	1.000000e+00	4.000000e-02	STATE 2 PHASE 1
203	-3.333333e-01	-2.540377e-03	1.000000e+00	6.666667e-02	STATE 3 PHASE 1
204	-1.000000e+00	4.407081e-01	1.000000e+00	4.000000e-01	STATE 4 PHASE 1
205	-1.000000e+00	-8.281798e-01	1.000000e+00	1.000000e+00	STATE 5 PHASE 1
206	-3.333333e-01	-3.192636e-04	1.000000e+00	6.666667e-02	STATE 6 PHASE 1
207	-3.333333e-01	1.934737e-01	1.000000e+00	6.666667e-02	STATE 1 PHASE 1
208	-2.000000e-01	6.875152e-01	1.000000e+00	4.000000e-02	STATE 2 PHASE 1
209	-3.333333e-01	-2.649927e-03	1.000000e+00	6.666667e-02	STATE 3 PHASE 1
210	-1.000000e+00	4.918193e-01	1.000000e+00	4.000000e-01	STATE 4 PHASE 1
211	-1.000000e+00	-8.458625e-01	1.000000e+00	1.000000e+00	STATE 5 PHASE 1
212	-3.333333e-01	-2.970805e-04	1.000000e+00	6.666667e-02	STATE 6 PHASE 1
213	-3.333333e-01	2.239046e-01	1.000000e+00	6.666667e-02	STATE 1 PHASE 1
214	-2.000000e-01	6.750629e-01	1.000000e+00	4.000000e-02	STATE 2 PHASE 1
215	-3.333333e-01	-2.746204e-03	1.000000e+00	6.666667e-02	STATE 3 PHASE 1
216	-1.000000e+00	5.407346e-01	1.000000e+00	4.000000e-01	STATE 4 PHASE 1
217	-1.000000e+00	-9.158345e-01	1.000000e+00	1.000000e+00	STATE 5 PHASE 1
218	-3.333333e-01	-2.360966e-04	1.000000e+00	6.666667e-02	STATE 6 PHASE 1
219	-3.333333e-01	2.566376e-01	1.000000e+00	6.666667e-02	STATE 1 PHASE 1
220	-2.000000e-01	6.620052e-01	1.000000e+00	4.000000e-02	STATE 2 PHASE 1
221	-3.333333e-01	-2.814730e-03	1.000000e+00	6.666667e-02	STATE 3 PHASE 1
222	-1.000000e+00	5.899063e-01	1.000000e+00	4.000000e-01	STATE 4 PHASE 1
223	-1.000000e+00	-9.592392e-01	1.000000e+00	1.000000e+00	STATE 5 PHASE 1
224	-3.333333e-01	-1.662235e-04	1.000000e+00	6.666667e-02	STATE 6 PHASE 1
225	-3.333333e-01	2.914914e-01	1.000000e+00	6.666667e-02	STATE 1 PHASE 1
226	-2.000000e-01	6.486622e-01	1.000000e+00	4.000000e-02	STATE 2 PHASE 1
227	-3.333333e-01	-2.861712e-03	1.000000e+00	6.666667e-02	STATE 3 PHASE 1
228	-1.000000e+00	6.394198e-01	1.000000e+00	4.000000e-01	STATE 4 PHASE 1
229	-1.000000e+00	-9.999602e-01	1.000000e+00	1.000000e+00	STATE 5 PHASE 1
230	-3.333333e-01	-9.735427e-05	1.000000e+00	6.666667e-02	STATE 6 PHASE 1
231	-3.333333e-01	3.278395e-01	1.000000e+00	6.666667e-02	STATE 1 PHASE 1
232	-2.000000e-01	6.354595e-01	1.000000e+00	4.000000e-02	STATE 2 PHASE 1
233	-3.333333e-01	-2.872558e-03	1.000000e+00	6.666667e-02	STATE 3 PHASE 1
234	-1.000000e+00	6.826484e-01	1.000000e+00	4.000000e-01	STATE 4 PHASE 1
235	-1.000000e+00	-9.944404e-01	1.000000e+00	1.000000e+00	STATE 5 PHASE 1
236	-3.333333e-01	3.139340e-05	1.000000e+00	6.666667e-02	STATE 6 PHASE 1
237	-3.333333e-01	3.651764e-01	1.000000e+00	6.666667e-02	STATE 1 PHASE 1
238	-2.000000e-01	6.228137e-01	1.000000e+00	4.000000e-02	STATE 2 PHASE 1
239	-3.333333e-01	-2.846040e-03	1.000000e+00	6.666667e-02	STATE 3 PHASE 1
240	-1.000000e+00	7.260278e-01	1.000000e+00	4.000000e-01	STATE 4 PHASE 1
241	-1.000000e+00	-9.999979e-01	1.000000e+00	1.000000e+00	STATE 5 PHASE 1
242	-3.333333e-01	1.426161e-04	1.000000e+00	6.666667e-02	STATE 6 PHASE 1
243	-3.333333e-01	4.027849e-01	1.000000e+00	6.666667e-02	STATE 1 PHASE 1
244	-2.000000e-01	6.106279e-01	1.000000e+00	4.000000e-02	STATE 2 PHASE 1
245	-3.333333e-01	-2.773106e-03	1.000000e+00	6.666667e-02	STATE 3 PHASE 1
246	-1.000000e+00	7.577733e-01	1.000000e+00	4.000000e-01	STATE 4 PHASE 1
247	-1.000000e+00	-9.999393e-01	1.000000e+00	1.000000e+00	STATE 5 PHASE 1
248	-3.333333e-01	3.533843e-04	1.000000e+00	6.666667e-02	STATE 6 PHASE 1
249	-3.333333e-01	4.398362e-01	1.000000e+00	6.666667e-02	STATE 1 PHASE 1
250	-2.000000e-01	5.991393e-01	1.000000e+00	4.000000e-02	STATE 2 PHASE 1
251	-3.333333e-01	-2.641705e-03	1.000000e+00	6.666667e-02	STATE 3 PHASE 1
252	-1.000000e+00	7.869159e-01	1.000000e+00	4.000000e-01	STATE 4 PHASE 1
253	-1.000000e+00	-9.999980e-01	1.000000e+00	1.000000e+00	STATE 5 PHASE 1
254	-3.333333e-01	5.558753e-04	1.000000e+00	6.666667e-02	STATE 6 PHASE 1
255	-3.333333e-01	4.757009e-01	1.000000e+00	6.666667e-02	STATE 1 PHASE 1
256	-2.000000e-01	5.883977e-01	1.000000e+00	4.000000e-02	STATE 2 PHASE 1
257	-3.333333e-01	-2.456262e-03	1.000000e+00	6.666667e-02	STATE 3 PHASE 1
258	-1.000000e+00	8.037384e-01	1.000000e+00	4.000000e-01	STATE 4 PHASE 1
259	-1.000000e+00	-9.716814e-01	1.000000e+00	1.000000e+00	STATE 5 PHASE 1
260	-3.333333e-01	8.483387e-04	1.000000e+00	6.666667e-02	STATE 6 PHASE 1
261	-3.333333e-01	5.094714e-01	1.000000e+00	6.666667e-02	STATE 1 PHASE 1
262	-2.000000e-01	5.792844e-01	1.000000e+00	4.000000e-02	STATE 2 PHASE 1
263	-3.333333e-01	-2.204152e-03	1.000000e+00	6.666667e-02	STATE 3 PHASE 1
264	-1.000000e+00	8.152413e-01	1.000000e+00	4.000000e-01	STATE 4 PHASE 1
265	-1.000000e+00	-8.309759e-01	1.000000e+00	1.000000e+00	STATE 5 PHASE 1
266	-3.333333e-01	1.141452e-03	1.000000e+00	6.666667e-02	STATE 6 PHASE 1
267	-3.333333e-01	5.408378e-01	1.000000e+00	6.666667e-02	STATE 1 PHASE 1
268	-2.000000e-01	5.724219e-01	1.000000e+00	4.000000e-02	STATE 2 PHASE 1
269	-3.333333e-01	-1.914207e-03	1.000000e+00	6.666667e-02	STATE 3 PHASE 1
270	-1.000000e+00	8.209118e-01	1.000000e+00	4.000000e-01	STATE 4 PHASE 1
271	-1.000000e+00	-6.648401e-01	1.000000e+00	1.000000e+00	STATE 5 PHASE 1
272	-3.333333e-01	1.429004e-03	1.000000e+00	6.666667e-02	STATE 6 PHASE 1
273	-3.333333e-01	5.688739e-01	1.000000e+00	6.666667e-02	STATE 1 PHASE 1
274	-2.000000e-01	5.675271e-01	1.000000e+00	4.000000e-02	STATE 2 PHASE 1
275	-3.333333e-01	-1.570032e-03	1.000000e+00	6.666667e-02	STATE 3 PHASE 1
276	-1.000000e+00	8.044336e-01	1.000000e+00	4.000000e-01	STATE 4 PHASE 1
277	-1.000000e+00	-5.180042e-01	1.000000e+00	1.000000e+00	STATE 5 PHASE 1
278	-3.333333e-01	1.899488e-03	1.000000e+00	6.666667e-02	STATE 6 PHASE 1
279	-3.333333e-01	5.932931e-01	1.000000e+00	6.666667e-02	STATE 1 PHASE 1
280	-2.000000e-01	5.642126e-01	1.000000e+00	4.000000e-02	STATE 2 PHASE 1
281	-3.333333e-01	-1.194710e-03	1.000000e+00	6.666667e-02	STATE 3 PHASE 1
282	-1.000000e+00	7.960573e-01	1.000000e+00	4.000000e-01	STATE 4 PHASE 1
283	-1.000000e+00	-3.874111e-01	1.000000e+00	1.000000e+00	STATE 5 PHASE 1
284	-3.333333e-01	2.198210e-03	1.000000e+00	6.666667e-02	STATE 6 PHASE 1
285	-3.333333e-01	6.138672e-01	1.000000e+00	6.666667e-02	STATE 1 PHASE 1
286	-2.000000e-01	5.621196e-01	1.000000e+00	4.000000e-02	STATE 2 PHASE 1
287	-3.333333e-01	-8.086993e-04	1.000000e+00	6.666667e-02	STATE 3 PHASE 1
288	-1.000000e+00	7.594407e-01	1.000000e+00	4.000000e-01	STATE 4 PHASE 1
289	-1.000000e+00	-2.748132e-01	1.000000e+00	1.000000e+00	STATE 5 PHASE 1
290	-3.333333e-01	2.760990e-03	1.000000e+00	6.666667e-02	STATE 6 PHASE 1
291	-3.333333e-01	6.302938e-01	1.000000e+00	6.666667e-02	STATE 1 PHASE 1
292	-2.000000e-01	5.609168e-01	1.000000e+00	4.000000e-02	STATE 2 PHASE 1
293	-3.333333e-01	-4.190483e-04	1.000000e+00	6.666667e-02	STATE 3 PHASE 1
294	-1.000000e+00	7.485046e-01	1.000000e+00	4.000000e-01	STATE 4 PHASE 1
295	-1.000000e+00	-1.807531e-01	1.000000e+00	1.000000e+00	STATE 5 PHASE 1
296	-3.333333e-01	2.960157e-03	1.000000e+00	6.666667e-02	STATE 6 PHASE 1
297	-3.333333e-01	6.440087e-01	1.000000e+00	6.666667e-02	STATE 1 PHASE 1
298	-2.000000e-01	5.603141e-01	1.000000e+00	4.000000e-02	STATE 2 PHASE 1
299	-3.333333e-01	-1.486315e-04	1.000000e+00	6.666667e-02	STATE 3 PHASE 1
300	-1.000000e+00	8.304729e-01	1.000000e+00	4.000000e-01	STATE 4 PHASE 1
301	-1.000000e+00	-1.057824e-01	1.000000e+00	1.000000e+00	STATE 5 PHASE 1
302	-3.333333e-01	2.011152e-03	1.000000e+00	6.666667e-02	STATE 6 PHASE 1
303	-3.333333e-01	6.553384e-01	1.000000e+00	6.666667e-02	STATE 1 PHASE 1
304	-2.000000e-01	5.600714e-01	1.000000e+00	4.000000e-02	STATE 2 PHASE 1
305	-3.333333e-01	-3.370350e-05	1.000000e+00	6.666667e-02	STATE 3 PHASE 1
306	-1.000000e+00	9.203148e-01	1.000000e+00	4.000000e-01	STATE 4 PHASE 1
307	-1.000000e+00	-5.046266e-02	1.000000e+00	1.000000e+00	STATE 5 PHASE 1
308	-3.333333e-01	9.478759e-04	1.000000e+00	6.666667e-02	STATE 6 PHASE 1
309	-3.333333e-01	6.631826e-01	1.000000e+00	6.666667e-02	STATE 1 PHASE 1
310	-2.000000e-01	5.600064e-01	1.000000e+00	4.000000e-02	STATE 2 PHASE 1
311	-3.333333e-01	-3.037338e-06	1.000000e+00	6.666667e-02	STATE 3 PHASE 1
312	-1.000000e+00	9.758933e-01	1.000000e+00	4.000000e-01	STATE 4 PHASE 1
313	-1.000000e+00	-1.507457e-02	1.000000e+00	1.000000e+00	STATE 5 PHASE 1
314	-3.333333e-01	2.869630e-04	1.000000e+00	6.666667e-02	STATE 6 PHASE 1
315	-3.333333e-01	6.666667e-01	1.000000e+00	6.666667e-02	STATE 1 PHASE 1
316	-2.000000e-01	5.600000e-01	1.000000e+00	4.000000e-02	STATE 2 PHASE 1
317	-3.333333e-01	1.235393e-22	1.000000e+00	6.666667e-02	STATE 3 PHASE 1
318	-1.000000e+00	1.000000e+00	1.000000e+00	4.000000e-01	STATE 4 PHASE 1
319	-1.000000e+00	0.000000e+00	1.000000e+00	1.000000e+00	STATE 5 PHASE 1
320	-3.333333e-01	0.000000e+00	1.000000e+00	6.666667e-02	STATE 6 PHASE 1
321	0.000000e+00	0.000000e+00	0.000000e+00	1.000000e+00	t0 PHASE 1
322	1.000000e+00	1.000000e+00	1.000000e+00	1.000000e+00	tf PHASE 1