
***** Phase 1 differential defect constraints *****
LOWER		G(X)		UPPER		SCALING
0.000000e+00	6.525717e-11	0.000000e+00	7.377727e-05 ***
0.000000e+00	-1.997799e-11	0.000000e+00	7.369119e-05 ***
0.000000e+00	-6.778168e-12	0.000000e+00	1.475539e-05 ***
0.000000e+00	2.044831e-10	0.000000e+00	7.377783e-05 ***
0.000000e+00	-6.082710e-11	0.000000e+00	7.377793e-05 ***
0.000000e+00	-2.772185e-09	0.000000e+00	7.377377e-05 ***
0.000000e+00	-2.375843e-09	0.000000e+00	7.377377e-05 ***
0.000000e+00	-3.566238e-11	0.000000e+00	3.117442e-04 ***
0.000000e+00	1.683127e-11	0.000000e+00	3.117321e-04 ***
0.000000e+00	3.851165e-12	0.000000e+00	6.233283e-05 ***
0.000000e+00	-1.205547e-10	0.000000e+00	3.117311e-04 ***
0.000000e+00	-2.665064e-12	0.000000e+00	3.117389e-04 ***
0.000000e+00	-9.963090e-10	0.000000e+00	3.114800e-04 ***
0.000000e+00	-1.232306e-09	0.000000e+00	3.114800e-04 ***
0.000000e+00	3.509292e-11	0.000000e+00	4.778468e-04 ***
0.000000e+00	-7.443541e-12	0.000000e+00	4.778030e-04 ***
0.000000e+00	-3.570059e-12	0.000000e+00	9.551172e-05 ***
0.000000e+00	1.048005e-10	0.000000e+00	4.777976e-04 ***
0.000000e+00	-5.072161e-11	0.000000e+00	4.778277e-04 ***
0.000000e+00	-2.970166e-09	0.000000e+00	4.768968e-04 ***
0.000000e+00	-2.767918e-09	0.000000e+00	4.768968e-04 ***
0.000000e+00	-2.643786e-11	0.000000e+00	6.546436e-04 ***
0.000000e+00	1.428282e-11	0.000000e+00	6.545308e-04 ***
0.000000e+00	5.712010e-12	0.000000e+00	1.307807e-04 ***
0.000000e+00	-9.250722e-11	0.000000e+00	6.545098e-04 ***
0.000000e+00	-1.751422e-11	0.000000e+00	6.545945e-04 ***
0.000000e+00	-1.634631e-09	0.000000e+00	6.522068e-04 ***
0.000000e+00	-1.816968e-09	0.000000e+00	6.522068e-04 ***
0.000000e+00	2.828078e-11	0.000000e+00	8.317073e-04 ***
0.000000e+00	-4.952511e-12	0.000000e+00	8.314748e-04 ***
0.000000e+00	-4.968676e-12	0.000000e+00	1.660385e-04 ***
0.000000e+00	8.232355e-11	0.000000e+00	8.314117e-04 ***
0.000000e+00	-4.509114e-11	0.000000e+00	8.316068e-04 ***
0.000000e+00	-3.001988e-09	0.000000e+00	8.267279e-04 ***
0.000000e+00	-2.842945e-09	0.000000e+00	8.267279e-04 ***
0.000000e+00	-2.121546e-11	0.000000e+00	1.007009e-03 ***
0.000000e+00	1.234290e-11	0.000000e+00	1.006594e-03 ***
0.000000e+00	2.495467e-12	0.000000e+00	2.008652e-04 ***
0.000000e+00	-7.621981e-11	0.000000e+00	1.006433e-03 ***
0.000000e+00	-2.448170e-11	0.000000e+00	1.006831e-03 ***
0.000000e+00	-1.848584e-09	0.000000e+00	9.982094e-04 ***
0.000000e+00	-1.999852e-09	0.000000e+00	9.982094e-04 ***
0.000000e+00	2.445630e-11	0.000000e+00	1.179539e-03 ***
0.000000e+00	-3.925696e-12	0.000000e+00	1.178872e-03 ***
0.000000e+00	1.319255e-12	0.000000e+00	2.350468e-04 ***
0.000000e+00	6.995902e-11	0.000000e+00	1.178501e-03 ***
0.000000e+00	-3.977184e-11	0.000000e+00	1.179253e-03 ***
0.000000e+00	-3.010094e-09	0.000000e+00	1.165460e-03 ***
0.000000e+00	-2.874536e-09	0.000000e+00	1.165460e-03 ***
0.000000e+00	-1.813555e-11	0.000000e+00	1.348550e-03 ***
0.000000e+00	1.075219e-11	0.000000e+00	1.347549e-03 ***
0.000000e+00	2.149831e-11	0.000000e+00	2.684265e-04 ***
0.000000e+00	-6.651970e-11	0.000000e+00	1.346784e-03 ***
0.000000e+00	-2.843213e-11	0.000000e+00	1.348123e-03 ***
0.000000e+00	-1.967405e-09	0.000000e+00	1.327627e-03 ***
0.000000e+00	-2.100497e-09	0.000000e+00	1.327627e-03 ***
0.000000e+00	2.201312e-11	0.000000e+00	1.513398e-03 ***
0.000000e+00	-4.769644e-12	0.000000e+00	1.511969e-03 ***
0.000000e+00	1.245043e-10	0.000000e+00	3.008702e-04 ***
0.000000e+00	6.216092e-11	0.000000e+00	1.510506e-03 ***
0.000000e+00	-3.505356e-11	0.000000e+00	1.512795e-03 ***
0.000000e+00	-3.038973e-09	0.000000e+00	1.484018e-03 ***
0.000000e+00	-2.917957e-09	0.000000e+00	1.484018e-03 ***
0.000000e+00	-1.609792e-11	0.000000e+00	1.673490e-03 ***
0.000000e+00	1.080725e-11	0.000000e+00	1.671553e-03 ***
0.000000e+00	-6.663943e-11	0.000000e+00	3.322564e-04 ***
0.000000e+00	-6.012538e-11	0.000000e+00	1.668873e-03 ***
0.000000e+00	-3.045522e-11	0.000000e+00	1.672674e-03 ***
0.000000e+00	-2.050856e-09	0.000000e+00	1.633994e-03 ***
0.000000e+00	-2.172112e-09	0.000000e+00	1.633994e-03 ***
0.000000e+00	2.031753e-11	0.000000e+00	1.828268e-03 ***
0.000000e+00	-5.646956e-12	0.000000e+00	1.825723e-03 ***
0.000000e+00	1.885258e-10	0.000000e+00	3.624789e-04 ***
0.000000e+00	5.684991e-11	0.000000e+00	1.821057e-03 ***
0.000000e+00	-3.087857e-11	0.000000e+00	1.827205e-03 ***
0.000000e+00	-3.094071e-09	0.000000e+00	1.777105e-03 ***
0.000000e+00	-2.982790e-09	0.000000e+00	1.777105e-03 ***
0.000000e+00	-1.465408e-11	0.000000e+00	1.977199e-03 ***
0.000000e+00	1.117994e-11	0.000000e+00	1.973929e-03 ***
0.000000e+00	-1.335023e-10	0.000000e+00	3.914375e-04 ***
0.000000e+00	-5.564073e-11	0.000000e+00	1.966136e-03 ***
0.000000e+00	-3.072076e-11	0.000000e+00	1.975857e-03 ***
0.000000e+00	-2.119272e-09	0.000000e+00	1.913013e-03 ***
0.000000e+00	-2.232294e-09	0.000000e+00	1.913013e-03 ***
0.000000e+00	1.907884e-11	0.000000e+00	2.119780e-03 ***
0.000000e+00	-4.091832e-12	0.000000e+00	2.115707e-03 ***
0.000000e+00	5.633916e-11	0.000000e+00	4.190341e-04 ***
0.000000e+00	5.316040e-11	0.000000e+00	2.102949e-03 ***
0.000000e+00	-2.723506e-11	0.000000e+00	2.118128e-03 ***
0.000000e+00	-3.179367e-09	0.000000e+00	2.041184e-03 ***
0.000000e+00	-3.074889e-09	0.000000e+00	2.041184e-03 ***
0.000000e+00	-1.358872e-11	0.000000e+00	2.255529e-03 ***
0.000000e+00	1.056382e-11	0.000000e+00	2.250548e-03 ***
0.000000e+00	-1.203188e-10	0.000000e+00	4.451928e-04 ***
0.000000e+00	-5.246011e-11	0.000000e+00	2.230198e-03 ***
0.000000e+00	-2.932065e-11	0.000000e+00	2.253543e-03 ***
0.000000e+00	-2.182002e-09	0.000000e+00	2.161451e-03 ***
0.000000e+00	-2.289043e-09	0.000000e+00	2.161451e-03 ***
0.000000e+00	1.814716e-11	0.000000e+00	2.383991e-03 ***
0.000000e+00	-4.105667e-12	0.000000e+00	2.377932e-03 ***
0.000000e+00	3.591371e-11	0.000000e+00	4.698453e-04 ***
0.000000e+00	5.069140e-11	0.000000e+00	2.346384e-03 ***
0.000000e+00	-2.420108e-11	0.000000e+00	2.381651e-03 ***
0.000000e+00	-3.301919e-09	0.000000e+00	2.273914e-03 ***
0.000000e+00	-3.202269e-09	0.000000e+00	2.273914e-03 ***
0.000000e+00	-1.278305e-11	0.000000e+00	2.504734e-03 ***
0.000000e+00	9.894423e-12	0.000000e+00	2.497488e-03 ***
0.000000e+00	-1.023584e-10	0.000000e+00	4.929000e-04 ***
0.000000e+00	-5.029162e-11	0.000000e+00	2.449070e-03 ***
0.000000e+00	-2.627644e-11	0.000000e+00	2.502026e-03 ***
0.000000e+00	-2.243109e-09	0.000000e+00	2.377881e-03 ***
0.000000e+00	-2.345606e-09	0.000000e+00	2.377881e-03 ***
0.000000e+00	1.743583e-11	0.000000e+00	2.617357e-03 ***
0.000000e+00	-4.092688e-12	0.000000e+00	2.608769e-03 ***
0.000000e+00	1.524122e-11	0.000000e+00	5.143049e-04 ***
0.000000e+00	4.941821e-11	0.000000e+00	2.535546e-03 ***
0.000000e+00	-2.184008e-11	0.000000e+00	2.614276e-03 ***
0.000000e+00	-3.475339e-09	0.000000e+00	2.473304e-03 ***
0.000000e+00	-3.379049e-09	0.000000e+00	2.473304e-03 ***
0.000000e+00	-1.219118e-11	0.000000e+00	2.721483e-03 ***
0.000000e+00	8.602258e-12	0.000000e+00	2.711240e-03 ***
0.000000e+00	-6.491820e-11	0.000000e+00	5.340400e-04 ***
0.000000e+00	-4.904357e-11	0.000000e+00	2.603486e-03 ***
0.000000e+00	-2.165438e-11	0.000000e+00	2.718035e-03 ***
0.000000e+00	-2.304706e-09	0.000000e+00	2.561081e-03 ***
0.000000e+00	-2.403553e-09	0.000000e+00	2.561081e-03 ***
0.000000e+00	1.688268e-11	0.000000e+00	2.816765e-03 ***
0.000000e+00	-4.051174e-12	0.000000e+00	2.804557e-03 ***
0.000000e+00	-8.097338e-13	0.000000e+00	5.520043e-04 ***
0.000000e+00	4.959753e-11	0.000000e+00	2.647513e-03 ***
0.000000e+00	-2.024228e-11	0.000000e+00	2.812958e-03 ***
0.000000e+00	-3.721881e-09	0.000000e+00	2.640017e-03 ***
0.000000e+00	-3.627806e-09	0.000000e+00	2.640017e-03 ***
0.000000e+00	-1.176268e-11	0.000000e+00	2.902888e-03 ***
0.000000e+00	6.463719e-12	0.000000e+00	2.888282e-03 ***
0.000000e+00	-1.713404e-11	0.000000e+00	5.681533e-04 ***
0.000000e+00	-4.878744e-11	0.000000e+00	2.661850e-03 ***
0.000000e+00	-1.544452e-11	0.000000e+00	2.898738e-03 ***
0.000000e+00	-2.367097e-09	0.000000e+00	2.709676e-03 ***
0.000000e+00	-2.462682e-09	0.000000e+00	2.709676e-03 ***
0.000000e+00	1.646142e-11	0.000000e+00	2.979564e-03 ***
0.000000e+00	-4.231306e-12	0.000000e+00	2.961860e-03 ***
0.000000e+00	-6.165482e-12	0.000000e+00	5.824998e-04 ***
0.000000e+00	5.205517e-11	0.000000e+00	2.647139e-03 ***
0.000000e+00	-1.929926e-11	0.000000e+00	2.975106e-03 ***
0.000000e+00	-4.093900e-09	0.000000e+00	2.772641e-03 ***
0.000000e+00	-4.000914e-09	0.000000e+00	2.772641e-03 ***
0.000000e+00	-1.144997e-11	0.000000e+00	3.046538e-03 ***
0.000000e+00	5.026858e-12	0.000000e+00	3.024783e-03 ***
0.000000e+00	5.962677e-12	0.000000e+00	5.949650e-04 ***
0.000000e+00	-4.904834e-11	0.000000e+00	2.595731e-03 ***
0.000000e+00	-7.692395e-12	0.000000e+00	3.041809e-03 ***
0.000000e+00	-2.422984e-09	0.000000e+00	2.826889e-03 ***
0.000000e+00	-2.514646e-09	0.000000e+00	2.826889e-03 ***
0.000000e+00	1.616096e-11	0.000000e+00	3.103590e-03 ***
0.000000e+00	-4.986299e-12	0.000000e+00	3.076436e-03 ***
0.000000e+00	-1.853664e-12	0.000000e+00	6.054893e-04 ***
0.000000e+00	5.842416e-11	0.000000e+00	2.496975e-03 ***
0.000000e+00	-1.866581e-11	0.000000e+00	3.098626e-03 ***
0.000000e+00	-4.722388e-09	0.000000e+00	2.869972e-03 ***
0.000000e+00	-4.629148e-09	0.000000e+00	2.869972e-03 ***
0.000000e+00	-1.122588e-11	0.000000e+00	3.150528e-03 ***
0.000000e+00	6.442321e-12	0.000000e+00	3.116164e-03 ***
0.000000e+00	-1.011815e-12	0.000000e+00	6.140672e-04 ***
0.000000e+00	-4.689618e-11	0.000000e+00	2.374758e-03 ***
0.000000e+00	1.246668e-12	0.000000e+00	3.145387e-03 ***
0.000000e+00	-2.465875e-09	0.000000e+00	2.908702e-03 ***
0.000000e+00	-2.550098e-09	0.000000e+00	2.908702e-03 ***
0.000000e+00	1.596693e-11	0.000000e+00	3.187198e-03 ***
0.000000e+00	-7.859130e-12	0.000000e+00	3.143129e-03 ***
0.000000e+00	1.551065e-11	0.000000e+00	6.206537e-04 ***
0.000000e+00	6.919393e-11	0.000000e+00	2.227483e-03 ***
0.000000e+00	-1.744680e-11	0.000000e+00	3.181940e-03 ***
0.000000e+00	-6.059212e-09	0.000000e+00	2.940410e-03 ***
0.000000e+00	-5.964789e-09	0.000000e+00	2.940410e-03 ***
0.000000e+00	-1.108562e-11	0.000000e+00	3.213478e-03 ***
0.000000e+00	1.101172e-11	0.000000e+00	3.156229e-03 ***
0.000000e+00	6.954182e-12	0.000000e+00	6.251665e-04 ***
0.000000e+00	2.293632e-12	0.000000e+00	2.008225e-03 ***
0.000000e+00	9.828469e-12	0.000000e+00	3.208154e-03 ***
0.000000e+00	-2.527801e-09	0.000000e+00	2.951911e-03 ***
0.000000e+00	-2.569279e-09	0.000000e+00	2.951911e-03 ***
0.000000e+00	1.585044e-11	0.000000e+00	3.229281e-03 ***
0.000000e+00	4.046491e-12	0.000000e+00	3.154869e-03 ***
0.000000e+00	-1.247937e-10	0.000000e+00	6.275773e-04 ***
0.000000e+00	2.881261e-09	0.000000e+00	1.845095e-03 ***
0.000000e+00	2.007096e-11	0.000000e+00	3.223952e-03 ***
0.000000e+00	-1.425401e-08	0.000000e+00	2.971497e-03 ***
0.000000e+00	-1.243789e-08	0.000000e+00	2.971497e-03 ***
0.000000e+00	-1.106177e-11	0.000000e+00	3.234553e-03 ***
0.000000e+00	4.636215e-10	0.000000e+00	3.139197e-03 ***
0.000000e+00	-1.037903e-09	0.000000e+00	6.279301e-04 ***
0.000000e+00	7.638213e-08	0.000000e+00	2.020383e-03 ***
0.000000e+00	5.962029e-10	0.000000e+00	3.229294e-03 ***
0.000000e+00	-2.327248e-08	0.000000e+00	3.053761e-03 ***
0.000000e+00	1.962300e-08	0.000000e+00	3.053761e-03 ***
0.000000e+00	1.575832e-11	0.000000e+00	3.229279e-03 ***
0.000000e+00	1.809132e-09	0.000000e+00	3.109718e-03 ***
0.000000e+00	4.364368e-10	0.000000e+00	6.263380e-04 ***
0.000000e+00	3.374392e-08	0.000000e+00	2.485911e-03 ***
0.000000e+00	-6.564174e-10	0.000000e+00	3.224153e-03 ***
0.000000e+00	-1.563901e-08	0.000000e+00	3.145706e-03 ***
0.000000e+00	3.214314e-09	0.000000e+00	3.145706e-03 ***
0.000000e+00	-1.125284e-11	0.000000e+00	3.213474e-03 ***
0.000000e+00	-4.360988e-10	0.000000e+00	3.066897e-03 ***
0.000000e+00	-4.949003e-11	0.000000e+00	6.225942e-04 ***
0.000000e+00	1.431094e-09	0.000000e+00	2.864164e-03 ***
0.000000e+00	8.067915e-11	0.000000e+00	3.208550e-03 ***
0.000000e+00	-7.634877e-09	0.000000e+00	3.182582e-03 ***
0.000000e+00	-7.002333e-09	0.000000e+00	3.182582e-03 ***
0.000000e+00	1.568403e-11	0.000000e+00	3.187192e-03 ***
0.000000e+00	-3.557704e-10	0.000000e+00	3.011085e-03 ***
0.000000e+00	3.165047e-10	0.000000e+00	6.166435e-04 ***
0.000000e+00	5.076871e-10	0.000000e+00	3.031849e-03 ***
0.000000e+00	-3.713156e-11	0.000000e+00	3.182537e-03 ***
0.000000e+00	1.772722e-08	0.000000e+00	3.176262e-03 ***
0.000000e+00	1.799122e-08	0.000000e+00	3.176262e-03 ***
0.000000e+00	-1.138801e-11	0.000000e+00	3.150521e-03 ***
0.000000e+00	3.191202e-11	0.000000e+00	2.942023e-03 ***
0.000000e+00	-5.682877e-11	0.000000e+00	6.088463e-04 ***
0.000000e+00	4.345630e-10	0.000000e+00	3.073956e-03 ***
0.000000e+00	1.587544e-12	0.000000e+00	3.146242e-03 ***
0.000000e+00	-1.309450e-09	0.000000e+00	3.146489e-03 ***
0.000000e+00	-1.344320e-09	0.000000e+00	3.146489e-03 ***
0.000000e+00	1.574555e-11	0.000000e+00	3.103581e-03 ***
0.000000e+00	-2.415148e-10	0.000000e+00	2.859523e-03 ***
0.000000e+00	7.160283e-11	0.000000e+00	5.989041e-04 ***
0.000000e+00	-4.109047e-10	0.000000e+00	3.058716e-03 ***
0.000000e+00	4.649877e-11	0.000000e+00	3.099702e-03 ***
0.000000e+00	-2.446853e-09	0.000000e+00	3.102001e-03 ***
0.000000e+00	-2.342508e-09	0.000000e+00	3.102001e-03 ***
0.000000e+00	-1.178115e-11	0.000000e+00	3.046527e-03 ***
0.000000e+00	-1.109233e-09	0.000000e+00	2.764802e-03 ***
0.000000e+00	-6.977849e-11	0.000000e+00	5.866248e-04 ***
0.000000e+00	8.615236e-10	0.000000e+00	3.015990e-03 ***
0.000000e+00	2.117530e-10	0.000000e+00	3.043042e-03 ***
0.000000e+00	2.667367e-09	0.000000e+00	3.045925e-03 ***
0.000000e+00	2.921131e-09	0.000000e+00	3.045925e-03 ***
0.000000e+00	1.575368e-11	0.000000e+00	2.979550e-03 ***
0.000000e+00	-2.057529e-09	0.000000e+00	2.660565e-03 ***
0.000000e+00	2.518123e-10	0.000000e+00	5.727465e-04 ***
0.000000e+00	1.760330e-09	0.000000e+00	2.957160e-03 ***
0.000000e+00	3.132495e-10	0.000000e+00	2.976432e-03 ***
0.000000e+00	-2.444740e-09	0.000000e+00	2.979404e-03 ***
0.000000e+00	-1.773078e-09	0.000000e+00	2.979404e-03 ***
0.000000e+00	-1.232050e-11	0.000000e+00	2.902872e-03 ***
0.000000e+00	-2.475562e-09	0.000000e+00	2.550308e-03 ***
0.000000e+00	5.117605e-10	0.000000e+00	5.572007e-04 ***
0.000000e+00	2.671152e-09	0.000000e+00	2.886480e-03 ***
0.000000e+00	1.937907e-10	0.000000e+00	2.900105e-03 ***
0.000000e+00	-8.997496e-10	0.000000e+00	2.902967e-03 ***
0.000000e+00	-2.767308e-10	0.000000e+00	2.902967e-03 ***
0.000000e+00	1.591848e-11	0.000000e+00	2.816746e-03 ***
0.000000e+00	-2.165902e-09	0.000000e+00	2.437441e-03 ***
0.000000e+00	9.716523e-10	0.000000e+00	5.398009e-04 ***
0.000000e+00	2.263177e-09	0.000000e+00	2.805095e-03 ***
0.000000e+00	-2.983907e-11	0.000000e+00	2.814270e-03 ***
0.000000e+00	-2.248000e-10	0.000000e+00	2.816967e-03 ***
0.000000e+00	3.606660e-10	0.000000e+00	2.816967e-03 ***
0.000000e+00	-1.290456e-11	0.000000e+00	2.721457e-03 ***
0.000000e+00	-2.048897e-09	0.000000e+00	2.323425e-03 ***
0.000000e+00	8.232855e-10	0.000000e+00	5.204585e-04 ***
0.000000e+00	1.525002e-09	0.000000e+00	2.712977e-03 ***
0.000000e+00	3.943460e-11	0.000000e+00	2.719187e-03 ***
0.000000e+00	-1.640031e-09	0.000000e+00	2.721730e-03 ***
0.000000e+00	-1.411013e-09	0.000000e+00	2.721730e-03 ***
0.000000e+00	1.619821e-11	0.000000e+00	2.617322e-03 ***
0.000000e+00	-1.050038e-09	0.000000e+00	2.210887e-03 ***
0.000000e+00	8.965350e-10	0.000000e+00	4.996377e-04 ***
0.000000e+00	1.136192e-09	0.000000e+00	2.610863e-03 ***
0.000000e+00	-2.218662e-10	0.000000e+00	2.615203e-03 ***
0.000000e+00	7.552696e-10	0.000000e+00	2.617610e-03 ***
0.000000e+00	1.012401e-09	0.000000e+00	2.617610e-03 ***
0.000000e+00	-1.357389e-11	0.000000e+00	2.504655e-03 ***
0.000000e+00	-1.141375e-09	0.000000e+00	2.100094e-03 ***
0.000000e+00	4.875365e-10	0.000000e+00	4.781067e-04 ***
0.000000e+00	3.801790e-10	0.000000e+00	2.498975e-03 ***
0.000000e+00	4.094696e-11	0.000000e+00	2.501433e-03 ***
0.000000e+00	-1.091703e-09	0.000000e+00	2.504976e-03 ***
0.000000e+00	-1.113528e-09	0.000000e+00	2.504976e-03 ***
0.000000e+00	1.661861e-11	0.000000e+00	2.383839e-03 ***
0.000000e+00	-1.286646e-10	0.000000e+00	2.005562e-03 ***
0.000000e+00	3.738593e-10	0.000000e+00	4.574813e-04 ***
0.000000e+00	3.561748e-10	0.000000e+00	2.378089e-03 ***
0.000000e+00	-1.686271e-10	0.000000e+00	2.378901e-03 ***
0.000000e+00	9.807615e-10	0.000000e+00	2.384208e-03 ***
0.000000e+00	1.099132e-09	0.000000e+00	2.384208e-03 ***
0.000000e+00	-1.501425e-11	0.000000e+00	2.255261e-03 ***
0.000000e+00	-1.832268e-10	0.000000e+00	1.922841e-03 ***
0.000000e+00	1.212476e-10	0.000000e+00	4.364783e-04 ***
0.000000e+00	-2.081579e-11	0.000000e+00	2.248411e-03 ***
0.000000e+00	-1.287421e-12	0.000000e+00	2.248391e-03 ***
0.000000e+00	-8.337934e-10	0.000000e+00	2.255713e-03 ***
0.000000e+00	-9.317160e-10	0.000000e+00	2.255713e-03 ***
0.000000e+00	1.776321e-11	0.000000e+00	2.119411e-03 ***
0.000000e+00	1.215252e-10	0.000000e+00	1.850044e-03 ***
0.000000e+00	8.424301e-11	0.000000e+00	4.132257e-04 ***
0.000000e+00	1.253186e-10	0.000000e+00	2.112670e-03 ***
0.000000e+00	-7.125887e-11	0.000000e+00	2.112653e-03 ***
0.000000e+00	7.067125e-10	0.000000e+00	2.119931e-03 ***
0.000000e+00	8.088760e-10	0.000000e+00	2.119931e-03 ***
0.000000e+00	-1.696657e-11	0.000000e+00	1.976770e-03 ***
0.000000e+00	5.139659e-11	0.000000e+00	1.771408e-03 ***
0.000000e+00	2.958578e-11	0.000000e+00	3.876095e-04 ***
0.000000e+00	-3.017395e-11	0.000000e+00	1.971159e-03 ***
0.000000e+00	-1.510265e-11	0.000000e+00	1.971333e-03 ***
0.000000e+00	-6.322043e-10	0.000000e+00	1.977320e-03 ***
0.000000e+00	-7.402859e-10	0.000000e+00	1.977320e-03 ***
0.000000e+00	1.895041e-11	0.000000e+00	1.827849e-03 ***
0.000000e+00	3.782526e-11	0.000000e+00	1.678117e-03 ***
0.000000e+00	2.743739e-11	0.000000e+00	3.599938e-04 ***
0.000000e+00	7.650149e-11	0.000000e+00	1.823840e-03 ***
0.000000e+00	-2.586124e-11	0.000000e+00	1.824125e-03 ***
0.000000e+00	6.058432e-10	0.000000e+00	1.828362e-03 ***
0.000000e+00	7.156480e-10	0.000000e+00	1.828362e-03 ***
0.000000e+00	-1.885142e-11	0.000000e+00	1.673126e-03 ***
0.000000e+00	3.525953e-11	0.000000e+00	1.566513e-03 ***
0.000000e+00	1.746135e-11	0.000000e+00	3.306923e-04 ***
0.000000e+00	-3.964612e-11	0.000000e+00	1.670476e-03 ***
0.000000e+00	-6.753301e-12	0.000000e+00	1.670734e-03 ***
0.000000e+00	-5.869363e-10	0.000000e+00	1.673563e-03 ***
0.000000e+00	-7.037123e-10	0.000000e+00	1.673563e-03 ***
0.000000e+00	2.048620e-11	0.000000e+00	1.513106e-03 ***
0.000000e+00	-4.556678e-12	0.000000e+00	1.438706e-03 ***
0.000000e+00	1.472695e-11	0.000000e+00	2.999064e-04 ***
0.000000e+00	6.773687e-11	0.000000e+00	1.511434e-03 ***
0.000000e+00	-1.366378e-11	0.000000e+00	1.511628e-03 ***
0.000000e+00	5.910325e-10	0.000000e+00	1.513452e-03 ***
0.000000e+00	7.119434e-10	0.000000e+00	1.513452e-03 ***
0.000000e+00	-2.109548e-11	0.000000e+00	1.348338e-03 ***
0.000000e+00	7.583138e-12	0.000000e+00	1.297920e-03 ***
0.000000e+00	1.480668e-11	0.000000e+00	2.678480e-04 ***
0.000000e+00	-5.347913e-11	0.000000e+00	1.347348e-03 ***
0.000000e+00	7.287119e-13	0.000000e+00	1.347482e-03 ***
0.000000e+00	-5.957629e-10	0.000000e+00	1.348588e-03 ***
0.000000e+00	-7.248489e-10	0.000000e+00	1.348588e-03 ***
0.000000e+00	2.284759e-11	0.000000e+00	1.179395e-03 ***
0.000000e+00	-2.011681e-11	0.000000e+00	1.146581e-03 ***
0.000000e+00	9.803329e-12	0.000000e+00	2.347105e-04 ***
0.000000e+00	7.109315e-11	0.000000e+00	1.178830e-03 ***
0.000000e+00	-1.053247e-11	0.000000e+00	1.178915e-03 ***
0.000000e+00	6.163225e-10	0.000000e+00	1.179564e-03 ***
0.000000e+00	7.529713e-10	0.000000e+00	1.179564e-03 ***
0.000000e+00	-2.429536e-11	0.000000e+00	1.006920e-03 ***
0.000000e+00	-4.028061e-12	0.000000e+00	9.868388e-04 ***
0.000000e+00	1.283540e-11	0.000000e+00	2.006787e-04 ***
0.000000e+00	-6.799784e-11	0.000000e+00	1.006614e-03 ***
0.000000e+00	5.442873e-12	0.000000e+00	1.006665e-03 ***
0.000000e+00	-6.434700e-10	0.000000e+00	1.007025e-03 ***
0.000000e+00	-7.913407e-10	0.000000e+00	1.007025e-03 ***
0.000000e+00	2.672209e-11	0.000000e+00	8.316569e-04 ***
0.000000e+00	-2.368756e-11	0.000000e+00	8.204421e-04 ***
0.000000e+00	6.530414e-12	0.000000e+00	1.659421e-04 ***
0.000000e+00	8.195995e-11	0.000000e+00	8.315037e-04 ***
0.000000e+00	-1.066844e-11	0.000000e+00	8.315308e-04 ***
0.000000e+00	6.881442e-10	0.000000e+00	8.317161e-04 ***
0.000000e+00	8.492590e-10	0.000000e+00	8.317161e-04 ***
0.000000e+00	-2.959328e-11	0.000000e+00	6.546191e-04 ***
0.000000e+00	-3.130769e-12	0.000000e+00	6.491720e-04 ***
0.000000e+00	1.044795e-11	0.000000e+00	1.307366e-04 ***
0.000000e+00	-8.675991e-11	0.000000e+00	6.545508e-04 ***
0.000000e+00	9.051277e-12	0.000000e+00	6.545636e-04 ***
0.000000e+00	-7.520279e-10	0.000000e+00	6.546479e-04 ***
0.000000e+00	-9.317134e-10	0.000000e+00	6.546479e-04 ***
0.000000e+00	3.385587e-11	0.000000e+00	4.778373e-04 ***
0.000000e+00	-2.182560e-11	0.000000e+00	4.757217e-04 ***
0.000000e+00	1.349241e-12	0.000000e+00	9.549532e-05 ***
0.000000e+00	1.030177e-10	0.000000e+00	4.778125e-04 ***
0.000000e+00	-1.238316e-11	0.000000e+00	4.778173e-04 ***
0.000000e+00	8.479757e-10	0.000000e+00	4.778485e-04 ***
0.000000e+00	1.052977e-09	0.000000e+00	4.778485e-04 ***
0.000000e+00	-3.866223e-11	0.000000e+00	3.117416e-04 ***
0.000000e+00	5.338454e-12	0.000000e+00	3.111542e-04 ***
0.000000e+00	9.748815e-12	0.000000e+00	6.232839e-05 ***
0.000000e+00	-1.154314e-10	0.000000e+00	3.117350e-04 ***
0.000000e+00	1.263820e-11	0.000000e+00	3.117363e-04 ***
0.000000e+00	-9.616333e-10	0.000000e+00	3.117447e-04 ***
0.000000e+00	-1.196117e-09	0.000000e+00	3.117447e-04 ***
0.000000e+00	6.582565e-11	0.000000e+00	7.377724e-05 ***
0.000000e+00	-2.342897e-11	0.000000e+00	7.376638e-05 ***
0.000000e+00	-5.975265e-12	0.000000e+00	1.474144e-05 ***
0.000000e+00	1.993449e-10	0.000000e+00	7.370880e-05 ***
0.000000e+00	-2.343344e-11	0.000000e+00	7.370882e-05 ***
0.000000e+00	1.631993e-09	0.000000e+00	7.376420e-05 ***
0.000000e+00	2.031256e-09	0.000000e+00	7.376420e-05 ***
***** Phase 1 path constraints *****
LOWER		G(X)		UPPER		SCALING
***** Phase 1 event constraints *****
LOWER		G(X)		UPPER		SCALING
1.000000e-01	1.000000e-01	1.000000e-01	1.000000e-01 ***
1.000000e-02	1.000000e-02	1.000000e-02	1.000000e-01 ***
8.000000e-01	8.000000e-01	8.000000e-01	2.000000e-02 ***
0.000000e+00	-2.383688e-13	0.000000e+00	1.000000e-01 ***
0.000000e+00	-2.001334e-11	0.000000e+00	1.000000e-01 ***
1.000000e-01	1.000000e-01	1.000000e-01	1.000000e-01 ***
0.000000e+00	-1.407938e-09	0.000000e+00	1.000000e-01 ***
***** Phase 1 tf >= t0 constraint *****
LOWER		G(X)		UPPER		SCALING
-7.071068e-01	-7.071068e-01	0.000000e+00	7.071068e-01
***** Phase linkage constraints *****
LOWER		G(X)		UPPER		SCALING
***** Scaled Decision Variables ******************************
J	LOWER		X(J)		UPPER		SCALING		DESCRIPTION
1	0.000000e+00	1.481198e-02	1.000000e+00	1.000000e+00	CONTROL 1 PHASE 1
2	0.000000e+00	2.586669e-08	1.000000e+00	1.000000e+00	CONTROL 2 PHASE 1
3	0.000000e+00	1.536968e-02	1.000000e+00	1.000000e+00	CONTROL 1 PHASE 1
4	0.000000e+00	1.444178e-07	1.000000e+00	1.000000e+00	CONTROL 2 PHASE 1
5	0.000000e+00	1.811461e-02	1.000000e+00	1.000000e+00	CONTROL 1 PHASE 1
6	0.000000e+00	5.943248e-08	1.000000e+00	1.000000e+00	CONTROL 2 PHASE 1
7	0.000000e+00	1.568400e-02	1.000000e+00	1.000000e+00	CONTROL 1 PHASE 1
8	0.000000e+00	5.049360e-08	1.000000e+00	1.000000e+00	CONTROL 2 PHASE 1
9	0.000000e+00	1.388208e-03	1.000000e+00	1.000000e+00	CONTROL 1 PHASE 1
10	0.000000e+00	3.147398e-08	1.000000e+00	1.000000e+00	CONTROL 2 PHASE 1
11	0.000000e+00	5.835309e-04	1.000000e+00	1.000000e+00	CONTROL 1 PHASE 1
12	0.000000e+00	2.890523e-08	1.000000e+00	1.000000e+00	CONTROL 2 PHASE 1
13	0.000000e+00	5.140950e-04	1.000000e+00	1.000000e+00	CONTROL 1 PHASE 1
14	0.000000e+00	2.121687e-08	1.000000e+00	1.000000e+00	CONTROL 2 PHASE 1
15	0.000000e+00	2.653167e-04	1.000000e+00	1.000000e+00	CONTROL 1 PHASE 1
16	0.000000e+00	2.007967e-08	1.000000e+00	1.000000e+00	CONTROL 2 PHASE 1
17	0.000000e+00	2.904339e-04	1.000000e+00	1.000000e+00	CONTROL 1 PHASE 1
18	0.000000e+00	1.656653e-08	1.000000e+00	1.000000e+00	CONTROL 2 PHASE 1
19	0.000000e+00	1.119276e-03	1.000000e+00	1.000000e+00	CONTROL 1 PHASE 1
20	0.000000e+00	1.594363e-08	1.000000e+00	1.000000e+00	CONTROL 2 PHASE 1
21	0.000000e+00	3.334490e-04	1.000000e+00	1.000000e+00	CONTROL 1 PHASE 1
22	0.000000e+00	1.463732e-08	1.000000e+00	1.000000e+00	CONTROL 2 PHASE 1
23	0.000000e+00	1.709935e-03	1.000000e+00	1.000000e+00	CONTROL 1 PHASE 1
24	0.000000e+00	1.429917e-08	1.000000e+00	1.000000e+00	CONTROL 2 PHASE 1
25	0.000000e+00	1.486789e-03	1.000000e+00	1.000000e+00	CONTROL 1 PHASE 1
26	0.000000e+00	1.455455e-08	1.000000e+00	1.000000e+00	CONTROL 2 PHASE 1
27	0.000000e+00	2.344449e-03	1.000000e+00	1.000000e+00	CONTROL 1 PHASE 1
28	0.000000e+00	1.449701e-08	1.000000e+00	1.000000e+00	CONTROL 2 PHASE 1
29	0.000000e+00	3.942989e-03	1.000000e+00	1.000000e+00	CONTROL 1 PHASE 1
30	0.000000e+00	1.622942e-08	1.000000e+00	1.000000e+00	CONTROL 2 PHASE 1
31	0.000000e+00	4.645029e-03	1.000000e+00	1.000000e+00	CONTROL 1 PHASE 1
32	0.000000e+00	1.663610e-08	1.000000e+00	1.000000e+00	CONTROL 2 PHASE 1
33	0.000000e+00	8.956029e-03	1.000000e+00	1.000000e+00	CONTROL 1 PHASE 1
34	0.000000e+00	2.020118e-08	1.000000e+00	1.000000e+00	CONTROL 2 PHASE 1
35	0.000000e+00	8.810708e-03	1.000000e+00	1.000000e+00	CONTROL 1 PHASE 1
36	0.000000e+00	2.163236e-08	1.000000e+00	1.000000e+00	CONTROL 2 PHASE 1
37	0.000000e+00	1.267042e-02	1.000000e+00	1.000000e+00	CONTROL 1 PHASE 1
38	0.000000e+00	2.804274e-08	1.000000e+00	1.000000e+00	CONTROL 2 PHASE 1
39	0.000000e+00	1.165564e-02	1.000000e+00	1.000000e+00	CONTROL 1 PHASE 1
40	0.000000e+00	3.222649e-08	1.000000e+00	1.000000e+00	CONTROL 2 PHASE 1
41	0.000000e+00	1.442360e-02	1.000000e+00	1.000000e+00	CONTROL 1 PHASE 1
42	0.000000e+00	4.399838e-08	1.000000e+00	1.000000e+00	CONTROL 2 PHASE 1
43	0.000000e+00	1.365114e-02	1.000000e+00	1.000000e+00	CONTROL 1 PHASE 1
44	0.000000e+00	5.737155e-08	1.000000e+00	1.000000e+00	CONTROL 2 PHASE 1
45	0.000000e+00	1.591344e-02	1.000000e+00	1.000000e+00	CONTROL 1 PHASE 1
46	0.000000e+00	8.138483e-08	1.000000e+00	1.000000e+00	CONTROL 2 PHASE 1
47	0.000000e+00	1.679928e-02	1.000000e+00	1.000000e+00	CONTROL 1 PHASE 1
48	0.000000e+00	1.352322e-07	1.000000e+00	1.000000e+00	CONTROL 2 PHASE 1
49	0.000000e+00	1.949611e-02	1.000000e+00	1.000000e+00	CONTROL 1 PHASE 1
50	0.000000e+00	1.731213e-07	1.000000e+00	1.000000e+00	CONTROL 2 PHASE 1
51	0.000000e+00	2.330243e-02	1.000000e+00	1.000000e+00	CONTROL 1 PHASE 1
52	0.000000e+00	4.009175e-08	1.000000e+00	1.000000e+00	CONTROL 2 PHASE 1
53	0.000000e+00	2.873049e-02	1.000000e+00	1.000000e+00	CONTROL 1 PHASE 1
54	0.000000e+00	3.020222e-04	1.000000e+00	1.000000e+00	CONTROL 2 PHASE 1
55	0.000000e+00	3.910733e-02	1.000000e+00	1.000000e+00	CONTROL 1 PHASE 1
56	0.000000e+00	5.745157e-03	1.000000e+00	1.000000e+00	CONTROL 2 PHASE 1
57	0.000000e+00	4.647218e-02	1.000000e+00	1.000000e+00	CONTROL 1 PHASE 1
58	0.000000e+00	9.034748e-03	1.000000e+00	1.000000e+00	CONTROL 2 PHASE 1
59	0.000000e+00	5.968076e-02	1.000000e+00	1.000000e+00	CONTROL 1 PHASE 1
60	0.000000e+00	1.825306e-02	1.000000e+00	1.000000e+00	CONTROL 2 PHASE 1
61	0.000000e+00	6.680059e-02	1.000000e+00	1.000000e+00	CONTROL 1 PHASE 1
62	0.000000e+00	1.531382e-02	1.000000e+00	1.000000e+00	CONTROL 2 PHASE 1
63	0.000000e+00	8.014928e-02	1.000000e+00	1.000000e+00	CONTROL 1 PHASE 1
64	0.000000e+00	1.441533e-02	1.000000e+00	1.000000e+00	CONTROL 2 PHASE 1
65	0.000000e+00	8.892384e-02	1.000000e+00	1.000000e+00	CONTROL 1 PHASE 1
66	0.000000e+00	2.320866e-02	1.000000e+00	1.000000e+00	CONTROL 2 PHASE 1
67	0.000000e+00	1.063915e-01	1.000000e+00	1.000000e+00	CONTROL 1 PHASE 1
68	0.000000e+00	2.023559e-02	1.000000e+00	1.000000e+00	CONTROL 2 PHASE 1
69	0.000000e+00	1.196038e-01	1.000000e+00	1.000000e+00	CONTROL 1 PHASE 1
70	0.000000e+00	3.029270e-02	1.000000e+00	1.000000e+00	CONTROL 2 PHASE 1
71	0.000000e+00	1.369747e-01	1.000000e+00	1.000000e+00	CONTROL 1 PHASE 1
72	0.000000e+00	2.332166e-02	1.000000e+00	1.000000e+00	CONTROL 2 PHASE 1
73	0.000000e+00	1.508455e-01	1.000000e+00	1.000000e+00	CONTROL 1 PHASE 1
74	0.000000e+00	3.882353e-02	1.000000e+00	1.000000e+00	CONTROL 2 PHASE 1
75	0.000000e+00	1.741113e-01	1.000000e+00	1.000000e+00	CONTROL 1 PHASE 1
76	0.000000e+00	3.802592e-02	1.000000e+00	1.000000e+00	CONTROL 2 PHASE 1
77	0.000000e+00	2.204616e-01	1.000000e+00	1.000000e+00	CONTROL 1 PHASE 1
78	0.000000e+00	5.211300e-02	1.000000e+00	1.000000e+00	CONTROL 2 PHASE 1
79	0.000000e+00	3.083489e-01	1.000000e+00	1.000000e+00	CONTROL 1 PHASE 1
80	0.000000e+00	1.054371e-01	1.000000e+00	1.000000e+00	CONTROL 2 PHASE 1
81	0.000000e+00	4.348413e-01	1.000000e+00	1.000000e+00	CONTROL 1 PHASE 1
82	0.000000e+00	2.395430e-01	1.000000e+00	1.000000e+00	CONTROL 2 PHASE 1
83	0.000000e+00	5.586880e-01	1.000000e+00	1.000000e+00	CONTROL 1 PHASE 1
84	0.000000e+00	4.610387e-01	1.000000e+00	1.000000e+00	CONTROL 2 PHASE 1
85	0.000000e+00	6.608591e-01	1.000000e+00	1.000000e+00	CONTROL 1 PHASE 1
86	0.000000e+00	6.357343e-01	1.000000e+00	1.000000e+00	CONTROL 2 PHASE 1
87	0.000000e+00	7.102407e-01	1.000000e+00	1.000000e+00	CONTROL 1 PHASE 1
88	0.000000e+00	7.522481e-01	1.000000e+00	1.000000e+00	CONTROL 2 PHASE 1
89	0.000000e+00	7.298983e-01	1.000000e+00	1.000000e+00	CONTROL 1 PHASE 1
90	0.000000e+00	7.809834e-01	1.000000e+00	1.000000e+00	CONTROL 2 PHASE 1
91	0.000000e+00	7.077799e-01	1.000000e+00	1.000000e+00	CONTROL 1 PHASE 1
92	0.000000e+00	7.738086e-01	1.000000e+00	1.000000e+00	CONTROL 2 PHASE 1
93	0.000000e+00	6.830035e-01	1.000000e+00	1.000000e+00	CONTROL 1 PHASE 1
94	0.000000e+00	7.302471e-01	1.000000e+00	1.000000e+00	CONTROL 2 PHASE 1
95	0.000000e+00	6.403705e-01	1.000000e+00	1.000000e+00	CONTROL 1 PHASE 1
96	0.000000e+00	6.897616e-01	1.000000e+00	1.000000e+00	CONTROL 2 PHASE 1
97	0.000000e+00	6.104651e-01	1.000000e+00	1.000000e+00	CONTROL 1 PHASE 1
98	0.000000e+00	6.432962e-01	1.000000e+00	1.000000e+00	CONTROL 2 PHASE 1
99	0.000000e+00	5.760314e-01	1.000000e+00	1.000000e+00	CONTROL 1 PHASE 1
100	0.000000e+00	6.104872e-01	1.000000e+00	1.000000e+00	CONTROL 2 PHASE 1
101	0.000000e+00	5.558635e-01	1.000000e+00	1.000000e+00	CONTROL 1 PHASE 1
102	0.000000e+00	5.815999e-01	1.000000e+00	1.000000e+00	CONTROL 2 PHASE 1
103	0.000000e+00	5.383074e-01	1.000000e+00	1.000000e+00	CONTROL 1 PHASE 1
104	0.000000e+00	5.650292e-01	1.000000e+00	1.000000e+00	CONTROL 2 PHASE 1
105	0.000000e+00	5.302280e-01	1.000000e+00	1.000000e+00	CONTROL 1 PHASE 1
106	0.000000e+00	5.545829e-01	1.000000e+00	1.000000e+00	CONTROL 2 PHASE 1
107	0.000000e+00	5.265938e-01	1.000000e+00	1.000000e+00	CONTROL 1 PHASE 1
108	0.000000e+00	5.482278e-01	1.000000e+00	1.000000e+00	CONTROL 2 PHASE 1
109	0.000000e+00	5.246958e-01	1.000000e+00	1.000000e+00	CONTROL 1 PHASE 1
110	0.000000e+00	5.500106e-01	1.000000e+00	1.000000e+00	CONTROL 2 PHASE 1
111	-1.000000e+00	1.000000e-01	1.000000e+00	1.000000e-01	STATE 1 PHASE 1
112	-1.000000e+00	1.000000e-02	1.000000e+00	1.000000e-01	STATE 2 PHASE 1
113	-2.000000e-01	8.000000e-01	1.000000e+00	2.000000e-02	STATE 3 PHASE 1
114	-1.000000e+00	-2.383688e-13	1.000000e+00	1.000000e-01	STATE 4 PHASE 1
115	-1.000000e+00	-2.001334e-11	1.000000e+00	1.000000e-01	STATE 5 PHASE 1
116	-1.000000e+00	1.000000e-01	1.000000e+00	1.000000e-01	STATE 6 PHASE 1
117	-1.000000e+00	-1.407938e-09	1.000000e+00	1.000000e-01	STATE 7 PHASE 1
118	-1.000000e+00	1.000187e-01	1.000000e+00	1.000000e-01	STATE 1 PHASE 1
119	-1.000000e+00	1.007030e-02	1.000000e+00	1.000000e-01	STATE 2 PHASE 1
120	-2.000000e-01	8.001965e-01	1.000000e+00	2.000000e-02	STATE 3 PHASE 1
121	-1.000000e+00	3.867919e-07	1.000000e+00	1.000000e-01	STATE 4 PHASE 1
122	-1.000000e+00	-6.385607e-09	1.000000e+00	1.000000e-01	STATE 5 PHASE 1
123	-1.000000e+00	9.999999e-02	1.000000e+00	1.000000e-01	STATE 6 PHASE 1
124	-1.000000e+00	-4.575315e-09	1.000000e+00	1.000000e-01	STATE 7 PHASE 1
125	-1.000000e+00	1.000667e-01	1.000000e+00	1.000000e-01	STATE 1 PHASE 1
126	-1.000000e+00	1.023698e-02	1.000000e+00	1.000000e-01	STATE 2 PHASE 1
127	-2.000000e-01	8.007040e-01	1.000000e+00	2.000000e-02	STATE 3 PHASE 1
128	-1.000000e+00	1.279170e-06	1.000000e+00	1.000000e-01	STATE 4 PHASE 1
129	-1.000000e+00	1.868379e-08	1.000000e+00	1.000000e-01	STATE 5 PHASE 1
130	-1.000000e+00	9.999999e-02	1.000000e+00	1.000000e-01	STATE 6 PHASE 1
131	-1.000000e+00	-7.682600e-09	1.000000e+00	1.000000e-01	STATE 7 PHASE 1
132	-1.000000e+00	1.001498e-01	1.000000e+00	1.000000e-01	STATE 1 PHASE 1
133	-1.000000e+00	1.050308e-02	1.000000e+00	1.000000e-01	STATE 2 PHASE 1
134	-2.000000e-01	8.015916e-01	1.000000e+00	2.000000e-02	STATE 3 PHASE 1
135	-1.000000e+00	2.763128e-06	1.000000e+00	1.000000e-01	STATE 4 PHASE 1
136	-1.000000e+00	-2.735039e-08	1.000000e+00	1.000000e-01	STATE 5 PHASE 1
137	-1.000000e+00	9.999999e-02	1.000000e+00	1.000000e-01	STATE 6 PHASE 1
138	-1.000000e+00	-9.229582e-09	1.000000e+00	1.000000e-01	STATE 7 PHASE 1
139	-1.000000e+00	1.001990e-01	1.000000e+00	1.000000e-01	STATE 1 PHASE 1
140	-1.000000e+00	1.088260e-02	1.000000e+00	1.000000e-01	STATE 2 PHASE 1
141	-2.000000e-01	8.020293e-01	1.000000e+00	2.000000e-02	STATE 3 PHASE 1
142	-1.000000e+00	4.749213e-06	1.000000e+00	1.000000e-01	STATE 4 PHASE 1
143	-1.000000e+00	4.803441e-08	1.000000e+00	1.000000e-01	STATE 5 PHASE 1
144	-1.000000e+00	9.999999e-02	1.000000e+00	1.000000e-01	STATE 6 PHASE 1
145	-1.000000e+00	-1.699772e-08	1.000000e+00	1.000000e-01	STATE 7 PHASE 1
146	-1.000000e+00	1.001981e-01	1.000000e+00	1.000000e-01	STATE 1 PHASE 1
147	-1.000000e+00	1.138796e-02	1.000000e+00	1.000000e-01	STATE 2 PHASE 1
148	-2.000000e-01	8.018210e-01	1.000000e+00	2.000000e-02	STATE 3 PHASE 1
149	-1.000000e+00	7.497316e-06	1.000000e+00	1.000000e-01	STATE 4 PHASE 1
150	-1.000000e+00	-5.679057e-08	1.000000e+00	1.000000e-01	STATE 5 PHASE 1
151	-1.000000e+00	9.999997e-02	1.000000e+00	1.000000e-01	STATE 6 PHASE 1
152	-1.000000e+00	-1.248062e-08	1.000000e+00	1.000000e-01	STATE 7 PHASE 1
153	-1.000000e+00	1.002079e-01	1.000000e+00	1.000000e-01	STATE 1 PHASE 1
154	-1.000000e+00	1.202586e-02	1.000000e+00	1.000000e-01	STATE 2 PHASE 1
155	-2.000000e-01	8.016871e-01	1.000000e+00	2.000000e-02	STATE 3 PHASE 1
156	-1.000000e+00	1.078209e-05	1.000000e+00	1.000000e-01	STATE 4 PHASE 1
157	-1.000000e+00	8.419103e-08	1.000000e+00	1.000000e-01	STATE 5 PHASE 1
158	-1.000000e+00	9.999998e-02	1.000000e+00	1.000000e-01	STATE 6 PHASE 1
159	-1.000000e+00	-2.828258e-08	1.000000e+00	1.000000e-01	STATE 7 PHASE 1
160	-1.000000e+00	1.002088e-01	1.000000e+00	1.000000e-01	STATE 1 PHASE 1
161	-1.000000e+00	1.281632e-02	1.000000e+00	1.000000e-01	STATE 2 PHASE 1
162	-2.000000e-01	8.013884e-01	1.000000e+00	2.000000e-02	STATE 3 PHASE 1
163	-1.000000e+00	1.509837e-05	1.000000e+00	1.000000e-01	STATE 4 PHASE 1
164	-1.000000e+00	-9.208111e-08	1.000000e+00	1.000000e-01	STATE 5 PHASE 1
165	-1.000000e+00	9.999995e-02	1.000000e+00	1.000000e-01	STATE 6 PHASE 1
166	-1.000000e+00	-1.149035e-08	1.000000e+00	1.000000e-01	STATE 7 PHASE 1
167	-1.000000e+00	1.002141e-01	1.000000e+00	1.000000e-01	STATE 1 PHASE 1
168	-1.000000e+00	1.377914e-02	1.000000e+00	1.000000e-01	STATE 2 PHASE 1
169	-2.000000e-01	8.010728e-01	1.000000e+00	2.000000e-02	STATE 3 PHASE 1
170	-1.000000e+00	2.003494e-05	1.000000e+00	1.000000e-01	STATE 4 PHASE 1
171	-1.000000e+00	1.248296e-07	1.000000e+00	1.000000e-01	STATE 5 PHASE 1
172	-1.000000e+00	9.999998e-02	1.000000e+00	1.000000e-01	STATE 6 PHASE 1
173	-1.000000e+00	-4.255815e-08	1.000000e+00	1.000000e-01	STATE 7 PHASE 1
174	-1.000000e+00	1.002221e-01	1.000000e+00	1.000000e-01	STATE 1 PHASE 1
175	-1.000000e+00	1.494213e-02	1.000000e+00	1.000000e-01	STATE 2 PHASE 1
176	-2.000000e-01	8.007137e-01	1.000000e+00	2.000000e-02	STATE 3 PHASE 1
177	-1.000000e+00	2.640608e-05	1.000000e+00	1.000000e-01	STATE 4 PHASE 1
178	-1.000000e+00	-1.305182e-07	1.000000e+00	1.000000e-01	STATE 5 PHASE 1
179	-1.000000e+00	9.999993e-02	1.000000e+00	1.000000e-01	STATE 6 PHASE 1
180	-1.000000e+00	-3.328617e-09	1.000000e+00	1.000000e-01	STATE 7 PHASE 1
181	-1.000000e+00	1.002364e-01	1.000000e+00	1.000000e-01	STATE 1 PHASE 1
182	-1.000000e+00	1.633741e-02	1.000000e+00	1.000000e-01	STATE 2 PHASE 1
183	-2.000000e-01	8.003346e-01	1.000000e+00	2.000000e-02	STATE 3 PHASE 1
184	-1.000000e+00	3.354644e-05	1.000000e+00	1.000000e-01	STATE 4 PHASE 1
185	-1.000000e+00	1.668802e-07	1.000000e+00	1.000000e-01	STATE 5 PHASE 1
186	-1.000000e+00	9.999998e-02	1.000000e+00	1.000000e-01	STATE 6 PHASE 1
187	-1.000000e+00	-6.206732e-08	1.000000e+00	1.000000e-01	STATE 7 PHASE 1
188	-1.000000e+00	1.002477e-01	1.000000e+00	1.000000e-01	STATE 1 PHASE 1
189	-1.000000e+00	1.800804e-02	1.000000e+00	1.000000e-01	STATE 2 PHASE 1
190	-2.000000e-01	7.998156e-01	1.000000e+00	2.000000e-02	STATE 3 PHASE 1
191	-1.000000e+00	4.271662e-05	1.000000e+00	1.000000e-01	STATE 4 PHASE 1
192	-1.000000e+00	-1.678071e-07	1.000000e+00	1.000000e-01	STATE 5 PHASE 1
193	-1.000000e+00	9.999989e-02	1.000000e+00	1.000000e-01	STATE 6 PHASE 1
194	-1.000000e+00	1.599090e-08	1.000000e+00	1.000000e-01	STATE 7 PHASE 1
195	-1.000000e+00	1.002848e-01	1.000000e+00	1.000000e-01	STATE 1 PHASE 1
196	-1.000000e+00	1.999740e-02	1.000000e+00	1.000000e-01	STATE 2 PHASE 1
197	-2.000000e-01	7.994750e-01	1.000000e+00	2.000000e-02	STATE 3 PHASE 1
198	-1.000000e+00	5.288572e-05	1.000000e+00	1.000000e-01	STATE 4 PHASE 1
199	-1.000000e+00	2.047518e-07	1.000000e+00	1.000000e-01	STATE 5 PHASE 1
200	-1.000000e+00	9.999999e-02	1.000000e+00	1.000000e-01	STATE 6 PHASE 1
201	-1.000000e+00	-9.057337e-08	1.000000e+00	1.000000e-01	STATE 7 PHASE 1
202	-1.000000e+00	1.003108e-01	1.000000e+00	1.000000e-01	STATE 1 PHASE 1
203	-1.000000e+00	2.237367e-02	1.000000e+00	1.000000e-01	STATE 2 PHASE 1
204	-2.000000e-01	7.988544e-01	1.000000e+00	2.000000e-02	STATE 3 PHASE 1
205	-1.000000e+00	6.595966e-05	1.000000e+00	1.000000e-01	STATE 4 PHASE 1
206	-1.000000e+00	-1.957694e-07	1.000000e+00	1.000000e-01	STATE 5 PHASE 1
207	-1.000000e+00	9.999983e-02	1.000000e+00	1.000000e-01	STATE 6 PHASE 1
208	-1.000000e+00	5.242495e-08	1.000000e+00	1.000000e-01	STATE 7 PHASE 1
209	-1.000000e+00	1.003863e-01	1.000000e+00	1.000000e-01	STATE 1 PHASE 1
210	-1.000000e+00	2.519464e-02	1.000000e+00	1.000000e-01	STATE 2 PHASE 1
211	-2.000000e-01	7.986420e-01	1.000000e+00	2.000000e-02	STATE 3 PHASE 1
212	-1.000000e+00	8.035894e-05	1.000000e+00	1.000000e-01	STATE 4 PHASE 1
213	-1.000000e+00	2.270582e-07	1.000000e+00	1.000000e-01	STATE 5 PHASE 1
214	-1.000000e+00	1.000000e-01	1.000000e+00	1.000000e-01	STATE 6 PHASE 1
215	-1.000000e+00	-1.343293e-07	1.000000e+00	1.000000e-01	STATE 7 PHASE 1
216	-1.000000e+00	1.004662e-01	1.000000e+00	1.000000e-01	STATE 1 PHASE 1
217	-1.000000e+00	2.855836e-02	1.000000e+00	1.000000e-01	STATE 2 PHASE 1
218	-2.000000e-01	7.982742e-01	1.000000e+00	2.000000e-02	STATE 3 PHASE 1
219	-1.000000e+00	9.893734e-05	1.000000e+00	1.000000e-01	STATE 4 PHASE 1
220	-1.000000e+00	-1.973839e-07	1.000000e+00	1.000000e-01	STATE 5 PHASE 1
221	-1.000000e+00	9.999975e-02	1.000000e+00	1.000000e-01	STATE 6 PHASE 1
222	-1.000000e+00	1.155280e-07	1.000000e+00	1.000000e-01	STATE 7 PHASE 1
223	-1.000000e+00	1.006302e-01	1.000000e+00	1.000000e-01	STATE 1 PHASE 1
224	-1.000000e+00	3.254344e-02	1.000000e+00	1.000000e-01	STATE 2 PHASE 1
225	-2.000000e-01	7.986482e-01	1.000000e+00	2.000000e-02	STATE 3 PHASE 1
226	-1.000000e+00	1.192364e-04	1.000000e+00	1.000000e-01	STATE 4 PHASE 1
227	-1.000000e+00	2.092727e-07	1.000000e+00	1.000000e-01	STATE 5 PHASE 1
228	-1.000000e+00	1.000001e-01	1.000000e+00	1.000000e-01	STATE 6 PHASE 1
229	-1.000000e+00	-2.041045e-07	1.000000e+00	1.000000e-01	STATE 7 PHASE 1
230	-1.000000e+00	1.008366e-01	1.000000e+00	1.000000e-01	STATE 1 PHASE 1
231	-1.000000e+00	3.728310e-02	1.000000e+00	1.000000e-01	STATE 2 PHASE 1
232	-2.000000e-01	7.992257e-01	1.000000e+00	2.000000e-02	STATE 3 PHASE 1
233	-1.000000e+00	1.455800e-04	1.000000e+00	1.000000e-01	STATE 4 PHASE 1
234	-1.000000e+00	-1.349851e-07	1.000000e+00	1.000000e-01	STATE 5 PHASE 1
235	-1.000000e+00	9.999962e-02	1.000000e+00	1.000000e-01	STATE 6 PHASE 1
236	-1.000000e+00	2.218841e-07	1.000000e+00	1.000000e-01	STATE 7 PHASE 1
237	-1.000000e+00	1.011028e-01	1.000000e+00	1.000000e-01	STATE 1 PHASE 1
238	-1.000000e+00	4.291251e-02	1.000000e+00	1.000000e-01	STATE 2 PHASE 1
239	-2.000000e-01	8.001387e-01	1.000000e+00	2.000000e-02	STATE 3 PHASE 1
240	-1.000000e+00	1.740969e-04	1.000000e+00	1.000000e-01	STATE 4 PHASE 1
241	-1.000000e+00	9.487512e-08	1.000000e+00	1.000000e-01	STATE 5 PHASE 1
242	-1.000000e+00	1.000002e-01	1.000000e+00	1.000000e-01	STATE 6 PHASE 1
243	-1.000000e+00	-3.197856e-07	1.000000e+00	1.000000e-01	STATE 7 PHASE 1
244	-1.000000e+00	1.014167e-01	1.000000e+00	1.000000e-01	STATE 1 PHASE 1
245	-1.000000e+00	4.960758e-02	1.000000e+00	1.000000e-01	STATE 2 PHASE 1
246	-2.000000e-01	8.011756e-01	1.000000e+00	2.000000e-02	STATE 3 PHASE 1
247	-1.000000e+00	2.116039e-04	1.000000e+00	1.000000e-01	STATE 4 PHASE 1
248	-1.000000e+00	8.214941e-08	1.000000e+00	1.000000e-01	STATE 5 PHASE 1
249	-1.000000e+00	9.999942e-02	1.000000e+00	1.000000e-01	STATE 6 PHASE 1
250	-1.000000e+00	4.032873e-07	1.000000e+00	1.000000e-01	STATE 7 PHASE 1
251	-1.000000e+00	1.017506e-01	1.000000e+00	1.000000e-01	STATE 1 PHASE 1
252	-1.000000e+00	5.758241e-02	1.000000e+00	1.000000e-01	STATE 2 PHASE 1
253	-2.000000e-01	8.019185e-01	1.000000e+00	2.000000e-02	STATE 3 PHASE 1
254	-1.000000e+00	2.515357e-04	1.000000e+00	1.000000e-01	STATE 4 PHASE 1
255	-1.000000e+00	-2.598319e-07	1.000000e+00	1.000000e-01	STATE 5 PHASE 1
256	-1.000000e+00	1.000003e-01	1.000000e+00	1.000000e-01	STATE 6 PHASE 1
257	-1.000000e+00	-5.219525e-07	1.000000e+00	1.000000e-01	STATE 7 PHASE 1
258	-1.000000e+00	1.021384e-01	1.000000e+00	1.000000e-01	STATE 1 PHASE 1
259	-1.000000e+00	6.706027e-02	1.000000e+00	1.000000e-01	STATE 2 PHASE 1
260	-2.000000e-01	8.026624e-01	1.000000e+00	2.000000e-02	STATE 3 PHASE 1
261	-1.000000e+00	3.053403e-04	1.000000e+00	1.000000e-01	STATE 4 PHASE 1
262	-1.000000e+00	6.991154e-07	1.000000e+00	1.000000e-01	STATE 5 PHASE 1
263	-1.000000e+00	9.999907e-02	1.000000e+00	1.000000e-01	STATE 6 PHASE 1
264	-1.000000e+00	7.289341e-07	1.000000e+00	1.000000e-01	STATE 7 PHASE 1
265	-1.000000e+00	1.025275e-01	1.000000e+00	1.000000e-01	STATE 1 PHASE 1
266	-1.000000e+00	7.835326e-02	1.000000e+00	1.000000e-01	STATE 2 PHASE 1
267	-2.000000e-01	8.026862e-01	1.000000e+00	2.000000e-02	STATE 3 PHASE 1
268	-1.000000e+00	3.606338e-04	1.000000e+00	1.000000e-01	STATE 4 PHASE 1
269	-1.000000e+00	-1.279094e-06	1.000000e+00	1.000000e-01	STATE 5 PHASE 1
270	-1.000000e+00	1.000007e-01	1.000000e+00	1.000000e-01	STATE 6 PHASE 1
271	-1.000000e+00	-9.091791e-07	1.000000e+00	1.000000e-01	STATE 7 PHASE 1
272	-1.000000e+00	1.029992e-01	1.000000e+00	1.000000e-01	STATE 1 PHASE 1
273	-1.000000e+00	9.172942e-02	1.000000e+00	1.000000e-01	STATE 2 PHASE 1
274	-2.000000e-01	8.027661e-01	1.000000e+00	2.000000e-02	STATE 3 PHASE 1
275	-1.000000e+00	4.386626e-04	1.000000e+00	1.000000e-01	STATE 4 PHASE 1
276	-1.000000e+00	2.524002e-06	1.000000e+00	1.000000e-01	STATE 5 PHASE 1
277	-1.000000e+00	9.999838e-02	1.000000e+00	1.000000e-01	STATE 6 PHASE 1
278	-1.000000e+00	1.385362e-06	1.000000e+00	1.000000e-01	STATE 7 PHASE 1
279	-1.000000e+00	1.034895e-01	1.000000e+00	1.000000e-01	STATE 1 PHASE 1
280	-1.000000e+00	1.076078e-01	1.000000e+00	1.000000e-01	STATE 2 PHASE 1
281	-2.000000e-01	8.020751e-01	1.000000e+00	2.000000e-02	STATE 3 PHASE 1
282	-1.000000e+00	5.125372e-04	1.000000e+00	1.000000e-01	STATE 4 PHASE 1
283	-1.000000e+00	-4.601015e-06	1.000000e+00	1.000000e-01	STATE 5 PHASE 1
284	-1.000000e+00	1.000016e-01	1.000000e+00	1.000000e-01	STATE 6 PHASE 1
285	-1.000000e+00	-1.809421e-06	1.000000e+00	1.000000e-01	STATE 7 PHASE 1
286	-1.000000e+00	1.041189e-01	1.000000e+00	1.000000e-01	STATE 1 PHASE 1
287	-1.000000e+00	1.262810e-01	1.000000e+00	1.000000e-01	STATE 2 PHASE 1
288	-2.000000e-01	8.016702e-01	1.000000e+00	2.000000e-02	STATE 3 PHASE 1
289	-1.000000e+00	6.291947e-04	1.000000e+00	1.000000e-01	STATE 4 PHASE 1
290	-1.000000e+00	9.394729e-06	1.000000e+00	1.000000e-01	STATE 5 PHASE 1
291	-1.000000e+00	9.999661e-02	1.000000e+00	1.000000e-01	STATE 6 PHASE 1
292	-1.000000e+00	3.130177e-06	1.000000e+00	1.000000e-01	STATE 7 PHASE 1
293	-1.000000e+00	1.048322e-01	1.000000e+00	1.000000e-01	STATE 1 PHASE 1
294	-1.000000e+00	1.482439e-01	1.000000e+00	1.000000e-01	STATE 2 PHASE 1
295	-2.000000e-01	8.009892e-01	1.000000e+00	2.000000e-02	STATE 3 PHASE 1
296	-1.000000e+00	7.166799e-04	1.000000e+00	1.000000e-01	STATE 4 PHASE 1
297	-1.000000e+00	-1.397499e-05	1.000000e+00	1.000000e-01	STATE 5 PHASE 1
298	-1.000000e+00	1.000040e-01	1.000000e+00	1.000000e-01	STATE 6 PHASE 1
299	-1.000000e+00	-4.283506e-06	1.000000e+00	1.000000e-01	STATE 7 PHASE 1
300	-1.000000e+00	1.059078e-01	1.000000e+00	1.000000e-01	STATE 1 PHASE 1
301	-1.000000e+00	1.735389e-01	1.000000e+00	1.000000e-01	STATE 2 PHASE 1
302	-2.000000e-01	8.010836e-01	1.000000e+00	2.000000e-02	STATE 3 PHASE 1
303	-1.000000e+00	1.122936e-03	1.000000e+00	1.000000e-01	STATE 4 PHASE 1
304	-1.000000e+00	3.005368e-04	1.000000e+00	1.000000e-01	STATE 5 PHASE 1
305	-1.000000e+00	9.993178e-02	1.000000e+00	1.000000e-01	STATE 6 PHASE 1
306	-1.000000e+00	6.789016e-05	1.000000e+00	1.000000e-01	STATE 7 PHASE 1
307	-1.000000e+00	1.073371e-01	1.000000e+00	1.000000e-01	STATE 1 PHASE 1
308	-1.000000e+00	2.024948e-01	1.000000e+00	1.000000e-01	STATE 2 PHASE 1
309	-2.000000e-01	8.008113e-01	1.000000e+00	2.000000e-02	STATE 3 PHASE 1
310	-1.000000e+00	2.902934e-03	1.000000e+00	1.000000e-01	STATE 4 PHASE 1
311	-1.000000e+00	1.091978e-03	1.000000e+00	1.000000e-01	STATE 5 PHASE 1
312	-1.000000e+00	9.951735e-02	1.000000e+00	1.000000e-01	STATE 6 PHASE 1
313	-1.000000e+00	4.823282e-04	1.000000e+00	1.000000e-01	STATE 7 PHASE 1
314	-1.000000e+00	1.092509e-01	1.000000e+00	1.000000e-01	STATE 1 PHASE 1
315	-1.000000e+00	2.351272e-01	1.000000e+00	1.000000e-01	STATE 2 PHASE 1
316	-2.000000e-01	8.006529e-01	1.000000e+00	2.000000e-02	STATE 3 PHASE 1
317	-1.000000e+00	6.626600e-03	1.000000e+00	1.000000e-01	STATE 4 PHASE 1
318	-1.000000e+00	2.467750e-03	1.000000e+00	1.000000e-01	STATE 5 PHASE 1
319	-1.000000e+00	9.867041e-02	1.000000e+00	1.000000e-01	STATE 6 PHASE 1
320	-1.000000e+00	1.329226e-03	1.000000e+00	1.000000e-01	STATE 7 PHASE 1
321	-1.000000e+00	1.115818e-01	1.000000e+00	1.000000e-01	STATE 1 PHASE 1
322	-1.000000e+00	2.716822e-01	1.000000e+00	1.000000e-01	STATE 2 PHASE 1
323	-2.000000e-01	7.999485e-01	1.000000e+00	2.000000e-02	STATE 3 PHASE 1
324	-1.000000e+00	1.244955e-02	1.000000e+00	1.000000e-01	STATE 4 PHASE 1
325	-1.000000e+00	4.316560e-03	1.000000e+00	1.000000e-01	STATE 5 PHASE 1
326	-1.000000e+00	9.741713e-02	1.000000e+00	1.000000e-01	STATE 6 PHASE 1
327	-1.000000e+00	2.582540e-03	1.000000e+00	1.000000e-01	STATE 7 PHASE 1
328	-1.000000e+00	1.140114e-01	1.000000e+00	1.000000e-01	STATE 1 PHASE 1
329	-1.000000e+00	3.130978e-01	1.000000e+00	1.000000e-01	STATE 2 PHASE 1
330	-2.000000e-01	8.007106e-01	1.000000e+00	2.000000e-02	STATE 3 PHASE 1
331	-1.000000e+00	1.990851e-02	1.000000e+00	1.000000e-01	STATE 4 PHASE 1
332	-1.000000e+00	5.483550e-03	1.000000e+00	1.000000e-01	STATE 5 PHASE 1
333	-1.000000e+00	9.596549e-02	1.000000e+00	1.000000e-01	STATE 6 PHASE 1
334	-1.000000e+00	4.034218e-03	1.000000e+00	1.000000e-01	STATE 7 PHASE 1
335	-1.000000e+00	1.169306e-01	1.000000e+00	1.000000e-01	STATE 1 PHASE 1
336	-1.000000e+00	3.584097e-01	1.000000e+00	1.000000e-01	STATE 2 PHASE 1
337	-2.000000e-01	8.001938e-01	1.000000e+00	2.000000e-02	STATE 3 PHASE 1
338	-1.000000e+00	2.876002e-02	1.000000e+00	1.000000e-01	STATE 4 PHASE 1
339	-1.000000e+00	7.271953e-03	1.000000e+00	1.000000e-01	STATE 5 PHASE 1
340	-1.000000e+00	9.441760e-02	1.000000e+00	1.000000e-01	STATE 6 PHASE 1
341	-1.000000e+00	5.582098e-03	1.000000e+00	1.000000e-01	STATE 7 PHASE 1
342	-1.000000e+00	1.201569e-01	1.000000e+00	1.000000e-01	STATE 1 PHASE 1
343	-1.000000e+00	4.079536e-01	1.000000e+00	1.000000e-01	STATE 2 PHASE 1
344	-2.000000e-01	7.996974e-01	1.000000e+00	2.000000e-02	STATE 3 PHASE 1
345	-1.000000e+00	3.910929e-02	1.000000e+00	1.000000e-01	STATE 4 PHASE 1
346	-1.000000e+00	8.977604e-03	1.000000e+00	1.000000e-01	STATE 5 PHASE 1
347	-1.000000e+00	9.278950e-02	1.000000e+00	1.000000e-01	STATE 6 PHASE 1
348	-1.000000e+00	7.210207e-03	1.000000e+00	1.000000e-01	STATE 7 PHASE 1
349	-1.000000e+00	1.238950e-01	1.000000e+00	1.000000e-01	STATE 1 PHASE 1
350	-1.000000e+00	4.607148e-01	1.000000e+00	1.000000e-01	STATE 2 PHASE 1
351	-2.000000e-01	7.992541e-01	1.000000e+00	2.000000e-02	STATE 3 PHASE 1
352	-1.000000e+00	5.071314e-02	1.000000e+00	1.000000e-01	STATE 4 PHASE 1
353	-1.000000e+00	1.093592e-02	1.000000e+00	1.000000e-01	STATE 5 PHASE 1
354	-1.000000e+00	9.113901e-02	1.000000e+00	1.000000e-01	STATE 6 PHASE 1
355	-1.000000e+00	8.860699e-03	1.000000e+00	1.000000e-01	STATE 7 PHASE 1
356	-1.000000e+00	1.279391e-01	1.000000e+00	1.000000e-01	STATE 1 PHASE 1
357	-1.000000e+00	5.168989e-01	1.000000e+00	1.000000e-01	STATE 2 PHASE 1
358	-2.000000e-01	7.984000e-01	1.000000e+00	2.000000e-02	STATE 3 PHASE 1
359	-1.000000e+00	6.358390e-02	1.000000e+00	1.000000e-01	STATE 4 PHASE 1
360	-1.000000e+00	1.280184e-02	1.000000e+00	1.000000e-01	STATE 5 PHASE 1
361	-1.000000e+00	8.948369e-02	1.000000e+00	1.000000e-01	STATE 6 PHASE 1
362	-1.000000e+00	1.051602e-02	1.000000e+00	1.000000e-01	STATE 7 PHASE 1
363	-1.000000e+00	1.323635e-01	1.000000e+00	1.000000e-01	STATE 1 PHASE 1
364	-1.000000e+00	5.756410e-01	1.000000e+00	1.000000e-01	STATE 2 PHASE 1
365	-2.000000e-01	7.974977e-01	1.000000e+00	2.000000e-02	STATE 3 PHASE 1
366	-1.000000e+00	7.746062e-02	1.000000e+00	1.000000e-01	STATE 4 PHASE 1
367	-1.000000e+00	1.462673e-02	1.000000e+00	1.000000e-01	STATE 5 PHASE 1
368	-1.000000e+00	8.786022e-02	1.000000e+00	1.000000e-01	STATE 6 PHASE 1
369	-1.000000e+00	1.213949e-02	1.000000e+00	1.000000e-01	STATE 7 PHASE 1
370	-1.000000e+00	1.373154e-01	1.000000e+00	1.000000e-01	STATE 1 PHASE 1
371	-1.000000e+00	6.354153e-01	1.000000e+00	1.000000e-01	STATE 2 PHASE 1
372	-2.000000e-01	7.945700e-01	1.000000e+00	2.000000e-02	STATE 3 PHASE 1
373	-1.000000e+00	9.214703e-02	1.000000e+00	1.000000e-01	STATE 4 PHASE 1
374	-1.000000e+00	1.703941e-02	1.000000e+00	1.000000e-01	STATE 5 PHASE 1
375	-1.000000e+00	8.627271e-02	1.000000e+00	1.000000e-01	STATE 6 PHASE 1
376	-1.000000e+00	1.372701e-02	1.000000e+00	1.000000e-01	STATE 7 PHASE 1
377	-1.000000e+00	1.429076e-01	1.000000e+00	1.000000e-01	STATE 1 PHASE 1
378	-1.000000e+00	6.945975e-01	1.000000e+00	1.000000e-01	STATE 2 PHASE 1
379	-2.000000e-01	7.953182e-01	1.000000e+00	2.000000e-02	STATE 3 PHASE 1
380	-1.000000e+00	1.072662e-01	1.000000e+00	1.000000e-01	STATE 4 PHASE 1
381	-1.000000e+00	1.906794e-02	1.000000e+00	1.000000e-01	STATE 5 PHASE 1
382	-1.000000e+00	8.473883e-02	1.000000e+00	1.000000e-01	STATE 6 PHASE 1
383	-1.000000e+00	1.526090e-02	1.000000e+00	1.000000e-01	STATE 7 PHASE 1
384	-1.000000e+00	1.505228e-01	1.000000e+00	1.000000e-01	STATE 1 PHASE 1
385	-1.000000e+00	7.450579e-01	1.000000e+00	1.000000e-01	STATE 2 PHASE 1
386	-2.000000e-01	7.997222e-01	1.000000e+00	2.000000e-02	STATE 3 PHASE 1
387	-1.000000e+00	1.214283e-01	1.000000e+00	1.000000e-01	STATE 4 PHASE 1
388	-1.000000e+00	2.269456e-02	1.000000e+00	1.000000e-01	STATE 5 PHASE 1
389	-1.000000e+00	8.326433e-02	1.000000e+00	1.000000e-01	STATE 6 PHASE 1
390	-1.000000e+00	1.673540e-02	1.000000e+00	1.000000e-01	STATE 7 PHASE 1
391	-1.000000e+00	1.620271e-01	1.000000e+00	1.000000e-01	STATE 1 PHASE 1
392	-1.000000e+00	7.759021e-01	1.000000e+00	1.000000e-01	STATE 2 PHASE 1
393	-2.000000e-01	8.091113e-01	1.000000e+00	2.000000e-02	STATE 3 PHASE 1
394	-1.000000e+00	1.326892e-01	1.000000e+00	1.000000e-01	STATE 4 PHASE 1
395	-1.000000e+00	2.968546e-02	1.000000e+00	1.000000e-01	STATE 5 PHASE 1
396	-1.000000e+00	8.184383e-02	1.000000e+00	1.000000e-01	STATE 6 PHASE 1
397	-1.000000e+00	1.815590e-02	1.000000e+00	1.000000e-01	STATE 7 PHASE 1
398	-1.000000e+00	1.793783e-01	1.000000e+00	1.000000e-01	STATE 1 PHASE 1
399	-1.000000e+00	7.789422e-01	1.000000e+00	1.000000e-01	STATE 2 PHASE 1
400	-2.000000e-01	8.138581e-01	1.000000e+00	2.000000e-02	STATE 3 PHASE 1
401	-1.000000e+00	1.392686e-01	1.000000e+00	1.000000e-01	STATE 4 PHASE 1
402	-1.000000e+00	4.277487e-02	1.000000e+00	1.000000e-01	STATE 5 PHASE 1
403	-1.000000e+00	8.047627e-02	1.000000e+00	1.000000e-01	STATE 6 PHASE 1
404	-1.000000e+00	1.952347e-02	1.000000e+00	1.000000e-01	STATE 7 PHASE 1
405	-1.000000e+00	2.019108e-01	1.000000e+00	1.000000e-01	STATE 1 PHASE 1
406	-1.000000e+00	7.622494e-01	1.000000e+00	1.000000e-01	STATE 2 PHASE 1
407	-2.000000e-01	8.129043e-01	1.000000e+00	2.000000e-02	STATE 3 PHASE 1
408	-1.000000e+00	1.419997e-01	1.000000e+00	1.000000e-01	STATE 4 PHASE 1
409	-1.000000e+00	5.916028e-02	1.000000e+00	1.000000e-01	STATE 5 PHASE 1
410	-1.000000e+00	7.917555e-02	1.000000e+00	1.000000e-01	STATE 6 PHASE 1
411	-1.000000e+00	2.082419e-02	1.000000e+00	1.000000e-01	STATE 7 PHASE 1
412	-1.000000e+00	2.269830e-01	1.000000e+00	1.000000e-01	STATE 1 PHASE 1
413	-1.000000e+00	7.405951e-01	1.000000e+00	1.000000e-01	STATE 2 PHASE 1
414	-2.000000e-01	8.081490e-01	1.000000e+00	2.000000e-02	STATE 3 PHASE 1
415	-1.000000e+00	1.431489e-01	1.000000e+00	1.000000e-01	STATE 4 PHASE 1
416	-1.000000e+00	7.489418e-02	1.000000e+00	1.000000e-01	STATE 5 PHASE 1
417	-1.000000e+00	7.796021e-02	1.000000e+00	1.000000e-01	STATE 6 PHASE 1
418	-1.000000e+00	2.203954e-02	1.000000e+00	1.000000e-01	STATE 7 PHASE 1
419	-1.000000e+00	2.520159e-01	1.000000e+00	1.000000e-01	STATE 1 PHASE 1
420	-1.000000e+00	7.226520e-01	1.000000e+00	1.000000e-01	STATE 2 PHASE 1
421	-2.000000e-01	8.021350e-01	1.000000e+00	2.000000e-02	STATE 3 PHASE 1
422	-1.000000e+00	1.442946e-01	1.000000e+00	1.000000e-01	STATE 4 PHASE 1
423	-1.000000e+00	8.797413e-02	1.000000e+00	1.000000e-01	STATE 5 PHASE 1
424	-1.000000e+00	7.684095e-02	1.000000e+00	1.000000e-01	STATE 6 PHASE 1
425	-1.000000e+00	2.315880e-02	1.000000e+00	1.000000e-01	STATE 7 PHASE 1
426	-1.000000e+00	2.750621e-01	1.000000e+00	1.000000e-01	STATE 1 PHASE 1
427	-1.000000e+00	7.117643e-01	1.000000e+00	1.000000e-01	STATE 2 PHASE 1
428	-2.000000e-01	7.959630e-01	1.000000e+00	2.000000e-02	STATE 3 PHASE 1
429	-1.000000e+00	1.461922e-01	1.000000e+00	1.000000e-01	STATE 4 PHASE 1
430	-1.000000e+00	9.801448e-02	1.000000e+00	1.000000e-01	STATE 5 PHASE 1
431	-1.000000e+00	7.582298e-02	1.000000e+00	1.000000e-01	STATE 6 PHASE 1
432	-1.000000e+00	2.417677e-02	1.000000e+00	1.000000e-01	STATE 7 PHASE 1
433	-1.000000e+00	2.952678e-01	1.000000e+00	1.000000e-01	STATE 1 PHASE 1
434	-1.000000e+00	7.073420e-01	1.000000e+00	1.000000e-01	STATE 2 PHASE 1
435	-2.000000e-01	7.897923e-01	1.000000e+00	2.000000e-02	STATE 3 PHASE 1
436	-1.000000e+00	1.488630e-01	1.000000e+00	1.000000e-01	STATE 4 PHASE 1
437	-1.000000e+00	1.055474e-01	1.000000e+00	1.000000e-01	STATE 5 PHASE 1
438	-1.000000e+00	7.490876e-02	1.000000e+00	1.000000e-01	STATE 6 PHASE 1
439	-1.000000e+00	2.509099e-02	1.000000e+00	1.000000e-01	STATE 7 PHASE 1
440	-1.000000e+00	3.123549e-01	1.000000e+00	1.000000e-01	STATE 1 PHASE 1
441	-1.000000e+00	7.079662e-01	1.000000e+00	1.000000e-01	STATE 2 PHASE 1
442	-2.000000e-01	7.840253e-01	1.000000e+00	2.000000e-02	STATE 3 PHASE 1
443	-1.000000e+00	1.521185e-01	1.000000e+00	1.000000e-01	STATE 4 PHASE 1
444	-1.000000e+00	1.110835e-01	1.000000e+00	1.000000e-01	STATE 5 PHASE 1
445	-1.000000e+00	7.409921e-02	1.000000e+00	1.000000e-01	STATE 6 PHASE 1
446	-1.000000e+00	2.590054e-02	1.000000e+00	1.000000e-01	STATE 7 PHASE 1
447	-1.000000e+00	3.264851e-01	1.000000e+00	1.000000e-01	STATE 1 PHASE 1
448	-1.000000e+00	7.118063e-01	1.000000e+00	1.000000e-01	STATE 2 PHASE 1
449	-2.000000e-01	7.783954e-01	1.000000e+00	2.000000e-02	STATE 3 PHASE 1
450	-1.000000e+00	1.556416e-01	1.000000e+00	1.000000e-01	STATE 4 PHASE 1
451	-1.000000e+00	1.152230e-01	1.000000e+00	1.000000e-01	STATE 5 PHASE 1
452	-1.000000e+00	7.339472e-02	1.000000e+00	1.000000e-01	STATE 6 PHASE 1
453	-1.000000e+00	2.660504e-02	1.000000e+00	1.000000e-01	STATE 7 PHASE 1
454	-1.000000e+00	3.379251e-01	1.000000e+00	1.000000e-01	STATE 1 PHASE 1
455	-1.000000e+00	7.173812e-01	1.000000e+00	1.000000e-01	STATE 2 PHASE 1
456	-2.000000e-01	7.734031e-01	1.000000e+00	2.000000e-02	STATE 3 PHASE 1
457	-1.000000e+00	1.591479e-01	1.000000e+00	1.000000e-01	STATE 4 PHASE 1
458	-1.000000e+00	1.182646e-01	1.000000e+00	1.000000e-01	STATE 5 PHASE 1
459	-1.000000e+00	7.279516e-02	1.000000e+00	1.000000e-01	STATE 6 PHASE 1
460	-1.000000e+00	2.720460e-02	1.000000e+00	1.000000e-01	STATE 7 PHASE 1
461	-1.000000e+00	3.469768e-01	1.000000e+00	1.000000e-01	STATE 1 PHASE 1
462	-1.000000e+00	7.234401e-01	1.000000e+00	1.000000e-01	STATE 2 PHASE 1
463	-2.000000e-01	7.688647e-01	1.000000e+00	2.000000e-02	STATE 3 PHASE 1
464	-1.000000e+00	1.623779e-01	1.000000e+00	1.000000e-01	STATE 4 PHASE 1
465	-1.000000e+00	1.205438e-01	1.000000e+00	1.000000e-01	STATE 5 PHASE 1
466	-1.000000e+00	7.230041e-02	1.000000e+00	1.000000e-01	STATE 6 PHASE 1
467	-1.000000e+00	2.769935e-02	1.000000e+00	1.000000e-01	STATE 7 PHASE 1
468	-1.000000e+00	3.538991e-01	1.000000e+00	1.000000e-01	STATE 1 PHASE 1
469	-1.000000e+00	7.290550e-01	1.000000e+00	1.000000e-01	STATE 2 PHASE 1
470	-2.000000e-01	7.652231e-01	1.000000e+00	2.000000e-02	STATE 3 PHASE 1
471	-1.000000e+00	1.651258e-01	1.000000e+00	1.000000e-01	STATE 4 PHASE 1
472	-1.000000e+00	1.221803e-01	1.000000e+00	1.000000e-01	STATE 5 PHASE 1
473	-1.000000e+00	7.191017e-02	1.000000e+00	1.000000e-01	STATE 6 PHASE 1
474	-1.000000e+00	2.808959e-02	1.000000e+00	1.000000e-01	STATE 7 PHASE 1
475	-1.000000e+00	3.588747e-01	1.000000e+00	1.000000e-01	STATE 1 PHASE 1
476	-1.000000e+00	7.335711e-01	1.000000e+00	1.000000e-01	STATE 2 PHASE 1
477	-2.000000e-01	7.623892e-01	1.000000e+00	2.000000e-02	STATE 3 PHASE 1
478	-1.000000e+00	1.672395e-01	1.000000e+00	1.000000e-01	STATE 4 PHASE 1
479	-1.000000e+00	1.233300e-01	1.000000e+00	1.000000e-01	STATE 5 PHASE 1
480	-1.000000e+00	7.162424e-02	1.000000e+00	1.000000e-01	STATE 6 PHASE 1
481	-1.000000e+00	2.837553e-02	1.000000e+00	1.000000e-01	STATE 7 PHASE 1
482	-1.000000e+00	3.620074e-01	1.000000e+00	1.000000e-01	STATE 1 PHASE 1
483	-1.000000e+00	7.365963e-01	1.000000e+00	1.000000e-01	STATE 2 PHASE 1
484	-2.000000e-01	7.605993e-01	1.000000e+00	2.000000e-02	STATE 3 PHASE 1
485	-1.000000e+00	1.686231e-01	1.000000e+00	1.000000e-01	STATE 4 PHASE 1
486	-1.000000e+00	1.240276e-01	1.000000e+00	1.000000e-01	STATE 5 PHASE 1
487	-1.000000e+00	7.144241e-02	1.000000e+00	1.000000e-01	STATE 6 PHASE 1
488	-1.000000e+00	2.855736e-02	1.000000e+00	1.000000e-01	STATE 7 PHASE 1
489	-1.000000e+00	3.633345e-01	1.000000e+00	1.000000e-01	STATE 1 PHASE 1
490	-1.000000e+00	7.379110e-01	1.000000e+00	1.000000e-01	STATE 2 PHASE 1
491	-2.000000e-01	7.598222e-01	1.000000e+00	2.000000e-02	STATE 3 PHASE 1
492	-1.000000e+00	1.692188e-01	1.000000e+00	1.000000e-01	STATE 4 PHASE 1
493	-1.000000e+00	1.243212e-01	1.000000e+00	1.000000e-01	STATE 5 PHASE 1
494	-1.000000e+00	7.136514e-02	1.000000e+00	1.000000e-01	STATE 6 PHASE 1
495	-1.000000e+00	2.863463e-02	1.000000e+00	1.000000e-01	STATE 7 PHASE 1
496	0.000000e+00	0.000000e+00	0.000000e+00	1.000000e-01	t0 PHASE 1
497	1.000000e+00	1.000000e+00	1.000000e+00	1.000000e-01	tf PHASE 1