
***** Phase 1 differential defect constraints *****
LOWER		G(X)		UPPER		SCALING
0.000000e+00	3.410605e-15	0.000000e+00	2.000000e-02 ***
0.000000e+00	4.661160e-14	0.000000e+00	2.000000e-02 ***
0.000000e+00	3.649347e-13	0.000000e+00	2.000000e-02 ***
0.000000e+00	1.393374e-13	0.000000e+00	2.000000e-02 ***
0.000000e+00	4.547474e-15	0.000000e+00	2.000000e-02 ***
0.000000e+00	3.552714e-17	0.000000e+00	2.000000e-02 ***
0.000000e+00	6.661338e-16	0.000000e+00	2.000000e-02 ***
0.000000e+00	4.138911e-15	0.000000e+00	2.000000e-02 ***
0.000000e+00	7.294165e-15	0.000000e+00	2.000000e-02 ***
0.000000e+00	2.029488e-15	0.000000e+00	2.000000e-02 ***
0.000000e+00	1.166151e-15	0.000000e+00	2.000000e-02 ***
0.000000e+00	1.093431e-15	0.000000e+00	2.000000e-02 ***
0.000000e+00	5.010228e-15	0.000000e+00	2.000000e-02 ***
0.000000e+00	-6.884771e-16	0.000000e+00	2.000000e-02 ***
0.000000e+00	1.413383e-15	0.000000e+00	2.000000e-02 ***
0.000000e+00	-4.170275e-17	0.000000e+00	2.000000e-02 ***
0.000000e+00	2.421674e-17	0.000000e+00	2.000000e-02 ***
0.000000e+00	-2.498002e-17	0.000000e+00	2.000000e-02 ***
0.000000e+00	7.514822e-17	0.000000e+00	2.000000e-02 ***
0.000000e+00	-6.869505e-17	0.000000e+00	2.000000e-02 ***
0.000000e+00	2.754741e-16	0.000000e+00	2.000000e-02 ***
0.000000e+00	-7.492618e-16	0.000000e+00	2.000000e-02 ***
0.000000e+00	1.207368e-17	0.000000e+00	2.000000e-02 ***
0.000000e+00	-1.387779e-19	0.000000e+00	2.000000e-02 ***
0.000000e+00	3.816392e-18	0.000000e+00	2.000000e-02 ***
0.000000e+00	-6.531581e-16	0.000000e+00	2.000000e-02 ***
0.000000e+00	1.685457e-16	0.000000e+00	2.000000e-02 ***
0.000000e+00	-2.817191e-17	0.000000e+00	2.000000e-02 ***
0.000000e+00	2.997602e-17	0.000000e+00	2.000000e-02 ***
0.000000e+00	-3.747003e-18	0.000000e+00	2.000000e-02 ***
0.000000e+00	3.122502e-18	0.000000e+00	2.000000e-02 ***
0.000000e+00	2.636780e-18	0.000000e+00	2.000000e-02 ***
0.000000e+00	3.205769e-16	0.000000e+00	2.000000e-02 ***
0.000000e+00	-8.985868e-17	0.000000e+00	2.000000e-02 ***
0.000000e+00	1.553757e-15	0.000000e+00	2.000000e-02 ***
0.000000e+00	1.045626e-15	0.000000e+00	2.000000e-02 ***
0.000000e+00	8.684720e-16	0.000000e+00	2.000000e-02 ***
0.000000e+00	6.333822e-16	0.000000e+00	2.000000e-02 ***
0.000000e+00	3.761436e-15	0.000000e+00	2.000000e-02 ***
0.000000e+00	3.002043e-15	0.000000e+00	2.000000e-02 ***
0.000000e+00	1.324274e-14	0.000000e+00	2.000000e-02 ***
0.000000e+00	8.526513e-16	0.000000e+00	2.000000e-02 ***
0.000000e+00	2.280842e-14	0.000000e+00	2.000000e-02 ***
0.000000e+00	4.728662e-14	0.000000e+00	2.000000e-02 ***
0.000000e+00	3.147704e-14	0.000000e+00	2.000000e-02 ***
0.000000e+00	7.752021e-14	0.000000e+00	2.000000e-02 ***
0.000000e+00	7.105427e-16	0.000000e+00	2.000000e-02 ***
***** Phase 1 path constraints *****
LOWER		G(X)		UPPER		SCALING
***** Phase 1 event constraints *****
LOWER		G(X)		UPPER		SCALING
3.000000e-02	3.000000e-02	3.000000e-02	2.000000e-02
2.000000e-02	2.000000e-02	2.000000e-02	2.000000e-02
***** Phase 1 tf >= t0 constraint *****
LOWER		G(X)		UPPER		SCALING
-7.071068e-01	-7.071068e-01	0.000000e+00	7.071068e-01
***** Phase linkage constraints *****
LOWER		G(X)		UPPER		SCALING
***** Scaled Decision Variables ******************************
J	LOWER		X(J)		UPPER		SCALING		DESCRIPTION
1	-1.000000e+00	-6.105023e-03	1.000000e+00	2.000000e-02	CONTROL 1 PHASE 1
2	-1.000000e+00	-7.388015e-03	1.000000e+00	2.000000e-02	CONTROL 1 PHASE 1
3	-1.000000e+00	-8.467675e-03	1.000000e+00	2.000000e-02	CONTROL 1 PHASE 1
4	-1.000000e+00	-8.641076e-03	1.000000e+00	2.000000e-02	CONTROL 1 PHASE 1
5	-1.000000e+00	-6.923420e-03	1.000000e+00	2.000000e-02	CONTROL 1 PHASE 1
6	-1.000000e+00	-4.598565e-03	1.000000e+00	2.000000e-02	CONTROL 1 PHASE 1
7	-1.000000e+00	-2.468985e-03	1.000000e+00	2.000000e-02	CONTROL 1 PHASE 1
8	-1.000000e+00	-1.240092e-03	1.000000e+00	2.000000e-02	CONTROL 1 PHASE 1
9	-1.000000e+00	-4.885828e-04	1.000000e+00	2.000000e-02	CONTROL 1 PHASE 1
10	-1.000000e+00	-2.320591e-04	1.000000e+00	2.000000e-02	CONTROL 1 PHASE 1
11	-1.000000e+00	-4.498027e-05	1.000000e+00	2.000000e-02	CONTROL 1 PHASE 1
12	-1.000000e+00	-4.904261e-05	1.000000e+00	2.000000e-02	CONTROL 1 PHASE 1
13	-1.000000e+00	1.701046e-05	1.000000e+00	2.000000e-02	CONTROL 1 PHASE 1
14	-1.000000e+00	-2.472303e-05	1.000000e+00	2.000000e-02	CONTROL 1 PHASE 1
15	-1.000000e+00	2.111972e-05	1.000000e+00	2.000000e-02	CONTROL 1 PHASE 1
16	-1.000000e+00	-2.073775e-05	1.000000e+00	2.000000e-02	CONTROL 1 PHASE 1
17	-1.000000e+00	1.970054e-05	1.000000e+00	2.000000e-02	CONTROL 1 PHASE 1
18	-1.000000e+00	-1.895693e-05	1.000000e+00	2.000000e-02	CONTROL 1 PHASE 1
19	-1.000000e+00	1.827173e-05	1.000000e+00	2.000000e-02	CONTROL 1 PHASE 1
20	-1.000000e+00	-1.768577e-05	1.000000e+00	2.000000e-02	CONTROL 1 PHASE 1
21	-1.000000e+00	1.718004e-05	1.000000e+00	2.000000e-02	CONTROL 1 PHASE 1
22	-1.000000e+00	-1.675658e-05	1.000000e+00	2.000000e-02	CONTROL 1 PHASE 1
23	-1.000000e+00	1.640811e-05	1.000000e+00	2.000000e-02	CONTROL 1 PHASE 1
24	-1.000000e+00	-1.613054e-05	1.000000e+00	2.000000e-02	CONTROL 1 PHASE 1
25	-1.000000e+00	1.592186e-05	1.000000e+00	2.000000e-02	CONTROL 1 PHASE 1
26	-1.000000e+00	-1.577949e-05	1.000000e+00	2.000000e-02	CONTROL 1 PHASE 1
27	-1.000000e+00	1.570215e-05	1.000000e+00	2.000000e-02	CONTROL 1 PHASE 1
28	-1.000000e+00	-1.569236e-05	1.000000e+00	2.000000e-02	CONTROL 1 PHASE 1
29	-1.000000e+00	1.574673e-05	1.000000e+00	2.000000e-02	CONTROL 1 PHASE 1
30	-1.000000e+00	-1.585832e-05	1.000000e+00	2.000000e-02	CONTROL 1 PHASE 1
31	-1.000000e+00	1.607114e-05	1.000000e+00	2.000000e-02	CONTROL 1 PHASE 1
32	-1.000000e+00	-1.620502e-05	1.000000e+00	2.000000e-02	CONTROL 1 PHASE 1
33	-1.000000e+00	1.703777e-05	1.000000e+00	2.000000e-02	CONTROL 1 PHASE 1
34	-1.000000e+00	-1.547203e-05	1.000000e+00	2.000000e-02	CONTROL 1 PHASE 1
35	-1.000000e+00	2.314871e-05	1.000000e+00	2.000000e-02	CONTROL 1 PHASE 1
36	-1.000000e+00	6.804938e-07	1.000000e+00	2.000000e-02	CONTROL 1 PHASE 1
37	-1.000000e+00	7.637420e-05	1.000000e+00	2.000000e-02	CONTROL 1 PHASE 1
38	-1.000000e+00	1.425473e-04	1.000000e+00	2.000000e-02	CONTROL 1 PHASE 1
39	-1.000000e+00	4.358988e-04	1.000000e+00	2.000000e-02	CONTROL 1 PHASE 1
40	-1.000000e+00	9.474336e-04	1.000000e+00	2.000000e-02	CONTROL 1 PHASE 1
41	-1.000000e+00	2.076958e-03	1.000000e+00	2.000000e-02	CONTROL 1 PHASE 1
42	-1.000000e+00	3.978816e-03	1.000000e+00	2.000000e-02	CONTROL 1 PHASE 1
43	-1.000000e+00	7.351418e-03	1.000000e+00	2.000000e-02	CONTROL 1 PHASE 1
44	-1.000000e+00	1.299754e-02	1.000000e+00	2.000000e-02	CONTROL 1 PHASE 1
45	-1.000000e+00	2.275858e-02	1.000000e+00	2.000000e-02	CONTROL 1 PHASE 1
46	-1.000000e+00	3.703192e-02	1.000000e+00	2.000000e-02	CONTROL 1 PHASE 1
47	-1.000000e+00	4.826193e-02	1.000000e+00	2.000000e-02	CONTROL 1 PHASE 1
48	-1.000000e+00	3.000000e-02	1.000000e+00	2.000000e-02	STATE 1 PHASE 1
49	-1.000000e+00	2.503500e-02	1.000000e+00	2.000000e-02	STATE 1 PHASE 1
50	-1.000000e+00	1.848958e-02	1.000000e+00	2.000000e-02	STATE 1 PHASE 1
51	-1.000000e+00	1.278160e-02	1.000000e+00	2.000000e-02	STATE 1 PHASE 1
52	-1.000000e+00	8.289913e-03	1.000000e+00	2.000000e-02	STATE 1 PHASE 1
53	-1.000000e+00	4.801405e-03	1.000000e+00	2.000000e-02	STATE 1 PHASE 1
54	-1.000000e+00	2.573848e-03	1.000000e+00	2.000000e-02	STATE 1 PHASE 1
55	-1.000000e+00	1.186354e-03	1.000000e+00	2.000000e-02	STATE 1 PHASE 1
56	-1.000000e+00	5.423759e-04	1.000000e+00	2.000000e-02	STATE 1 PHASE 1
57	-1.000000e+00	1.826781e-04	1.000000e+00	2.000000e-02	STATE 1 PHASE 1
58	-1.000000e+00	9.085409e-05	1.000000e+00	2.000000e-02	STATE 1 PHASE 1
59	-1.000000e+00	6.276797e-06	1.000000e+00	2.000000e-02	STATE 1 PHASE 1
60	-1.000000e+00	2.297716e-05	1.000000e+00	2.000000e-02	STATE 1 PHASE 1
61	-1.000000e+00	-1.279276e-05	1.000000e+00	2.000000e-02	STATE 1 PHASE 1
62	-1.000000e+00	1.417648e-05	1.000000e+00	2.000000e-02	STATE 1 PHASE 1
63	-1.000000e+00	-1.256404e-05	1.000000e+00	2.000000e-02	STATE 1 PHASE 1
64	-1.000000e+00	1.181659e-05	1.000000e+00	2.000000e-02	STATE 1 PHASE 1
65	-1.000000e+00	-1.095213e-05	1.000000e+00	2.000000e-02	STATE 1 PHASE 1
66	-1.000000e+00	1.019940e-05	1.000000e+00	2.000000e-02	STATE 1 PHASE 1
67	-1.000000e+00	-9.488607e-06	1.000000e+00	2.000000e-02	STATE 1 PHASE 1
68	-1.000000e+00	8.836592e-06	1.000000e+00	2.000000e-02	STATE 1 PHASE 1
69	-1.000000e+00	-8.229250e-06	1.000000e+00	2.000000e-02	STATE 1 PHASE 1
70	-1.000000e+00	7.660630e-06	1.000000e+00	2.000000e-02	STATE 1 PHASE 1
71	-1.000000e+00	-7.127673e-06	1.000000e+00	2.000000e-02	STATE 1 PHASE 1
72	-1.000000e+00	6.625160e-06	1.000000e+00	2.000000e-02	STATE 1 PHASE 1
73	-1.000000e+00	-6.148469e-06	1.000000e+00	2.000000e-02	STATE 1 PHASE 1
74	-1.000000e+00	5.694856e-06	1.000000e+00	2.000000e-02	STATE 1 PHASE 1
75	-1.000000e+00	-5.261850e-06	1.000000e+00	2.000000e-02	STATE 1 PHASE 1
76	-1.000000e+00	4.838456e-06	1.000000e+00	2.000000e-02	STATE 1 PHASE 1
77	-1.000000e+00	-4.428130e-06	1.000000e+00	2.000000e-02	STATE 1 PHASE 1
78	-1.000000e+00	4.055196e-06	1.000000e+00	2.000000e-02	STATE 1 PHASE 1
79	-1.000000e+00	-3.546318e-06	1.000000e+00	2.000000e-02	STATE 1 PHASE 1
80	-1.000000e+00	3.663807e-06	1.000000e+00	2.000000e-02	STATE 1 PHASE 1
81	-1.000000e+00	-1.308309e-06	1.000000e+00	2.000000e-02	STATE 1 PHASE 1
82	-1.000000e+00	8.127194e-06	1.000000e+00	2.000000e-02	STATE 1 PHASE 1
83	-1.000000e+00	1.666225e-05	1.000000e+00	2.000000e-02	STATE 1 PHASE 1
84	-1.000000e+00	5.935750e-05	1.000000e+00	2.000000e-02	STATE 1 PHASE 1
85	-1.000000e+00	1.606926e-04	1.000000e+00	2.000000e-02	STATE 1 PHASE 1
86	-1.000000e+00	4.163270e-04	1.000000e+00	2.000000e-02	STATE 1 PHASE 1
87	-1.000000e+00	9.659015e-04	1.000000e+00	2.000000e-02	STATE 1 PHASE 1
88	-1.000000e+00	2.033658e-03	1.000000e+00	2.000000e-02	STATE 1 PHASE 1
89	-1.000000e+00	3.856360e-03	1.000000e+00	2.000000e-02	STATE 1 PHASE 1
90	-1.000000e+00	6.577179e-03	1.000000e+00	2.000000e-02	STATE 1 PHASE 1
91	-1.000000e+00	1.011169e-02	1.000000e+00	2.000000e-02	STATE 1 PHASE 1
92	-1.000000e+00	1.409516e-02	1.000000e+00	2.000000e-02	STATE 1 PHASE 1
93	-1.000000e+00	1.785018e-02	1.000000e+00	2.000000e-02	STATE 1 PHASE 1
94	-1.000000e+00	2.000000e-02	1.000000e+00	2.000000e-02	STATE 1 PHASE 1
95	0.000000e+00	0.000000e+00	0.000000e+00	2.000000e-02	t0 PHASE 1
96	1.000000e+00	1.000000e+00	1.000000e+00	2.000000e-02	tf PHASE 1