
***** Phase 1 differential defect constraints *****
LOWER		G(X)		UPPER		SCALING
0.000000e+00	-3.508305e-16	0.000000e+00	1.000000e-02 ***
0.000000e+00	0.000000e+00	0.000000e+00	1.000000e-02
0.000000e+00	1.421085e-16	0.000000e+00	1.000000e-02 ***
0.000000e+00	-5.995204e-17	0.000000e+00	1.000000e-02 ***
0.000000e+00	-7.105427e-17	0.000000e+00	1.000000e-02 ***
0.000000e+00	-4.006928e-13	0.000000e+00	1.000000e-02 ***
0.000000e+00	-5.245804e-17	0.000000e+00	1.000000e-02 ***
0.000000e+00	-1.421085e-16	0.000000e+00	1.000000e-02 ***
0.000000e+00	-1.350031e-14	0.000000e+00	1.000000e-02 ***
0.000000e+00	2.664535e-17	0.000000e+00	1.000000e-02 ***
0.000000e+00	1.065814e-16	0.000000e+00	1.000000e-02 ***
0.000000e+00	-2.895906e-12	0.000000e+00	1.000000e-02 ***
0.000000e+00	-1.332268e-17	0.000000e+00	1.000000e-02 ***
0.000000e+00	0.000000e+00	0.000000e+00	1.000000e-02
0.000000e+00	-2.521521e-12	0.000000e+00	1.000000e-02 ***
0.000000e+00	-4.440892e-18	0.000000e+00	1.000000e-02 ***
0.000000e+00	4.107825e-17	0.000000e+00	1.000000e-02 ***
0.000000e+00	-2.970424e-13	0.000000e+00	1.000000e-02 ***
0.000000e+00	-2.664535e-17	0.000000e+00	1.000000e-02 ***
0.000000e+00	-3.552714e-17	0.000000e+00	1.000000e-02 ***
0.000000e+00	-2.579714e-12	0.000000e+00	1.000000e-02 ***
0.000000e+00	1.776357e-17	0.000000e+00	1.000000e-02 ***
0.000000e+00	2.664535e-17	0.000000e+00	1.000000e-02 ***
0.000000e+00	-4.625944e-13	0.000000e+00	1.000000e-02 ***
0.000000e+00	-4.440892e-18	0.000000e+00	1.000000e-02 ***
0.000000e+00	3.996803e-17	0.000000e+00	1.000000e-02 ***
0.000000e+00	-3.834089e-13	0.000000e+00	1.000000e-02 ***
0.000000e+00	4.440892e-18	0.000000e+00	1.000000e-02 ***
0.000000e+00	4.440892e-18	0.000000e+00	1.000000e-02 ***
0.000000e+00	-7.923107e-14	0.000000e+00	1.000000e-02 ***
0.000000e+00	4.440892e-18	0.000000e+00	1.000000e-02 ***
0.000000e+00	8.881784e-18	0.000000e+00	1.000000e-02 ***
0.000000e+00	-4.736094e-12	0.000000e+00	1.000000e-02 ***
0.000000e+00	9.714451e-19	0.000000e+00	1.000000e-02 ***
0.000000e+00	1.110223e-18	0.000000e+00	1.000000e-02 ***
0.000000e+00	-8.209924e-13	0.000000e+00	1.000000e-02 ***
0.000000e+00	-5.724587e-19	0.000000e+00	1.000000e-02 ***
0.000000e+00	2.498002e-18	0.000000e+00	1.000000e-02 ***
0.000000e+00	-2.068533e-12	0.000000e+00	1.000000e-02 ***
0.000000e+00	1.561251e-18	0.000000e+00	1.000000e-02 ***
0.000000e+00	-2.046974e-18	0.000000e+00	1.000000e-02 ***
0.000000e+00	-8.351755e-13	0.000000e+00	1.000000e-02 ***
0.000000e+00	4.163336e-19	0.000000e+00	1.000000e-02 ***
0.000000e+00	-6.245005e-19	0.000000e+00	1.000000e-02 ***
0.000000e+00	-2.999915e-12	0.000000e+00	1.000000e-02 ***
0.000000e+00	8.153200e-19	0.000000e+00	1.000000e-02 ***
0.000000e+00	-3.122502e-18	0.000000e+00	1.000000e-02 ***
0.000000e+00	-1.109615e-13	0.000000e+00	1.000000e-02 ***
0.000000e+00	-1.400789e-18	0.000000e+00	1.000000e-02 ***
0.000000e+00	3.469447e-18	0.000000e+00	1.000000e-02 ***
0.000000e+00	-3.806856e-13	0.000000e+00	1.000000e-02 ***
0.000000e+00	3.664603e-19	0.000000e+00	1.000000e-02 ***
0.000000e+00	-4.943962e-19	0.000000e+00	1.000000e-02 ***
0.000000e+00	-2.019410e-13	0.000000e+00	1.000000e-02 ***
0.000000e+00	-1.174733e-18	0.000000e+00	1.000000e-02 ***
0.000000e+00	2.799410e-18	0.000000e+00	1.000000e-02 ***
0.000000e+00	-1.789254e-12	0.000000e+00	1.000000e-02 ***
0.000000e+00	-9.893345e-21	0.000000e+00	1.000000e-02 ***
0.000000e+00	-1.000719e-18	0.000000e+00	1.000000e-02 ***
0.000000e+00	-2.647639e-13	0.000000e+00	1.000000e-02 ***
0.000000e+00	-5.857402e-19	0.000000e+00	1.000000e-02 ***
0.000000e+00	1.980024e-18	0.000000e+00	1.000000e-02 ***
0.000000e+00	-1.159501e-12	0.000000e+00	1.000000e-02 ***
0.000000e+00	-4.540097e-21	0.000000e+00	1.000000e-02 ***
0.000000e+00	7.985149e-19	0.000000e+00	1.000000e-02 ***
0.000000e+00	-1.359799e-12	0.000000e+00	1.000000e-02 ***
0.000000e+00	6.170466e-19	0.000000e+00	1.000000e-02 ***
0.000000e+00	1.098026e-18	0.000000e+00	1.000000e-02 ***
0.000000e+00	-9.632137e-14	0.000000e+00	1.000000e-02 ***
0.000000e+00	5.011725e-19	0.000000e+00	1.000000e-02 ***
0.000000e+00	-5.032053e-19	0.000000e+00	1.000000e-02 ***
0.000000e+00	-3.145554e-14	0.000000e+00	1.000000e-02 ***
0.000000e+00	-4.508587e-19	0.000000e+00	1.000000e-02 ***
0.000000e+00	2.707524e-18	0.000000e+00	1.000000e-02 ***
0.000000e+00	-2.599310e-14	0.000000e+00	1.000000e-02 ***
0.000000e+00	9.598916e-19	0.000000e+00	1.000000e-02 ***
0.000000e+00	-2.201269e-18	0.000000e+00	1.000000e-02 ***
0.000000e+00	-2.459093e-13	0.000000e+00	1.000000e-02 ***
0.000000e+00	-6.987259e-19	0.000000e+00	1.000000e-02 ***
0.000000e+00	1.479597e-18	0.000000e+00	1.000000e-02 ***
0.000000e+00	-1.104316e-13	0.000000e+00	1.000000e-02 ***
0.000000e+00	1.962745e-19	0.000000e+00	1.000000e-02 ***
0.000000e+00	-2.494478e-18	0.000000e+00	1.000000e-02 ***
0.000000e+00	-5.719198e-15	0.000000e+00	1.000000e-02 ***
0.000000e+00	1.646429e-18	0.000000e+00	1.000000e-02 ***
0.000000e+00	7.196392e-19	0.000000e+00	1.000000e-02 ***
0.000000e+00	-1.538738e-14	0.000000e+00	1.000000e-02 ***
0.000000e+00	8.832224e-19	0.000000e+00	1.000000e-02 ***
0.000000e+00	-6.070202e-18	0.000000e+00	1.000000e-02 ***
0.000000e+00	-3.535116e-13	0.000000e+00	1.000000e-02 ***
***** Phase 1 path constraints *****
LOWER		G(X)		UPPER		SCALING
***** Phase 1 event constraints *****
LOWER		G(X)		UPPER		SCALING
1.000000e-02	1.000000e-02	1.000000e-02	1.000000e-02
1.000000e-02	1.000000e-02	1.000000e-02	1.000000e-02
0.000000e+00	0.000000e+00	0.000000e+00	1.000000e-02
***** Phase 1 tf >= t0 constraint *****
LOWER		G(X)		UPPER		SCALING
-7.071068e-01	-7.071068e-01	0.000000e+00	7.071068e-01
***** Phase linkage constraints *****
LOWER		G(X)		UPPER		SCALING
***** Scaled Decision Variables ******************************
J	LOWER		X(J)		UPPER		SCALING		DESCRIPTION
1	-1.000000e+00	-5.594222e-03	1.000000e+00	1.000000e-02	CONTROL 1 PHASE 1
2	-1.000000e+00	-5.111750e-03	1.000000e+00	1.000000e-02	CONTROL 1 PHASE 1
3	-1.000000e+00	-4.105444e-03	1.000000e+00	1.000000e-02	CONTROL 1 PHASE 1
4	-1.000000e+00	-2.842456e-03	1.000000e+00	1.000000e-02	CONTROL 1 PHASE 1
5	-1.000000e+00	-1.620828e-03	1.000000e+00	1.000000e-02	CONTROL 1 PHASE 1
6	-1.000000e+00	-6.686919e-04	1.000000e+00	1.000000e-02	CONTROL 1 PHASE 1
7	-1.000000e+00	-8.002584e-05	1.000000e+00	1.000000e-02	CONTROL 1 PHASE 1
8	-1.000000e+00	1.821026e-04	1.000000e+00	1.000000e-02	CONTROL 1 PHASE 1
9	-1.000000e+00	2.285728e-04	1.000000e+00	1.000000e-02	CONTROL 1 PHASE 1
10	-1.000000e+00	1.760131e-04	1.000000e+00	1.000000e-02	CONTROL 1 PHASE 1
11	-1.000000e+00	1.044613e-04	1.000000e+00	1.000000e-02	CONTROL 1 PHASE 1
12	-1.000000e+00	5.008140e-05	1.000000e+00	1.000000e-02	CONTROL 1 PHASE 1
13	-1.000000e+00	1.908060e-05	1.000000e+00	1.000000e-02	CONTROL 1 PHASE 1
14	-1.000000e+00	5.090346e-06	1.000000e+00	1.000000e-02	CONTROL 1 PHASE 1
15	-1.000000e+00	2.338143e-07	1.000000e+00	1.000000e-02	CONTROL 1 PHASE 1
16	-1.000000e+00	-8.159475e-07	1.000000e+00	1.000000e-02	CONTROL 1 PHASE 1
17	-1.000000e+00	-6.937557e-07	1.000000e+00	1.000000e-02	CONTROL 1 PHASE 1
18	-1.000000e+00	-3.959169e-07	1.000000e+00	1.000000e-02	CONTROL 1 PHASE 1
19	-1.000000e+00	-1.864437e-07	1.000000e+00	1.000000e-02	CONTROL 1 PHASE 1
20	-1.000000e+00	-7.357439e-08	1.000000e+00	1.000000e-02	CONTROL 1 PHASE 1
21	-1.000000e+00	-2.533892e-08	1.000000e+00	1.000000e-02	CONTROL 1 PHASE 1
22	-1.000000e+00	-5.726559e-09	1.000000e+00	1.000000e-02	CONTROL 1 PHASE 1
23	-1.000000e+00	1.707724e-09	1.000000e+00	1.000000e-02	CONTROL 1 PHASE 1
24	-1.000000e+00	3.927039e-09	1.000000e+00	1.000000e-02	CONTROL 1 PHASE 1
25	-1.000000e+00	3.297974e-09	1.000000e+00	1.000000e-02	CONTROL 1 PHASE 1
26	-1.000000e+00	4.020865e-09	1.000000e+00	1.000000e-02	CONTROL 1 PHASE 1
27	-1.000000e+00	-7.190831e-09	1.000000e+00	1.000000e-02	CONTROL 1 PHASE 1
28	-1.000000e+00	8.833860e-09	1.000000e+00	1.000000e-02	CONTROL 1 PHASE 1
29	-1.000000e+00	2.180794e-08	1.000000e+00	1.000000e-02	CONTROL 1 PHASE 1
30	-1.000000e+00	-3.798706e-08	1.000000e+00	1.000000e-02	CONTROL 1 PHASE 1
31	-1.000000e+00	1.000000e-02	1.000000e+00	1.000000e-02	STATE 1 PHASE 1
32	-1.000000e+00	1.000000e-02	1.000000e+00	1.000000e-02	STATE 2 PHASE 1
33	-1.000000e+00	0.000000e+00	1.000000e+00	1.000000e-02	STATE 3 PHASE 1
34	-1.000000e+00	1.017103e-02	1.000000e+00	1.000000e-02	STATE 1 PHASE 1
35	-1.000000e+00	6.310068e-03	1.000000e+00	1.000000e-02	STATE 2 PHASE 1
36	-1.000000e+00	1.173542e-03	1.000000e+00	1.000000e-02	STATE 3 PHASE 1
37	-1.000000e+00	1.029937e-02	1.000000e+00	1.000000e-02	STATE 1 PHASE 1
38	-1.000000e+00	-7.611790e-04	1.000000e+00	1.000000e-02	STATE 2 PHASE 1
39	-1.000000e+00	3.850770e-03	1.000000e+00	1.000000e-02	STATE 3 PHASE 1
40	-1.000000e+00	9.930818e-03	1.000000e+00	1.000000e-02	STATE 1 PHASE 1
41	-1.000000e+00	-8.187078e-03	1.000000e+00	1.000000e-02	STATE 2 PHASE 1
42	-1.000000e+00	7.972007e-03	1.000000e+00	1.000000e-02	STATE 3 PHASE 1
43	-1.000000e+00	8.783424e-03	1.000000e+00	1.000000e-02	STATE 1 PHASE 1
44	-1.000000e+00	-1.320600e-02	1.000000e+00	1.000000e-02	STATE 2 PHASE 1
45	-1.000000e+00	1.322337e-02	1.000000e+00	1.000000e-02	STATE 3 PHASE 1
46	-1.000000e+00	6.950451e-03	1.000000e+00	1.000000e-02	STATE 1 PHASE 1
47	-1.000000e+00	-1.454969e-02	1.000000e+00	1.000000e-02	STATE 2 PHASE 1
48	-1.000000e+00	1.855914e-02	1.000000e+00	1.000000e-02	STATE 3 PHASE 1
49	-1.000000e+00	4.837047e-03	1.000000e+00	1.000000e-02	STATE 1 PHASE 1
50	-1.000000e+00	-1.269892e-02	1.000000e+00	1.000000e-02	STATE 2 PHASE 1
51	-1.000000e+00	2.268660e-02	1.000000e+00	1.000000e-02	STATE 3 PHASE 1
52	-1.000000e+00	2.913274e-03	1.000000e+00	1.000000e-02	STATE 1 PHASE 1
53	-1.000000e+00	-9.186329e-03	1.000000e+00	1.000000e-02	STATE 2 PHASE 1
54	-1.000000e+00	2.505990e-02	1.000000e+00	1.000000e-02	STATE 3 PHASE 1
55	-1.000000e+00	1.483024e-03	1.000000e+00	1.000000e-02	STATE 1 PHASE 1
56	-1.000000e+00	-5.583730e-03	1.000000e+00	1.000000e-02	STATE 2 PHASE 1
57	-1.000000e+00	2.605817e-02	1.000000e+00	1.000000e-02	STATE 3 PHASE 1
58	-1.000000e+00	6.065809e-04	1.000000e+00	1.000000e-02	STATE 1 PHASE 1
59	-1.000000e+00	-2.834923e-03	1.000000e+00	1.000000e-02	STATE 2 PHASE 1
60	-1.000000e+00	2.635788e-02	1.000000e+00	1.000000e-02	STATE 3 PHASE 1
61	-1.000000e+00	1.695939e-04	1.000000e+00	1.000000e-02	STATE 1 PHASE 1
62	-1.000000e+00	-1.161617e-03	1.000000e+00	1.000000e-02	STATE 2 PHASE 1
63	-1.000000e+00	2.641878e-02	1.000000e+00	1.000000e-02	STATE 3 PHASE 1
64	-1.000000e+00	2.059845e-06	1.000000e+00	1.000000e-02	STATE 1 PHASE 1
65	-1.000000e+00	-3.400894e-04	1.000000e+00	1.000000e-02	STATE 2 PHASE 1
66	-1.000000e+00	2.642618e-02	1.000000e+00	1.000000e-02	STATE 3 PHASE 1
67	-1.000000e+00	-3.671168e-05	1.000000e+00	1.000000e-02	STATE 1 PHASE 1
68	-1.000000e+00	-2.697329e-05	1.000000e+00	1.000000e-02	STATE 2 PHASE 1
69	-1.000000e+00	2.642668e-02	1.000000e+00	1.000000e-02	STATE 3 PHASE 1
70	-1.000000e+00	-3.068158e-05	1.000000e+00	1.000000e-02	STATE 1 PHASE 1
71	-1.000000e+00	4.995193e-05	1.000000e+00	1.000000e-02	STATE 2 PHASE 1
72	-1.000000e+00	2.642686e-02	1.000000e+00	1.000000e-02	STATE 3 PHASE 1
73	-1.000000e+00	-1.724034e-05	1.000000e+00	1.000000e-02	STATE 1 PHASE 1
74	-1.000000e+00	4.561520e-05	1.000000e+00	1.000000e-02	STATE 2 PHASE 1
75	-1.000000e+00	2.642697e-02	1.000000e+00	1.000000e-02	STATE 3 PHASE 1
76	-1.000000e+00	-7.659819e-06	1.000000e+00	1.000000e-02	STATE 1 PHASE 1
77	-1.000000e+00	2.640139e-05	1.000000e+00	1.000000e-02	STATE 2 PHASE 1
78	-1.000000e+00	2.642701e-02	1.000000e+00	1.000000e-02	STATE 3 PHASE 1
79	-1.000000e+00	-2.725992e-06	1.000000e+00	1.000000e-02	STATE 1 PHASE 1
80	-1.000000e+00	1.207963e-05	1.000000e+00	1.000000e-02	STATE 2 PHASE 1
81	-1.000000e+00	2.642701e-02	1.000000e+00	1.000000e-02	STATE 3 PHASE 1
82	-1.000000e+00	-6.862687e-07	1.000000e+00	1.000000e-02	STATE 1 PHASE 1
83	-1.000000e+00	4.518418e-06	1.000000e+00	1.000000e-02	STATE 2 PHASE 1
84	-1.000000e+00	2.642701e-02	1.000000e+00	1.000000e-02	STATE 3 PHASE 1
85	-1.000000e+00	-1.508684e-08	1.000000e+00	1.000000e-02	STATE 1 PHASE 1
86	-1.000000e+00	1.278711e-06	1.000000e+00	1.000000e-02	STATE 2 PHASE 1
87	-1.000000e+00	2.642702e-02	1.000000e+00	1.000000e-02	STATE 3 PHASE 1
88	-1.000000e+00	1.311404e-07	1.000000e+00	1.000000e-02	STATE 1 PHASE 1
89	-1.000000e+00	1.364129e-07	1.000000e+00	1.000000e-02	STATE 2 PHASE 1
90	-1.000000e+00	2.642702e-02	1.000000e+00	1.000000e-02	STATE 3 PHASE 1
91	-1.000000e+00	1.193873e-07	1.000000e+00	1.000000e-02	STATE 1 PHASE 1
92	-1.000000e+00	-1.637476e-07	1.000000e+00	1.000000e-02	STATE 2 PHASE 1
93	-1.000000e+00	2.642702e-02	1.000000e+00	1.000000e-02	STATE 3 PHASE 1
94	-1.000000e+00	7.975841e-08	1.000000e+00	1.000000e-02	STATE 1 PHASE 1
95	-1.000000e+00	-1.852730e-07	1.000000e+00	1.000000e-02	STATE 2 PHASE 1
96	-1.000000e+00	2.642702e-02	1.000000e+00	1.000000e-02	STATE 3 PHASE 1
97	-1.000000e+00	4.756505e-08	1.000000e+00	1.000000e-02	STATE 1 PHASE 1
98	-1.000000e+00	-1.400268e-07	1.000000e+00	1.000000e-02	STATE 2 PHASE 1
99	-1.000000e+00	2.642702e-02	1.000000e+00	1.000000e-02	STATE 3 PHASE 1
100	-1.000000e+00	2.712586e-08	1.000000e+00	1.000000e-02	STATE 1 PHASE 1
101	-1.000000e+00	-9.402041e-08	1.000000e+00	1.000000e-02	STATE 2 PHASE 1
102	-1.000000e+00	2.642702e-02	1.000000e+00	1.000000e-02	STATE 3 PHASE 1
103	-1.000000e+00	1.536686e-08	1.000000e+00	1.000000e-02	STATE 1 PHASE 1
104	-1.000000e+00	-6.113426e-08	1.000000e+00	1.000000e-02	STATE 2 PHASE 1
105	-1.000000e+00	2.642702e-02	1.000000e+00	1.000000e-02	STATE 3 PHASE 1
106	-1.000000e+00	8.893263e-09	1.000000e+00	1.000000e-02	STATE 1 PHASE 1
107	-1.000000e+00	-4.023419e-08	1.000000e+00	1.000000e-02	STATE 2 PHASE 1
108	-1.000000e+00	2.642702e-02	1.000000e+00	1.000000e-02	STATE 3 PHASE 1
109	-1.000000e+00	5.397507e-09	1.000000e+00	1.000000e-02	STATE 1 PHASE 1
110	-1.000000e+00	-2.805303e-08	1.000000e+00	1.000000e-02	STATE 2 PHASE 1
111	-1.000000e+00	2.642702e-02	1.000000e+00	1.000000e-02	STATE 3 PHASE 1
112	-1.000000e+00	3.509403e-09	1.000000e+00	1.000000e-02	STATE 1 PHASE 1
113	-1.000000e+00	-2.112451e-08	1.000000e+00	1.000000e-02	STATE 2 PHASE 1
114	-1.000000e+00	2.642702e-02	1.000000e+00	1.000000e-02	STATE 3 PHASE 1
115	-1.000000e+00	2.586283e-09	1.000000e+00	1.000000e-02	STATE 1 PHASE 1
116	-1.000000e+00	-1.631428e-08	1.000000e+00	1.000000e-02	STATE 2 PHASE 1
117	-1.000000e+00	2.642702e-02	1.000000e+00	1.000000e-02	STATE 3 PHASE 1
118	-1.000000e+00	2.258972e-09	1.000000e+00	1.000000e-02	STATE 1 PHASE 1
119	-1.000000e+00	-1.498209e-08	1.000000e+00	1.000000e-02	STATE 2 PHASE 1
120	-1.000000e+00	2.642702e-02	1.000000e+00	1.000000e-02	STATE 3 PHASE 1
121	0.000000e+00	0.000000e+00	0.000000e+00	2.000000e-01	t0 PHASE 1
122	1.000000e+00	1.000000e+00	1.000000e+00	2.000000e-01	tf PHASE 1