
***** Phase 1 differential defect constraints *****
LOWER		G(X)		UPPER		SCALING
0.000000e+00	-2.513312e-02	0.000000e+00	1.000000e+00 ***
0.000000e+00	-3.622863e-02	0.000000e+00	1.000000e+00 ***
0.000000e+00	7.841821e-10	0.000000e+00	1.000000e+00 ***
0.000000e+00	7.908100e-12	0.000000e+00	4.084149e-07 ***
0.000000e+00	3.312321e-14	0.000000e+00	4.085157e-07 ***
0.000000e+00	1.391003e-17	0.000000e+00	4.085248e-07 ***
0.000000e+00	-2.424631e-02	0.000000e+00	1.000000e+00 ***
0.000000e+00	-3.622115e-02	0.000000e+00	1.000000e+00 ***
0.000000e+00	7.487913e-10	0.000000e+00	1.000000e+00 ***
0.000000e+00	7.816672e-12	0.000000e+00	4.084136e-07 ***
0.000000e+00	9.784290e-14	0.000000e+00	4.085157e-07 ***
0.000000e+00	-1.328227e-17	0.000000e+00	4.085249e-07 ***
0.000000e+00	-2.336982e-02	0.000000e+00	1.000000e+00 ***
0.000000e+00	-3.620661e-02	0.000000e+00	1.000000e+00 ***
0.000000e+00	7.487913e-10	0.000000e+00	1.000000e+00 ***
0.000000e+00	7.728395e-12	0.000000e+00	4.084123e-07 ***
0.000000e+00	1.603903e-13	0.000000e+00	4.085155e-07 ***
0.000000e+00	1.328227e-17	0.000000e+00	4.085249e-07 ***
0.000000e+00	-2.250308e-02	0.000000e+00	1.000000e+00 ***
0.000000e+00	-3.618508e-02	0.000000e+00	1.000000e+00 ***
0.000000e+00	7.136457e-10	0.000000e+00	1.000000e+00 ***
0.000000e+00	7.643115e-12	0.000000e+00	4.084110e-07 ***
0.000000e+00	2.208710e-13	0.000000e+00	4.085154e-07 ***
0.000000e+00	-1.265886e-17	0.000000e+00	4.085250e-07 ***
0.000000e+00	-2.164570e-02	0.000000e+00	1.000000e+00 ***
0.000000e+00	-3.615690e-02	0.000000e+00	1.000000e+00 ***
0.000000e+00	7.136457e-10	0.000000e+00	1.000000e+00 ***
0.000000e+00	7.560703e-12	0.000000e+00	4.084097e-07 ***
0.000000e+00	2.794951e-13	0.000000e+00	4.085153e-07 ***
0.000000e+00	1.265886e-17	0.000000e+00	4.085250e-07 ***
0.000000e+00	-2.079752e-02	0.000000e+00	1.000000e+00 ***
0.000000e+00	-3.612202e-02	0.000000e+00	1.000000e+00 ***
0.000000e+00	6.790265e-10	0.000000e+00	1.000000e+00 ***
0.000000e+00	7.481055e-12	0.000000e+00	4.084085e-07 ***
0.000000e+00	3.362674e-13	0.000000e+00	4.085151e-07 ***
0.000000e+00	-1.204478e-17	0.000000e+00	4.085251e-07 ***
0.000000e+00	-1.995819e-02	0.000000e+00	1.000000e+00 ***
0.000000e+00	-3.608104e-02	0.000000e+00	1.000000e+00 ***
0.000000e+00	6.790265e-10	0.000000e+00	1.000000e+00 ***
0.000000e+00	7.404086e-12	0.000000e+00	4.084073e-07 ***
0.000000e+00	3.914095e-13	0.000000e+00	4.085150e-07 ***
0.000000e+00	1.204478e-17	0.000000e+00	4.085251e-07 ***
0.000000e+00	-1.912743e-02	0.000000e+00	1.000000e+00 ***
0.000000e+00	-3.603381e-02	0.000000e+00	1.000000e+00 ***
0.000000e+00	6.449076e-10	0.000000e+00	1.000000e+00 ***
0.000000e+00	7.329678e-12	0.000000e+00	4.084062e-07 ***
0.000000e+00	4.449430e-13	0.000000e+00	4.085148e-07 ***
0.000000e+00	-1.143958e-17	0.000000e+00	4.085251e-07 ***
0.000000e+00	-1.830467e-02	0.000000e+00	1.000000e+00 ***
0.000000e+00	-3.598077e-02	0.000000e+00	1.000000e+00 ***
0.000000e+00	6.449076e-10	0.000000e+00	1.000000e+00 ***
0.000000e+00	7.257764e-12	0.000000e+00	4.084050e-07 ***
0.000000e+00	4.969972e-13	0.000000e+00	4.085146e-07 ***
0.000000e+00	1.143958e-17	0.000000e+00	4.085252e-07 ***
0.000000e+00	-1.749028e-02	0.000000e+00	1.000000e+00 ***
0.000000e+00	-3.592177e-02	0.000000e+00	1.000000e+00 ***
0.000000e+00	6.112637e-10	0.000000e+00	1.000000e+00 ***
0.000000e+00	7.188211e-12	0.000000e+00	4.084039e-07 ***
0.000000e+00	5.476607e-13	0.000000e+00	4.085143e-07 ***
0.000000e+00	-1.084280e-17	0.000000e+00	4.085252e-07 ***
0.000000e+00	-1.668321e-02	0.000000e+00	1.000000e+00 ***
0.000000e+00	-3.585724e-02	0.000000e+00	1.000000e+00 ***
0.000000e+00	6.112637e-10	0.000000e+00	1.000000e+00 ***
0.000000e+00	7.120991e-12	0.000000e+00	4.084029e-07 ***
0.000000e+00	5.970157e-13	0.000000e+00	4.085141e-07 ***
0.000000e+00	1.084280e-17	0.000000e+00	4.085253e-07 ***
0.000000e+00	-1.588385e-02	0.000000e+00	1.000000e+00 ***
0.000000e+00	-3.578720e-02	0.000000e+00	1.000000e+00 ***
0.000000e+00	5.780696e-10	0.000000e+00	1.000000e+00 ***
0.000000e+00	7.055969e-12	0.000000e+00	4.084019e-07 ***
0.000000e+00	6.451510e-13	0.000000e+00	4.085138e-07 ***
0.000000e+00	-1.025400e-17	0.000000e+00	4.085253e-07 ***
0.000000e+00	-1.509178e-02	0.000000e+00	1.000000e+00 ***
0.000000e+00	-3.571173e-02	0.000000e+00	1.000000e+00 ***
0.000000e+00	5.780696e-10	0.000000e+00	1.000000e+00 ***
0.000000e+00	6.993099e-12	0.000000e+00	4.084009e-07 ***
0.000000e+00	6.921618e-13	0.000000e+00	4.085135e-07 ***
0.000000e+00	1.025400e-17	0.000000e+00	4.085254e-07 ***
0.000000e+00	-1.430635e-02	0.000000e+00	1.000000e+00 ***
0.000000e+00	-3.563113e-02	0.000000e+00	1.000000e+00 ***
0.000000e+00	5.453004e-10	0.000000e+00	1.000000e+00 ***
0.000000e+00	6.932323e-12	0.000000e+00	4.084000e-07 ***
0.000000e+00	7.380679e-13	0.000000e+00	4.085132e-07 ***
0.000000e+00	-9.672730e-18	0.000000e+00	4.085254e-07 ***
0.000000e+00	-1.352774e-02	0.000000e+00	1.000000e+00 ***
0.000000e+00	-3.554534e-02	0.000000e+00	1.000000e+00 ***
0.000000e+00	5.453004e-10	0.000000e+00	1.000000e+00 ***
0.000000e+00	6.873533e-12	0.000000e+00	4.083991e-07 ***
0.000000e+00	7.829997e-13	0.000000e+00	4.085129e-07 ***
0.000000e+00	9.672733e-18	0.000000e+00	4.085255e-07 ***
0.000000e+00	-1.275584e-02	0.000000e+00	1.000000e+00 ***
0.000000e+00	-3.545457e-02	0.000000e+00	1.000000e+00 ***
0.000000e+00	5.129318e-10	0.000000e+00	1.000000e+00 ***
0.000000e+00	6.816700e-12	0.000000e+00	4.083983e-07 ***
0.000000e+00	8.269700e-13	0.000000e+00	4.085125e-07 ***
0.000000e+00	-9.098569e-18	0.000000e+00	4.085255e-07 ***
0.000000e+00	-1.199007e-02	0.000000e+00	1.000000e+00 ***
0.000000e+00	-3.535885e-02	0.000000e+00	1.000000e+00 ***
0.000000e+00	5.129318e-10	0.000000e+00	1.000000e+00 ***
0.000000e+00	6.761729e-12	0.000000e+00	4.083975e-07 ***
0.000000e+00	8.700659e-13	0.000000e+00	4.085121e-07 ***
0.000000e+00	9.098571e-18	0.000000e+00	4.085255e-07 ***
0.000000e+00	-1.123071e-02	0.000000e+00	1.000000e+00 ***
0.000000e+00	-3.525834e-02	0.000000e+00	1.000000e+00 ***
0.000000e+00	4.809395e-10	0.000000e+00	1.000000e+00 ***
0.000000e+00	6.708592e-12	0.000000e+00	4.083967e-07 ***
0.000000e+00	9.123662e-13	0.000000e+00	4.085117e-07 ***
0.000000e+00	-8.531083e-18	0.000000e+00	4.085256e-07 ***
0.000000e+00	-1.047672e-02	0.000000e+00	1.000000e+00 ***
0.000000e+00	-3.515319e-02	0.000000e+00	1.000000e+00 ***
0.000000e+00	4.809395e-10	0.000000e+00	1.000000e+00 ***
0.000000e+00	6.657227e-12	0.000000e+00	4.083960e-07 ***
0.000000e+00	9.538756e-13	0.000000e+00	4.085113e-07 ***
0.000000e+00	8.531085e-18	0.000000e+00	4.085256e-07 ***
0.000000e+00	-9.728800e-03	0.000000e+00	1.000000e+00 ***
0.000000e+00	-3.504324e-02	0.000000e+00	1.000000e+00 ***
0.000000e+00	4.492997e-10	0.000000e+00	1.000000e+00 ***
0.000000e+00	6.607553e-12	0.000000e+00	4.083954e-07 ***
0.000000e+00	9.946892e-13	0.000000e+00	4.085108e-07 ***
0.000000e+00	-7.969848e-18	0.000000e+00	4.085257e-07 ***
0.000000e+00	-8.986337e-03	0.000000e+00	1.000000e+00 ***
0.000000e+00	-3.492884e-02	0.000000e+00	1.000000e+00 ***
0.000000e+00	4.492997e-10	0.000000e+00	1.000000e+00 ***
0.000000e+00	6.559558e-12	0.000000e+00	4.083948e-07 ***
0.000000e+00	1.034854e-12	0.000000e+00	4.085104e-07 ***
0.000000e+00	7.969849e-18	0.000000e+00	4.085257e-07 ***
0.000000e+00	-8.249066e-03	0.000000e+00	1.000000e+00 ***
0.000000e+00	-3.480994e-02	0.000000e+00	1.000000e+00 ***
0.000000e+00	4.179887e-10	0.000000e+00	1.000000e+00 ***
0.000000e+00	6.513169e-12	0.000000e+00	4.083943e-07 ***
0.000000e+00	1.074404e-12	0.000000e+00	4.085099e-07 ***
0.000000e+00	-7.414444e-18	0.000000e+00	4.085257e-07 ***
0.000000e+00	-7.517091e-03	0.000000e+00	1.000000e+00 ***
0.000000e+00	-3.468655e-02	0.000000e+00	1.000000e+00 ***
0.000000e+00	4.179887e-10	0.000000e+00	1.000000e+00 ***
0.000000e+00	6.468345e-12	0.000000e+00	4.083938e-07 ***
0.000000e+00	1.113381e-12	0.000000e+00	4.085093e-07 ***
0.000000e+00	7.414446e-18	0.000000e+00	4.085258e-07 ***
0.000000e+00	-6.789982e-03	0.000000e+00	1.000000e+00 ***
0.000000e+00	-3.455880e-02	0.000000e+00	1.000000e+00 ***
0.000000e+00	3.869832e-10	0.000000e+00	1.000000e+00 ***
0.000000e+00	6.425038e-12	0.000000e+00	4.083934e-07 ***
0.000000e+00	1.151841e-12	0.000000e+00	4.085088e-07 ***
0.000000e+00	-6.864459e-18	0.000000e+00	4.085258e-07 ***
0.000000e+00	-6.067751e-03	0.000000e+00	1.000000e+00 ***
0.000000e+00	-3.442686e-02	0.000000e+00	1.000000e+00 ***
0.000000e+00	3.869832e-10	0.000000e+00	1.000000e+00 ***
0.000000e+00	6.383221e-12	0.000000e+00	4.083931e-07 ***
0.000000e+00	1.189839e-12	0.000000e+00	4.085082e-07 ***
0.000000e+00	6.864460e-18	0.000000e+00	4.085258e-07 ***
0.000000e+00	-5.349965e-03	0.000000e+00	1.000000e+00 ***
0.000000e+00	-3.429051e-02	0.000000e+00	1.000000e+00 ***
0.000000e+00	3.562600e-10	0.000000e+00	1.000000e+00 ***
0.000000e+00	6.342843e-12	0.000000e+00	4.083928e-07 ***
0.000000e+00	1.227393e-12	0.000000e+00	4.085076e-07 ***
0.000000e+00	-6.319481e-18	0.000000e+00	4.085259e-07 ***
0.000000e+00	-4.636988e-03	0.000000e+00	1.000000e+00 ***
0.000000e+00	-3.415002e-02	0.000000e+00	1.000000e+00 ***
0.000000e+00	3.562600e-10	0.000000e+00	1.000000e+00 ***
0.000000e+00	6.303861e-12	0.000000e+00	4.083926e-07 ***
0.000000e+00	1.264555e-12	0.000000e+00	4.085070e-07 ***
0.000000e+00	6.319482e-18	0.000000e+00	4.085259e-07 ***
0.000000e+00	-3.928022e-03	0.000000e+00	1.000000e+00 ***
0.000000e+00	-3.400533e-02	0.000000e+00	1.000000e+00 ***
0.000000e+00	3.257961e-10	0.000000e+00	1.000000e+00 ***
0.000000e+00	6.266256e-12	0.000000e+00	4.083924e-07 ***
0.000000e+00	1.301361e-12	0.000000e+00	4.085064e-07 ***
0.000000e+00	-5.779103e-18	0.000000e+00	4.085259e-07 ***
0.000000e+00	-3.223388e-03	0.000000e+00	1.000000e+00 ***
0.000000e+00	-3.385657e-02	0.000000e+00	1.000000e+00 ***
0.000000e+00	3.257961e-10	0.000000e+00	1.000000e+00 ***
0.000000e+00	6.229979e-12	0.000000e+00	4.083923e-07 ***
0.000000e+00	1.337846e-12	0.000000e+00	4.085057e-07 ***
0.000000e+00	5.779104e-18	0.000000e+00	4.085259e-07 ***
0.000000e+00	-2.522509e-03	0.000000e+00	1.000000e+00 ***
0.000000e+00	-3.370368e-02	0.000000e+00	1.000000e+00 ***
0.000000e+00	2.955689e-10	0.000000e+00	1.000000e+00 ***
0.000000e+00	6.194998e-12	0.000000e+00	4.083922e-07 ***
0.000000e+00	1.374042e-12	0.000000e+00	4.085051e-07 ***
0.000000e+00	-5.242922e-18	0.000000e+00	4.085260e-07 ***
0.000000e+00	-1.825961e-03	0.000000e+00	1.000000e+00 ***
0.000000e+00	-3.354671e-02	0.000000e+00	1.000000e+00 ***
0.000000e+00	2.955689e-10	0.000000e+00	1.000000e+00 ***
0.000000e+00	6.161288e-12	0.000000e+00	4.083923e-07 ***
0.000000e+00	1.409991e-12	0.000000e+00	4.085044e-07 ***
0.000000e+00	5.242923e-18	0.000000e+00	4.085260e-07 ***
0.000000e+00	-1.132861e-03	0.000000e+00	1.000000e+00 ***
0.000000e+00	-3.338568e-02	0.000000e+00	1.000000e+00 ***
0.000000e+00	2.655558e-10	0.000000e+00	1.000000e+00 ***
0.000000e+00	6.128806e-12	0.000000e+00	4.083923e-07 ***
0.000000e+00	1.445705e-12	0.000000e+00	4.085036e-07 ***
0.000000e+00	-4.710538e-18	0.000000e+00	4.085260e-07 ***
0.000000e+00	-4.434053e-04	0.000000e+00	1.000000e+00 ***
0.000000e+00	-3.322063e-02	0.000000e+00	1.000000e+00 ***
0.000000e+00	2.655558e-10	0.000000e+00	1.000000e+00 ***
0.000000e+00	6.097561e-12	0.000000e+00	4.083925e-07 ***
0.000000e+00	1.481257e-12	0.000000e+00	4.085029e-07 ***
0.000000e+00	4.710539e-18	0.000000e+00	4.085260e-07 ***
0.000000e+00	2.428190e-04	0.000000e+00	1.000000e+00 ***
0.000000e+00	-3.305165e-02	0.000000e+00	1.000000e+00 ***
0.000000e+00	2.357343e-10	0.000000e+00	1.000000e+00 ***
0.000000e+00	6.067472e-12	0.000000e+00	4.083927e-07 ***
0.000000e+00	1.516667e-12	0.000000e+00	4.085021e-07 ***
0.000000e+00	-4.181553e-18	0.000000e+00	4.085261e-07 ***
0.000000e+00	9.253124e-04	0.000000e+00	1.000000e+00 ***
0.000000e+00	-3.287865e-02	0.000000e+00	1.000000e+00 ***
0.000000e+00	2.357343e-10	0.000000e+00	1.000000e+00 ***
0.000000e+00	6.038556e-12	0.000000e+00	4.083930e-07 ***
0.000000e+00	1.551928e-12	0.000000e+00	4.085014e-07 ***
0.000000e+00	4.181554e-18	0.000000e+00	4.085261e-07 ***
0.000000e+00	1.604755e-03	0.000000e+00	1.000000e+00 ***
0.000000e+00	-3.270173e-02	0.000000e+00	1.000000e+00 ***
0.000000e+00	2.060822e-10	0.000000e+00	1.000000e+00 ***
0.000000e+00	6.010768e-12	0.000000e+00	4.083933e-07 ***
0.000000e+00	1.587106e-12	0.000000e+00	4.085006e-07 ***
0.000000e+00	-3.655573e-18	0.000000e+00	4.085261e-07 ***
0.000000e+00	2.281425e-03	0.000000e+00	1.000000e+00 ***
0.000000e+00	-3.252071e-02	0.000000e+00	1.000000e+00 ***
0.000000e+00	2.060822e-10	0.000000e+00	1.000000e+00 ***
0.000000e+00	5.984089e-12	0.000000e+00	4.083937e-07 ***
0.000000e+00	1.622228e-12	0.000000e+00	4.084997e-07 ***
0.000000e+00	3.655574e-18	0.000000e+00	4.085261e-07 ***
0.000000e+00	2.954499e-03	0.000000e+00	1.000000e+00 ***
0.000000e+00	-3.233578e-02	0.000000e+00	1.000000e+00 ***
0.000000e+00	1.765774e-10	0.000000e+00	1.000000e+00 ***
0.000000e+00	5.958490e-12	0.000000e+00	4.083942e-07 ***
0.000000e+00	1.657315e-12	0.000000e+00	4.084989e-07 ***
0.000000e+00	-3.132205e-18	0.000000e+00	4.085261e-07 ***
0.000000e+00	3.625479e-03	0.000000e+00	1.000000e+00 ***
0.000000e+00	-3.214700e-02	0.000000e+00	1.000000e+00 ***
0.000000e+00	1.765774e-10	0.000000e+00	1.000000e+00 ***
0.000000e+00	5.933982e-12	0.000000e+00	4.083947e-07 ***
0.000000e+00	1.692386e-12	0.000000e+00	4.084981e-07 ***
0.000000e+00	3.132206e-18	0.000000e+00	4.085262e-07 ***
0.000000e+00	4.293362e-03	0.000000e+00	1.000000e+00 ***
0.000000e+00	-3.195419e-02	0.000000e+00	1.000000e+00 ***
0.000000e+00	1.471979e-10	0.000000e+00	1.000000e+00 ***
0.000000e+00	5.910502e-12	0.000000e+00	4.083953e-07 ***
0.000000e+00	1.727498e-12	0.000000e+00	4.084972e-07 ***
0.000000e+00	-2.611060e-18	0.000000e+00	4.085262e-07 ***
0.000000e+00	4.958638e-03	0.000000e+00	1.000000e+00 ***
0.000000e+00	-3.175741e-02	0.000000e+00	1.000000e+00 ***
0.000000e+00	1.471979e-10	0.000000e+00	1.000000e+00 ***
0.000000e+00	5.888044e-12	0.000000e+00	4.083960e-07 ***
0.000000e+00	1.762636e-12	0.000000e+00	4.084963e-07 ***
0.000000e+00	2.611060e-18	0.000000e+00	4.085262e-07 ***
0.000000e+00	5.621683e-03	0.000000e+00	1.000000e+00 ***
0.000000e+00	-3.155664e-02	0.000000e+00	1.000000e+00 ***
0.000000e+00	1.179217e-10	0.000000e+00	1.000000e+00 ***
0.000000e+00	5.866614e-12	0.000000e+00	4.083967e-07 ***
0.000000e+00	1.797897e-12	0.000000e+00	4.084955e-07 ***
0.000000e+00	-2.091746e-18	0.000000e+00	4.085262e-07 ***
0.000000e+00	6.281753e-03	0.000000e+00	1.000000e+00 ***
0.000000e+00	-3.135194e-02	0.000000e+00	1.000000e+00 ***
0.000000e+00	1.179217e-10	0.000000e+00	1.000000e+00 ***
0.000000e+00	5.846169e-12	0.000000e+00	4.083975e-07 ***
0.000000e+00	1.833213e-12	0.000000e+00	4.084946e-07 ***
0.000000e+00	2.091747e-18	0.000000e+00	4.085262e-07 ***
0.000000e+00	6.940459e-03	0.000000e+00	1.000000e+00 ***
0.000000e+00	-3.114320e-02	0.000000e+00	1.000000e+00 ***
0.000000e+00	8.872707e-11	0.000000e+00	1.000000e+00 ***
0.000000e+00	5.826696e-12	0.000000e+00	4.083983e-07 ***
0.000000e+00	1.868691e-12	0.000000e+00	4.084937e-07 ***
0.000000e+00	-1.573879e-18	0.000000e+00	4.085262e-07 ***
0.000000e+00	7.596028e-03	0.000000e+00	1.000000e+00 ***
0.000000e+00	-3.093051e-02	0.000000e+00	1.000000e+00 ***
0.000000e+00	8.872707e-11	0.000000e+00	1.000000e+00 ***
0.000000e+00	5.808191e-12	0.000000e+00	4.083992e-07 ***
0.000000e+00	1.904321e-12	0.000000e+00	4.084928e-07 ***
0.000000e+00	1.573879e-18	0.000000e+00	4.085262e-07 ***
0.000000e+00	8.250578e-03	0.000000e+00	1.000000e+00 ***
0.000000e+00	-3.071379e-02	0.000000e+00	1.000000e+00 ***
0.000000e+00	5.959211e-11	0.000000e+00	1.000000e+00 ***
0.000000e+00	5.790646e-12	0.000000e+00	4.084002e-07 ***
0.000000e+00	1.940143e-12	0.000000e+00	4.084919e-07 ***
0.000000e+00	-1.057071e-18	0.000000e+00	4.085262e-07 ***
0.000000e+00	8.902493e-03	0.000000e+00	1.000000e+00 ***
0.000000e+00	-3.049294e-02	0.000000e+00	1.000000e+00 ***
0.000000e+00	5.959211e-11	0.000000e+00	1.000000e+00 ***
0.000000e+00	5.774013e-12	0.000000e+00	4.084012e-07 ***
0.000000e+00	1.976191e-12	0.000000e+00	4.084910e-07 ***
0.000000e+00	1.057071e-18	0.000000e+00	4.085262e-07 ***
0.000000e+00	9.553078e-03	0.000000e+00	1.000000e+00 ***
0.000000e+00	-3.026810e-02	0.000000e+00	1.000000e+00 ***
0.000000e+00	3.049513e-11	0.000000e+00	1.000000e+00 ***
0.000000e+00	5.758301e-12	0.000000e+00	4.084022e-07 ***
0.000000e+00	2.012458e-12	0.000000e+00	4.084900e-07 ***
0.000000e+00	-5.409358e-19	0.000000e+00	4.085262e-07 ***
0.000000e+00	1.020145e-02	0.000000e+00	1.000000e+00 ***
0.000000e+00	-3.003907e-02	0.000000e+00	1.000000e+00 ***
0.000000e+00	3.190976e-11	0.000000e+00	1.000000e+00 ***
0.000000e+00	5.743521e-12	0.000000e+00	4.084033e-07 ***
0.000000e+00	2.048998e-12	0.000000e+00	4.084891e-07 ***
0.000000e+00	5.158425e-19	0.000000e+00	4.085262e-07 ***
0.000000e+00	1.084872e-02	0.000000e+00	1.000000e+00 ***
0.000000e+00	-2.980596e-02	0.000000e+00	1.000000e+00 ***
0.000000e+00	2.829045e-12	0.000000e+00	1.000000e+00 ***
0.000000e+00	5.729624e-12	0.000000e+00	4.084045e-07 ***
0.000000e+00	2.085844e-12	0.000000e+00	4.084882e-07 ***
0.000000e+00	3.841786e-24	0.000000e+00	4.085262e-07 ***
0.000000e+00	1.149383e-02	0.000000e+00	1.000000e+00 ***
0.000000e+00	-2.956872e-02	0.000000e+00	1.000000e+00 ***
0.000000e+00	3.190976e-11	0.000000e+00	1.000000e+00 ***
0.000000e+00	5.716623e-12	0.000000e+00	4.084057e-07 ***
0.000000e+00	2.123005e-12	0.000000e+00	4.084873e-07 ***
0.000000e+00	-5.158502e-19	0.000000e+00	4.085262e-07 ***
0.000000e+00	1.213792e-02	0.000000e+00	1.000000e+00 ***
0.000000e+00	-2.932715e-02	0.000000e+00	1.000000e+00 ***
0.000000e+00	3.049535e-11	0.000000e+00	1.000000e+00 ***
0.000000e+00	5.704490e-12	0.000000e+00	4.084069e-07 ***
0.000000e+00	2.160515e-12	0.000000e+00	4.084864e-07 ***
0.000000e+00	5.409397e-19	0.000000e+00	4.085262e-07 ***
0.000000e+00	1.278062e-02	0.000000e+00	1.000000e+00 ***
0.000000e+00	-2.908147e-02	0.000000e+00	1.000000e+00 ***
0.000000e+00	5.959234e-11	0.000000e+00	1.000000e+00 ***
0.000000e+00	5.693225e-12	0.000000e+00	4.084082e-07 ***
0.000000e+00	2.198403e-12	0.000000e+00	4.084855e-07 ***
0.000000e+00	-1.057075e-18	0.000000e+00	4.085262e-07 ***
0.000000e+00	1.342245e-02	0.000000e+00	1.000000e+00 ***
0.000000e+00	-2.883139e-02	0.000000e+00	1.000000e+00 ***
0.000000e+00	5.959234e-11	0.000000e+00	1.000000e+00 ***
0.000000e+00	5.682842e-12	0.000000e+00	4.084096e-07 ***
0.000000e+00	2.236707e-12	0.000000e+00	4.084846e-07 ***
0.000000e+00	1.057075e-18	0.000000e+00	4.085262e-07 ***
0.000000e+00	1.406241e-02	0.000000e+00	1.000000e+00 ***
0.000000e+00	-2.857700e-02	0.000000e+00	1.000000e+00 ***
0.000000e+00	8.872730e-11	0.000000e+00	1.000000e+00 ***
0.000000e+00	5.673291e-12	0.000000e+00	4.084109e-07 ***
0.000000e+00	2.275439e-12	0.000000e+00	4.084837e-07 ***
0.000000e+00	-1.573883e-18	0.000000e+00	4.085262e-07 ***
0.000000e+00	1.470217e-02	0.000000e+00	1.000000e+00 ***
0.000000e+00	-2.831831e-02	0.000000e+00	1.000000e+00 ***
0.000000e+00	8.872730e-11	0.000000e+00	1.000000e+00 ***
0.000000e+00	5.664607e-12	0.000000e+00	4.084123e-07 ***
0.000000e+00	2.314641e-12	0.000000e+00	4.084828e-07 ***
0.000000e+00	1.573883e-18	0.000000e+00	4.085262e-07 ***
0.000000e+00	1.534010e-02	0.000000e+00	1.000000e+00 ***
0.000000e+00	-2.805483e-02	0.000000e+00	1.000000e+00 ***
0.000000e+00	1.179220e-10	0.000000e+00	1.000000e+00 ***
0.000000e+00	5.656737e-12	0.000000e+00	4.084138e-07 ***
0.000000e+00	2.354330e-12	0.000000e+00	4.084819e-07 ***
0.000000e+00	-2.091751e-18	0.000000e+00	4.085262e-07 ***
0.000000e+00	1.597801e-02	0.000000e+00	1.000000e+00 ***
0.000000e+00	-2.778733e-02	0.000000e+00	1.000000e+00 ***
0.000000e+00	1.179220e-10	0.000000e+00	1.000000e+00 ***
0.000000e+00	5.649720e-12	0.000000e+00	4.084153e-07 ***
0.000000e+00	2.394569e-12	0.000000e+00	4.084811e-07 ***
0.000000e+00	2.091751e-18	0.000000e+00	4.085262e-07 ***
0.000000e+00	1.661463e-02	0.000000e+00	1.000000e+00 ***
0.000000e+00	-2.751484e-02	0.000000e+00	1.000000e+00 ***
0.000000e+00	1.471981e-10	0.000000e+00	1.000000e+00 ***
0.000000e+00	5.643526e-12	0.000000e+00	4.084168e-07 ***
0.000000e+00	2.435327e-12	0.000000e+00	4.084802e-07 ***
0.000000e+00	-2.611064e-18	0.000000e+00	4.085262e-07 ***
0.000000e+00	1.725096e-02	0.000000e+00	1.000000e+00 ***
0.000000e+00	-2.723810e-02	0.000000e+00	1.000000e+00 ***
0.000000e+00	1.471981e-10	0.000000e+00	1.000000e+00 ***
0.000000e+00	5.638156e-12	0.000000e+00	4.084183e-07 ***
0.000000e+00	2.476703e-12	0.000000e+00	4.084794e-07 ***
0.000000e+00	2.611063e-18	0.000000e+00	4.085262e-07 ***
0.000000e+00	1.788642e-02	0.000000e+00	1.000000e+00 ***
0.000000e+00	-2.695624e-02	0.000000e+00	1.000000e+00 ***
0.000000e+00	1.765777e-10	0.000000e+00	1.000000e+00 ***
0.000000e+00	5.633596e-12	0.000000e+00	4.084199e-07 ***
0.000000e+00	2.518681e-12	0.000000e+00	4.084786e-07 ***
0.000000e+00	-3.132210e-18	0.000000e+00	4.085262e-07 ***
0.000000e+00	1.852172e-02	0.000000e+00	1.000000e+00 ***
0.000000e+00	-2.667002e-02	0.000000e+00	1.000000e+00 ***
0.000000e+00	1.765777e-10	0.000000e+00	1.000000e+00 ***
0.000000e+00	5.629877e-12	0.000000e+00	4.084215e-07 ***
0.000000e+00	2.561323e-12	0.000000e+00	4.084778e-07 ***
0.000000e+00	3.132209e-18	0.000000e+00	4.085261e-07 ***
0.000000e+00	1.915642e-02	0.000000e+00	1.000000e+00 ***
0.000000e+00	-2.637873e-02	0.000000e+00	1.000000e+00 ***
0.000000e+00	2.060824e-10	0.000000e+00	1.000000e+00 ***
0.000000e+00	5.626970e-12	0.000000e+00	4.084231e-07 ***
0.000000e+00	2.604658e-12	0.000000e+00	4.084770e-07 ***
0.000000e+00	-3.655577e-18	0.000000e+00	4.085261e-07 ***
0.000000e+00	1.979077e-02	0.000000e+00	1.000000e+00 ***
0.000000e+00	-2.608243e-02	0.000000e+00	1.000000e+00 ***
0.000000e+00	2.060824e-10	0.000000e+00	1.000000e+00 ***
0.000000e+00	5.624846e-12	0.000000e+00	4.084247e-07 ***
0.000000e+00	2.648699e-12	0.000000e+00	4.084762e-07 ***
0.000000e+00	3.655577e-18	0.000000e+00	4.085261e-07 ***
0.000000e+00	2.042511e-02	0.000000e+00	1.000000e+00 ***
0.000000e+00	-2.578131e-02	0.000000e+00	1.000000e+00 ***
0.000000e+00	2.357345e-10	0.000000e+00	1.000000e+00 ***
0.000000e+00	5.623559e-12	0.000000e+00	4.084263e-07 ***
0.000000e+00	2.693524e-12	0.000000e+00	4.084755e-07 ***
0.000000e+00	-4.181557e-18	0.000000e+00	4.085261e-07 ***
0.000000e+00	2.105934e-02	0.000000e+00	1.000000e+00 ***
0.000000e+00	-2.547499e-02	0.000000e+00	1.000000e+00 ***
0.000000e+00	2.357345e-10	0.000000e+00	1.000000e+00 ***
0.000000e+00	5.623071e-12	0.000000e+00	4.084280e-07 ***
0.000000e+00	2.739141e-12	0.000000e+00	4.084748e-07 ***
0.000000e+00	4.181557e-18	0.000000e+00	4.085261e-07 ***
0.000000e+00	2.169337e-02	0.000000e+00	1.000000e+00 ***
0.000000e+00	-2.516348e-02	0.000000e+00	1.000000e+00 ***
0.000000e+00	2.655560e-10	0.000000e+00	1.000000e+00 ***
0.000000e+00	5.623375e-12	0.000000e+00	4.084297e-07 ***
0.000000e+00	2.785572e-12	0.000000e+00	4.084741e-07 ***
0.000000e+00	-4.710542e-18	0.000000e+00	4.085260e-07 ***
0.000000e+00	2.232768e-02	0.000000e+00	1.000000e+00 ***
0.000000e+00	-2.484681e-02	0.000000e+00	1.000000e+00 ***
0.000000e+00	2.655560e-10	0.000000e+00	1.000000e+00 ***
0.000000e+00	5.624522e-12	0.000000e+00	4.084314e-07 ***
0.000000e+00	2.832909e-12	0.000000e+00	4.084734e-07 ***
0.000000e+00	4.710541e-18	0.000000e+00	4.085260e-07 ***
0.000000e+00	2.296212e-02	0.000000e+00	1.000000e+00 ***
0.000000e+00	-2.452463e-02	0.000000e+00	1.000000e+00 ***
0.000000e+00	2.955691e-10	0.000000e+00	1.000000e+00 ***
0.000000e+00	5.626469e-12	0.000000e+00	4.084330e-07 ***
0.000000e+00	2.881155e-12	0.000000e+00	4.084728e-07 ***
0.000000e+00	-5.242926e-18	0.000000e+00	4.085260e-07 ***
0.000000e+00	2.359675e-02	0.000000e+00	1.000000e+00 ***
0.000000e+00	-2.419701e-02	0.000000e+00	1.000000e+00 ***
0.000000e+00	2.955691e-10	0.000000e+00	1.000000e+00 ***
0.000000e+00	5.629190e-12	0.000000e+00	4.084347e-07 ***
0.000000e+00	2.930355e-12	0.000000e+00	4.084722e-07 ***
0.000000e+00	5.242925e-18	0.000000e+00	4.085260e-07 ***
0.000000e+00	2.423182e-02	0.000000e+00	1.000000e+00 ***
0.000000e+00	-2.386370e-02	0.000000e+00	1.000000e+00 ***
0.000000e+00	3.257963e-10	0.000000e+00	1.000000e+00 ***
0.000000e+00	5.632764e-12	0.000000e+00	4.084364e-07 ***
0.000000e+00	2.980567e-12	0.000000e+00	4.084716e-07 ***
0.000000e+00	-5.779106e-18	0.000000e+00	4.085259e-07 ***
0.000000e+00	2.486722e-02	0.000000e+00	1.000000e+00 ***
0.000000e+00	-2.352477e-02	0.000000e+00	1.000000e+00 ***
0.000000e+00	3.257963e-10	0.000000e+00	1.000000e+00 ***
0.000000e+00	5.637123e-12	0.000000e+00	4.084381e-07 ***
0.000000e+00	3.031834e-12	0.000000e+00	4.084711e-07 ***
0.000000e+00	5.779105e-18	0.000000e+00	4.085259e-07 ***
0.000000e+00	2.550323e-02	0.000000e+00	1.000000e+00 ***
0.000000e+00	-2.317983e-02	0.000000e+00	1.000000e+00 ***
0.000000e+00	3.562601e-10	0.000000e+00	1.000000e+00 ***
0.000000e+00	5.642305e-12	0.000000e+00	4.084398e-07 ***
0.000000e+00	3.084198e-12	0.000000e+00	4.084705e-07 ***
0.000000e+00	-6.319484e-18	0.000000e+00	4.085259e-07 ***
0.000000e+00	2.614007e-02	0.000000e+00	1.000000e+00 ***
0.000000e+00	-2.282921e-02	0.000000e+00	1.000000e+00 ***
0.000000e+00	3.562601e-10	0.000000e+00	1.000000e+00 ***
0.000000e+00	5.648318e-12	0.000000e+00	4.084415e-07 ***
0.000000e+00	3.137726e-12	0.000000e+00	4.084700e-07 ***
0.000000e+00	6.319483e-18	0.000000e+00	4.085259e-07 ***
0.000000e+00	2.677710e-02	0.000000e+00	1.000000e+00 ***
0.000000e+00	-2.247216e-02	0.000000e+00	1.000000e+00 ***
0.000000e+00	3.869833e-10	0.000000e+00	1.000000e+00 ***
0.000000e+00	5.655102e-12	0.000000e+00	4.084432e-07 ***
0.000000e+00	3.192439e-12	0.000000e+00	4.084696e-07 ***
0.000000e+00	-6.864461e-18	0.000000e+00	4.085258e-07 ***
0.000000e+00	2.741536e-02	0.000000e+00	1.000000e+00 ***
0.000000e+00	-2.210904e-02	0.000000e+00	1.000000e+00 ***
0.000000e+00	3.869833e-10	0.000000e+00	1.000000e+00 ***
0.000000e+00	5.662769e-12	0.000000e+00	4.084449e-07 ***
0.000000e+00	3.248416e-12	0.000000e+00	4.084691e-07 ***
0.000000e+00	6.864460e-18	0.000000e+00	4.085258e-07 ***
0.000000e+00	2.805467e-02	0.000000e+00	1.000000e+00 ***
0.000000e+00	-2.173957e-02	0.000000e+00	1.000000e+00 ***
0.000000e+00	4.179887e-10	0.000000e+00	1.000000e+00 ***
0.000000e+00	5.671249e-12	0.000000e+00	4.084466e-07 ***
0.000000e+00	3.305731e-12	0.000000e+00	4.084687e-07 ***
0.000000e+00	-7.414446e-18	0.000000e+00	4.085258e-07 ***
0.000000e+00	2.869446e-02	0.000000e+00	1.000000e+00 ***
0.000000e+00	-2.136351e-02	0.000000e+00	1.000000e+00 ***
0.000000e+00	4.179887e-10	0.000000e+00	1.000000e+00 ***
0.000000e+00	5.680531e-12	0.000000e+00	4.084483e-07 ***
0.000000e+00	3.364387e-12	0.000000e+00	4.084683e-07 ***
0.000000e+00	7.414445e-18	0.000000e+00	4.085257e-07 ***
0.000000e+00	2.933585e-02	0.000000e+00	1.000000e+00 ***
0.000000e+00	-2.098074e-02	0.000000e+00	1.000000e+00 ***
0.000000e+00	4.492997e-10	0.000000e+00	1.000000e+00 ***
0.000000e+00	5.690680e-12	0.000000e+00	4.084499e-07 ***
0.000000e+00	3.424494e-12	0.000000e+00	4.084680e-07 ***
0.000000e+00	-7.969848e-18	0.000000e+00	4.085257e-07 ***
0.000000e+00	2.997799e-02	0.000000e+00	1.000000e+00 ***
0.000000e+00	-2.059119e-02	0.000000e+00	1.000000e+00 ***
0.000000e+00	4.492997e-10	0.000000e+00	1.000000e+00 ***
0.000000e+00	5.701669e-12	0.000000e+00	4.084516e-07 ***
0.000000e+00	3.486112e-12	0.000000e+00	4.084677e-07 ***
0.000000e+00	7.969847e-18	0.000000e+00	4.085257e-07 ***
0.000000e+00	3.062175e-02	0.000000e+00	1.000000e+00 ***
0.000000e+00	-2.019448e-02	0.000000e+00	1.000000e+00 ***
0.000000e+00	4.809394e-10	0.000000e+00	1.000000e+00 ***
0.000000e+00	5.713484e-12	0.000000e+00	4.084532e-07 ***
0.000000e+00	3.549283e-12	0.000000e+00	4.084674e-07 ***
0.000000e+00	-8.531083e-18	0.000000e+00	4.085256e-07 ***
0.000000e+00	3.126662e-02	0.000000e+00	1.000000e+00 ***
0.000000e+00	-1.979065e-02	0.000000e+00	1.000000e+00 ***
0.000000e+00	4.809394e-10	0.000000e+00	1.000000e+00 ***
0.000000e+00	5.726189e-12	0.000000e+00	4.084548e-07 ***
0.000000e+00	3.614120e-12	0.000000e+00	4.084672e-07 ***
0.000000e+00	8.531081e-18	0.000000e+00	4.085256e-07 ***
0.000000e+00	3.191330e-02	0.000000e+00	1.000000e+00 ***
0.000000e+00	-1.937941e-02	0.000000e+00	1.000000e+00 ***
0.000000e+00	5.129316e-10	0.000000e+00	1.000000e+00 ***
0.000000e+00	5.739731e-12	0.000000e+00	4.084564e-07 ***
0.000000e+00	3.680659e-12	0.000000e+00	4.084669e-07 ***
0.000000e+00	-9.098568e-18	0.000000e+00	4.085255e-07 ***
0.000000e+00	3.256134e-02	0.000000e+00	1.000000e+00 ***
0.000000e+00	-1.896034e-02	0.000000e+00	1.000000e+00 ***
0.000000e+00	5.129316e-10	0.000000e+00	1.000000e+00 ***
0.000000e+00	5.754157e-12	0.000000e+00	4.084580e-07 ***
0.000000e+00	3.748995e-12	0.000000e+00	4.084668e-07 ***
0.000000e+00	9.098566e-18	0.000000e+00	4.085255e-07 ***
0.000000e+00	3.321104e-02	0.000000e+00	1.000000e+00 ***
0.000000e+00	-1.853383e-02	0.000000e+00	1.000000e+00 ***
0.000000e+00	5.453002e-10	0.000000e+00	1.000000e+00 ***
0.000000e+00	5.769436e-12	0.000000e+00	4.084596e-07 ***
0.000000e+00	3.819219e-12	0.000000e+00	4.084666e-07 ***
0.000000e+00	-9.672729e-18	0.000000e+00	4.085255e-07 ***
0.000000e+00	3.386262e-02	0.000000e+00	1.000000e+00 ***
0.000000e+00	-1.809909e-02	0.000000e+00	1.000000e+00 ***
0.000000e+00	5.453002e-10	0.000000e+00	1.000000e+00 ***
0.000000e+00	5.785631e-12	0.000000e+00	4.084611e-07 ***
0.000000e+00	3.891399e-12	0.000000e+00	4.084665e-07 ***
0.000000e+00	9.672727e-18	0.000000e+00	4.085254e-07 ***
0.000000e+00	3.451574e-02	0.000000e+00	1.000000e+00 ***
0.000000e+00	-1.765603e-02	0.000000e+00	1.000000e+00 ***
0.000000e+00	5.780693e-10	0.000000e+00	1.000000e+00 ***
0.000000e+00	5.802682e-12	0.000000e+00	4.084626e-07 ***
0.000000e+00	3.965639e-12	0.000000e+00	4.084664e-07 ***
0.000000e+00	-1.025399e-17	0.000000e+00	4.085254e-07 ***
0.000000e+00	3.517143e-02	0.000000e+00	1.000000e+00 ***
0.000000e+00	-1.720462e-02	0.000000e+00	1.000000e+00 ***
0.000000e+00	5.780693e-10	0.000000e+00	1.000000e+00 ***
0.000000e+00	5.820674e-12	0.000000e+00	4.084641e-07 ***
0.000000e+00	4.042054e-12	0.000000e+00	4.084663e-07 ***
0.000000e+00	1.025399e-17	0.000000e+00	4.085253e-07 ***
0.000000e+00	3.582874e-02	0.000000e+00	1.000000e+00 ***
0.000000e+00	-1.674442e-02	0.000000e+00	1.000000e+00 ***
0.000000e+00	6.112634e-10	0.000000e+00	1.000000e+00 ***
0.000000e+00	5.839544e-12	0.000000e+00	4.084656e-07 ***
0.000000e+00	4.120698e-12	0.000000e+00	4.084663e-07 ***
0.000000e+00	-1.084280e-17	0.000000e+00	4.085253e-07 ***
0.000000e+00	3.648820e-02	0.000000e+00	1.000000e+00 ***
0.000000e+00	-1.627525e-02	0.000000e+00	1.000000e+00 ***
0.000000e+00	6.112634e-10	0.000000e+00	1.000000e+00 ***
0.000000e+00	5.859314e-12	0.000000e+00	4.084671e-07 ***
0.000000e+00	4.201706e-12	0.000000e+00	4.084663e-07 ***
0.000000e+00	1.084279e-17	0.000000e+00	4.085252e-07 ***
0.000000e+00	3.715044e-02	0.000000e+00	1.000000e+00 ***
0.000000e+00	-1.579681e-02	0.000000e+00	1.000000e+00 ***
0.000000e+00	6.449073e-10	0.000000e+00	1.000000e+00 ***
0.000000e+00	5.880064e-12	0.000000e+00	4.084685e-07 ***
0.000000e+00	4.285239e-12	0.000000e+00	4.084663e-07 ***
0.000000e+00	-1.143958e-17	0.000000e+00	4.085252e-07 ***
0.000000e+00	3.781446e-02	0.000000e+00	1.000000e+00 ***
0.000000e+00	-1.530874e-02	0.000000e+00	1.000000e+00 ***
0.000000e+00	6.449073e-10	0.000000e+00	1.000000e+00 ***
0.000000e+00	5.901708e-12	0.000000e+00	4.084699e-07 ***
0.000000e+00	4.371325e-12	0.000000e+00	4.084664e-07 ***
0.000000e+00	1.143957e-17	0.000000e+00	4.085251e-07 ***
0.000000e+00	3.848132e-02	0.000000e+00	1.000000e+00 ***
0.000000e+00	-1.481077e-02	0.000000e+00	1.000000e+00 ***
0.000000e+00	6.790262e-10	0.000000e+00	1.000000e+00 ***
0.000000e+00	5.924325e-12	0.000000e+00	4.084713e-07 ***
0.000000e+00	4.460147e-12	0.000000e+00	4.084664e-07 ***
0.000000e+00	-1.204478e-17	0.000000e+00	4.085251e-07 ***
0.000000e+00	3.915077e-02	0.000000e+00	1.000000e+00 ***
0.000000e+00	-1.430261e-02	0.000000e+00	1.000000e+00 ***
0.000000e+00	6.790262e-10	0.000000e+00	1.000000e+00 ***
0.000000e+00	5.947854e-12	0.000000e+00	4.084726e-07 ***
0.000000e+00	4.551839e-12	0.000000e+00	4.084666e-07 ***
0.000000e+00	1.204477e-17	0.000000e+00	4.085251e-07 ***
0.000000e+00	3.982278e-02	0.000000e+00	1.000000e+00 ***
0.000000e+00	-1.378421e-02	0.000000e+00	1.000000e+00 ***
0.000000e+00	7.136454e-10	0.000000e+00	1.000000e+00 ***
0.000000e+00	5.972371e-12	0.000000e+00	4.084739e-07 ***
0.000000e+00	4.646524e-12	0.000000e+00	4.084667e-07 ***
0.000000e+00	-1.265886e-17	0.000000e+00	4.085250e-07 ***
0.000000e+00	4.049757e-02	0.000000e+00	1.000000e+00 ***
0.000000e+00	-1.325466e-02	0.000000e+00	1.000000e+00 ***
0.000000e+00	7.136454e-10	0.000000e+00	1.000000e+00 ***
0.000000e+00	5.997851e-12	0.000000e+00	4.084752e-07 ***
0.000000e+00	4.744379e-12	0.000000e+00	4.084668e-07 ***
0.000000e+00	1.265885e-17	0.000000e+00	4.085250e-07 ***
0.000000e+00	4.117546e-02	0.000000e+00	1.000000e+00 ***
0.000000e+00	-1.271403e-02	0.000000e+00	1.000000e+00 ***
0.000000e+00	7.487910e-10	0.000000e+00	1.000000e+00 ***
0.000000e+00	6.024312e-12	0.000000e+00	4.084765e-07 ***
0.000000e+00	4.845544e-12	0.000000e+00	4.084670e-07 ***
0.000000e+00	-1.328227e-17	0.000000e+00	4.085249e-07 ***
0.000000e+00	4.185625e-02	0.000000e+00	1.000000e+00 ***
0.000000e+00	-1.216167e-02	0.000000e+00	1.000000e+00 ***
0.000000e+00	7.487910e-10	0.000000e+00	1.000000e+00 ***
0.000000e+00	6.051723e-12	0.000000e+00	4.084777e-07 ***
0.000000e+00	4.950173e-12	0.000000e+00	4.084672e-07 ***
0.000000e+00	1.328226e-17	0.000000e+00	4.085249e-07 ***
0.000000e+00	4.254034e-02	0.000000e+00	1.000000e+00 ***
0.000000e+00	-1.159759e-02	0.000000e+00	1.000000e+00 ***
0.000000e+00	7.841817e-10	0.000000e+00	1.000000e+00 ***
0.000000e+00	6.080195e-12	0.000000e+00	4.084790e-07 ***
0.000000e+00	5.058511e-12	0.000000e+00	4.084675e-07 ***
0.000000e+00	-1.391003e-17	0.000000e+00	4.085248e-07 ***
0.000000e+00	0.000000e+00	0.000000e+00	1.000000e+00
0.000000e+00	0.000000e+00	0.000000e+00	1.000000e+00
0.000000e+00	0.000000e+00	0.000000e+00	1.000000e+00
0.000000e+00	0.000000e+00	0.000000e+00	1.000000e+00
0.000000e+00	0.000000e+00	0.000000e+00	1.000000e+00
0.000000e+00	0.000000e+00	0.000000e+00	1.000000e+00
***** Phase 1 path constraints *****
LOWER		G(X)		UPPER		SCALING
***** Phase 1 event constraints *****
LOWER		G(X)		UPPER		SCALING
1.594534e+07	1.594534e+07	1.594534e+07	1.000000e+00
0.000000e+00	4.182731e-17	0.000000e+00	1.000000e+00 ***
0.000000e+00	0.000000e+00	0.000000e+00	1.000000e+00
1.221484e+07	1.221484e+07	1.221484e+07	1.000000e+00
1.024947e+07	1.024947e+07	1.024947e+07	1.000000e+00
0.000000e+00	0.000000e+00	0.000000e+00	1.000000e+00
***** Phase 1 tf >= t0 constraint *****
LOWER		G(X)		UPPER		SCALING
-7.071068e-01	-7.071068e-01	0.000000e+00	7.071068e-01
***** Phase linkage constraints *****
LOWER		G(X)		UPPER		SCALING
***** Scaled Decision Variables ******************************
J	LOWER		X(J)		UPPER		SCALING		DESCRIPTION
1	-1.000000e+00	1.000000e-01	1.000000e+00	6.271425e-09	STATE 1 PHASE 1
2	-1.000000e+00	4.080925e-25	1.000000e+00	9.756605e-09	STATE 2 PHASE 1
3	-0.000000e+00	0.000000e+00	0.000000e+00	1.000000e+00	STATE 3 PHASE 1
4	-1.000000e+00	5.887987e-02	1.000000e+00	2.859770e-05	STATE 4 PHASE 1
5	-1.000000e+00	8.338980e-02	6.427876e-01	2.859770e-05	STATE 5 PHASE 1
6	-1.000000e+00	-1.967176e-17	0.000000e+00	2.859770e-05	STATE 6 PHASE 1
7	-1.000000e+00	1.005844e-01	1.000000e+00	6.271425e-09	STATE 1 PHASE 1
8	-1.000000e+00	1.310374e-03	1.000000e+00	9.756605e-09	STATE 2 PHASE 1
9	-0.000000e+00	0.000000e+00	0.000000e+00	1.000000e+00	STATE 3 PHASE 1
10	-1.000000e+00	5.682697e-02	1.000000e+00	2.859770e-05	STATE 4 PHASE 1
11	-1.000000e+00	8.338120e-02	6.427876e-01	2.859770e-05	STATE 5 PHASE 1
12	-1.000000e+00	0.000000e+00	0.000000e+00	2.859770e-05	STATE 6 PHASE 1
13	-1.000000e+00	1.011481e-01	1.000000e+00	6.271425e-09	STATE 1 PHASE 1
14	-1.000000e+00	2.620480e-03	1.000000e+00	9.756605e-09	STATE 2 PHASE 1
15	-0.000000e+00	0.000000e+00	0.000000e+00	1.000000e+00	STATE 3 PHASE 1
16	-1.000000e+00	5.479779e-02	1.000000e+00	2.859770e-05	STATE 4 PHASE 1
17	-1.000000e+00	8.335581e-02	6.427876e-01	2.859770e-05	STATE 5 PHASE 1
18	-1.000000e+00	-1.878395e-17	0.000000e+00	2.859770e-05	STATE 6 PHASE 1
19	-1.000000e+00	1.016915e-01	1.000000e+00	6.271425e-09	STATE 1 PHASE 1
20	-1.000000e+00	3.930059e-03	1.000000e+00	9.756605e-09	STATE 2 PHASE 1
21	-0.000000e+00	0.000000e+00	0.000000e+00	1.000000e+00	STATE 3 PHASE 1
22	-1.000000e+00	5.279153e-02	1.000000e+00	2.859770e-05	STATE 4 PHASE 1
23	-1.000000e+00	8.331418e-02	6.427876e-01	2.859770e-05	STATE 5 PHASE 1
24	-1.000000e+00	0.000000e+00	0.000000e+00	2.859770e-05	STATE 6 PHASE 1
25	-1.000000e+00	1.022147e-01	1.000000e+00	6.271425e-09	STATE 1 PHASE 1
26	-1.000000e+00	5.238860e-03	1.000000e+00	9.756605e-09	STATE 2 PHASE 1
27	-0.000000e+00	0.000000e+00	0.000000e+00	1.000000e+00	STATE 3 PHASE 1
28	-1.000000e+00	5.080740e-02	1.000000e+00	2.859770e-05	STATE 4 PHASE 1
29	-1.000000e+00	8.325686e-02	6.427876e-01	2.859770e-05	STATE 5 PHASE 1
30	-1.000000e+00	-1.790230e-17	0.000000e+00	2.859770e-05	STATE 6 PHASE 1
31	-1.000000e+00	1.027179e-01	1.000000e+00	6.271425e-09	STATE 1 PHASE 1
32	-1.000000e+00	6.546639e-03	1.000000e+00	9.756605e-09	STATE 2 PHASE 1
33	-0.000000e+00	0.000000e+00	0.000000e+00	1.000000e+00	STATE 3 PHASE 1
34	-1.000000e+00	4.884466e-02	1.000000e+00	2.859770e-05	STATE 4 PHASE 1
35	-1.000000e+00	8.318432e-02	6.427876e-01	2.859770e-05	STATE 5 PHASE 1
36	-1.000000e+00	0.000000e+00	0.000000e+00	2.859770e-05	STATE 6 PHASE 1
37	-1.000000e+00	1.032015e-01	1.000000e+00	6.271425e-09	STATE 1 PHASE 1
38	-1.000000e+00	7.853163e-03	1.000000e+00	9.756605e-09	STATE 2 PHASE 1
39	-0.000000e+00	0.000000e+00	0.000000e+00	1.000000e+00	STATE 3 PHASE 1
40	-1.000000e+00	4.690259e-02	1.000000e+00	2.859770e-05	STATE 4 PHASE 1
41	-1.000000e+00	8.309705e-02	6.427876e-01	2.859770e-05	STATE 5 PHASE 1
42	-1.000000e+00	-1.703385e-17	0.000000e+00	2.859770e-05	STATE 6 PHASE 1
43	-1.000000e+00	1.036655e-01	1.000000e+00	6.271425e-09	STATE 1 PHASE 1
44	-1.000000e+00	9.158202e-03	1.000000e+00	9.756605e-09	STATE 2 PHASE 1
45	-0.000000e+00	0.000000e+00	0.000000e+00	1.000000e+00	STATE 3 PHASE 1
46	-1.000000e+00	4.498049e-02	1.000000e+00	2.859770e-05	STATE 4 PHASE 1
47	-1.000000e+00	8.299547e-02	6.427876e-01	2.859770e-05	STATE 5 PHASE 1
48	-1.000000e+00	0.000000e+00	0.000000e+00	2.859770e-05	STATE 6 PHASE 1
49	-1.000000e+00	1.041103e-01	1.000000e+00	6.271425e-09	STATE 1 PHASE 1
50	-1.000000e+00	1.046153e-02	1.000000e+00	9.756605e-09	STATE 2 PHASE 1
51	-0.000000e+00	0.000000e+00	0.000000e+00	1.000000e+00	STATE 3 PHASE 1
52	-1.000000e+00	4.307771e-02	1.000000e+00	2.859770e-05	STATE 4 PHASE 1
53	-1.000000e+00	8.287999e-02	6.427876e-01	2.859770e-05	STATE 5 PHASE 1
54	-1.000000e+00	-1.617796e-17	0.000000e+00	2.859770e-05	STATE 6 PHASE 1
55	-1.000000e+00	1.045359e-01	1.000000e+00	6.271425e-09	STATE 1 PHASE 1
56	-1.000000e+00	1.176295e-02	1.000000e+00	9.756605e-09	STATE 2 PHASE 1
57	-0.000000e+00	0.000000e+00	0.000000e+00	1.000000e+00	STATE 3 PHASE 1
58	-1.000000e+00	4.119359e-02	1.000000e+00	2.859770e-05	STATE 4 PHASE 1
59	-1.000000e+00	8.275101e-02	6.427876e-01	2.859770e-05	STATE 5 PHASE 1
60	-1.000000e+00	0.000000e+00	0.000000e+00	2.859770e-05	STATE 6 PHASE 1
61	-1.000000e+00	1.049425e-01	1.000000e+00	6.271425e-09	STATE 1 PHASE 1
62	-1.000000e+00	1.306223e-02	1.000000e+00	9.756605e-09	STATE 2 PHASE 1
63	-0.000000e+00	0.000000e+00	0.000000e+00	1.000000e+00	STATE 3 PHASE 1
64	-1.000000e+00	3.932752e-02	1.000000e+00	2.859770e-05	STATE 4 PHASE 1
65	-1.000000e+00	8.260887e-02	6.427876e-01	2.859770e-05	STATE 5 PHASE 1
66	-1.000000e+00	-1.533398e-17	0.000000e+00	2.859770e-05	STATE 6 PHASE 1
67	-1.000000e+00	1.053304e-01	1.000000e+00	6.271425e-09	STATE 1 PHASE 1
68	-1.000000e+00	1.435917e-02	1.000000e+00	9.756605e-09	STATE 2 PHASE 1
69	-0.000000e+00	0.000000e+00	0.000000e+00	1.000000e+00	STATE 3 PHASE 1
70	-1.000000e+00	3.747891e-02	1.000000e+00	2.859770e-05	STATE 4 PHASE 1
71	-1.000000e+00	8.245393e-02	6.427876e-01	2.859770e-05	STATE 5 PHASE 1
72	-1.000000e+00	0.000000e+00	0.000000e+00	2.859770e-05	STATE 6 PHASE 1
73	-1.000000e+00	1.056997e-01	1.000000e+00	6.271425e-09	STATE 1 PHASE 1
74	-1.000000e+00	1.565359e-02	1.000000e+00	9.756605e-09	STATE 2 PHASE 1
75	-0.000000e+00	0.000000e+00	0.000000e+00	1.000000e+00	STATE 3 PHASE 1
76	-1.000000e+00	3.564716e-02	1.000000e+00	2.859770e-05	STATE 4 PHASE 1
77	-1.000000e+00	8.228649e-02	6.427876e-01	2.859770e-05	STATE 5 PHASE 1
78	-1.000000e+00	-1.450128e-17	0.000000e+00	2.859770e-05	STATE 6 PHASE 1
79	-1.000000e+00	1.060506e-01	1.000000e+00	6.271425e-09	STATE 1 PHASE 1
80	-1.000000e+00	1.694527e-02	1.000000e+00	9.756605e-09	STATE 2 PHASE 1
81	-0.000000e+00	0.000000e+00	0.000000e+00	1.000000e+00	STATE 3 PHASE 1
82	-1.000000e+00	3.383173e-02	1.000000e+00	2.859770e-05	STATE 4 PHASE 1
83	-1.000000e+00	8.210685e-02	6.427876e-01	2.859770e-05	STATE 5 PHASE 1
84	-1.000000e+00	0.000000e+00	0.000000e+00	2.859770e-05	STATE 6 PHASE 1
85	-1.000000e+00	1.063832e-01	1.000000e+00	6.271425e-09	STATE 1 PHASE 1
86	-1.000000e+00	1.823404e-02	1.000000e+00	9.756605e-09	STATE 2 PHASE 1
87	-0.000000e+00	0.000000e+00	0.000000e+00	1.000000e+00	STATE 3 PHASE 1
88	-1.000000e+00	3.203208e-02	1.000000e+00	2.859770e-05	STATE 4 PHASE 1
89	-1.000000e+00	8.191530e-02	6.427876e-01	2.859770e-05	STATE 5 PHASE 1
90	-1.000000e+00	-1.367924e-17	0.000000e+00	2.859770e-05	STATE 6 PHASE 1
91	-1.000000e+00	1.066978e-01	1.000000e+00	6.271425e-09	STATE 1 PHASE 1
92	-1.000000e+00	1.951971e-02	1.000000e+00	9.756605e-09	STATE 2 PHASE 1
93	-0.000000e+00	0.000000e+00	0.000000e+00	1.000000e+00	STATE 3 PHASE 1
94	-1.000000e+00	3.024769e-02	1.000000e+00	2.859770e-05	STATE 4 PHASE 1
95	-1.000000e+00	8.171209e-02	6.427876e-01	2.859770e-05	STATE 5 PHASE 1
96	-1.000000e+00	0.000000e+00	0.000000e+00	2.859770e-05	STATE 6 PHASE 1
97	-1.000000e+00	1.069944e-01	1.000000e+00	6.271425e-09	STATE 1 PHASE 1
98	-1.000000e+00	2.080209e-02	1.000000e+00	9.756605e-09	STATE 2 PHASE 1
99	-0.000000e+00	0.000000e+00	0.000000e+00	1.000000e+00	STATE 3 PHASE 1
100	-1.000000e+00	2.847805e-02	1.000000e+00	2.859770e-05	STATE 4 PHASE 1
101	-1.000000e+00	8.149746e-02	6.427876e-01	2.859770e-05	STATE 5 PHASE 1
102	-1.000000e+00	-1.286725e-17	0.000000e+00	2.859770e-05	STATE 6 PHASE 1
103	-1.000000e+00	1.072731e-01	1.000000e+00	6.271425e-09	STATE 1 PHASE 1
104	-1.000000e+00	2.208101e-02	1.000000e+00	9.756605e-09	STATE 2 PHASE 1
105	-0.000000e+00	0.000000e+00	0.000000e+00	1.000000e+00	STATE 3 PHASE 1
106	-1.000000e+00	2.672267e-02	1.000000e+00	2.859770e-05	STATE 4 PHASE 1
107	-1.000000e+00	8.127165e-02	6.427876e-01	2.859770e-05	STATE 5 PHASE 1
108	-1.000000e+00	0.000000e+00	0.000000e+00	2.859770e-05	STATE 6 PHASE 1
109	-1.000000e+00	1.075343e-01	1.000000e+00	6.271425e-09	STATE 1 PHASE 1
110	-1.000000e+00	2.335630e-02	1.000000e+00	9.756605e-09	STATE 2 PHASE 1
111	-0.000000e+00	0.000000e+00	0.000000e+00	1.000000e+00	STATE 3 PHASE 1
112	-1.000000e+00	2.498109e-02	1.000000e+00	2.859770e-05	STATE 4 PHASE 1
113	-1.000000e+00	8.103487e-02	6.427876e-01	2.859770e-05	STATE 5 PHASE 1
114	-1.000000e+00	-1.206470e-17	0.000000e+00	2.859770e-05	STATE 6 PHASE 1
115	-1.000000e+00	1.077779e-01	1.000000e+00	6.271425e-09	STATE 1 PHASE 1
116	-1.000000e+00	2.462778e-02	1.000000e+00	9.756605e-09	STATE 2 PHASE 1
117	-0.000000e+00	0.000000e+00	0.000000e+00	1.000000e+00	STATE 3 PHASE 1
118	-1.000000e+00	2.325284e-02	1.000000e+00	2.859770e-05	STATE 4 PHASE 1
119	-1.000000e+00	8.078730e-02	6.427876e-01	2.859770e-05	STATE 5 PHASE 1
120	-1.000000e+00	0.000000e+00	0.000000e+00	2.859770e-05	STATE 6 PHASE 1
121	-1.000000e+00	1.080041e-01	1.000000e+00	6.271425e-09	STATE 1 PHASE 1
122	-1.000000e+00	2.589529e-02	1.000000e+00	9.756605e-09	STATE 2 PHASE 1
123	-0.000000e+00	0.000000e+00	0.000000e+00	1.000000e+00	STATE 3 PHASE 1
124	-1.000000e+00	2.153748e-02	1.000000e+00	2.859770e-05	STATE 4 PHASE 1
125	-1.000000e+00	8.052915e-02	6.427876e-01	2.859770e-05	STATE 5 PHASE 1
126	-1.000000e+00	-1.127100e-17	0.000000e+00	2.859770e-05	STATE 6 PHASE 1
127	-1.000000e+00	1.082130e-01	1.000000e+00	6.271425e-09	STATE 1 PHASE 1
128	-1.000000e+00	2.715866e-02	1.000000e+00	9.756605e-09	STATE 2 PHASE 1
129	-0.000000e+00	0.000000e+00	0.000000e+00	1.000000e+00	STATE 3 PHASE 1
130	-1.000000e+00	1.983458e-02	1.000000e+00	2.859770e-05	STATE 4 PHASE 1
131	-1.000000e+00	8.026057e-02	6.427876e-01	2.859770e-05	STATE 5 PHASE 1
132	-1.000000e+00	0.000000e+00	0.000000e+00	2.859770e-05	STATE 6 PHASE 1
133	-1.000000e+00	1.084048e-01	1.000000e+00	6.271425e-09	STATE 1 PHASE 1
134	-1.000000e+00	2.841773e-02	1.000000e+00	9.756605e-09	STATE 2 PHASE 1
135	-0.000000e+00	0.000000e+00	0.000000e+00	1.000000e+00	STATE 3 PHASE 1
136	-1.000000e+00	1.814372e-02	1.000000e+00	2.859770e-05	STATE 4 PHASE 1
137	-1.000000e+00	7.998173e-02	6.427876e-01	2.859770e-05	STATE 5 PHASE 1
138	-1.000000e+00	-1.048554e-17	0.000000e+00	2.859770e-05	STATE 6 PHASE 1
139	-1.000000e+00	1.085796e-01	1.000000e+00	6.271425e-09	STATE 1 PHASE 1
140	-1.000000e+00	2.967233e-02	1.000000e+00	9.756605e-09	STATE 2 PHASE 1
141	-0.000000e+00	0.000000e+00	0.000000e+00	1.000000e+00	STATE 3 PHASE 1
142	-1.000000e+00	1.646450e-02	1.000000e+00	2.859770e-05	STATE 4 PHASE 1
143	-1.000000e+00	7.969277e-02	6.427876e-01	2.859770e-05	STATE 5 PHASE 1
144	-1.000000e+00	0.000000e+00	0.000000e+00	2.859770e-05	STATE 6 PHASE 1
145	-1.000000e+00	1.087374e-01	1.000000e+00	6.271425e-09	STATE 1 PHASE 1
146	-1.000000e+00	3.092232e-02	1.000000e+00	9.756605e-09	STATE 2 PHASE 1
147	-0.000000e+00	0.000000e+00	0.000000e+00	1.000000e+00	STATE 3 PHASE 1
148	-1.000000e+00	1.479652e-02	1.000000e+00	2.859770e-05	STATE 4 PHASE 1
149	-1.000000e+00	7.939383e-02	6.427876e-01	2.859770e-05	STATE 5 PHASE 1
150	-1.000000e+00	-9.707744e-18	0.000000e+00	2.859770e-05	STATE 6 PHASE 1
151	-1.000000e+00	1.088785e-01	1.000000e+00	6.271425e-09	STATE 1 PHASE 1
152	-1.000000e+00	3.216753e-02	1.000000e+00	9.756605e-09	STATE 2 PHASE 1
153	-0.000000e+00	0.000000e+00	0.000000e+00	1.000000e+00	STATE 3 PHASE 1
154	-1.000000e+00	1.313939e-02	1.000000e+00	2.859770e-05	STATE 4 PHASE 1
155	-1.000000e+00	7.908503e-02	6.427876e-01	2.859770e-05	STATE 5 PHASE 1
156	-1.000000e+00	0.000000e+00	0.000000e+00	2.859770e-05	STATE 6 PHASE 1
157	-1.000000e+00	1.090029e-01	1.000000e+00	6.271425e-09	STATE 1 PHASE 1
158	-1.000000e+00	3.340781e-02	1.000000e+00	9.756605e-09	STATE 2 PHASE 1
159	-0.000000e+00	0.000000e+00	0.000000e+00	1.000000e+00	STATE 3 PHASE 1
160	-1.000000e+00	1.149275e-02	1.000000e+00	2.859770e-05	STATE 4 PHASE 1
161	-1.000000e+00	7.876648e-02	6.427876e-01	2.859770e-05	STATE 5 PHASE 1
162	-1.000000e+00	-8.937030e-18	0.000000e+00	2.859770e-05	STATE 6 PHASE 1
163	-1.000000e+00	1.091107e-01	1.000000e+00	6.271425e-09	STATE 1 PHASE 1
164	-1.000000e+00	3.464301e-02	1.000000e+00	9.756605e-09	STATE 2 PHASE 1
165	-0.000000e+00	0.000000e+00	0.000000e+00	1.000000e+00	STATE 3 PHASE 1
166	-1.000000e+00	9.856220e-03	1.000000e+00	2.859770e-05	STATE 4 PHASE 1
167	-1.000000e+00	7.843828e-02	6.427876e-01	2.859770e-05	STATE 5 PHASE 1
168	-1.000000e+00	0.000000e+00	0.000000e+00	2.859770e-05	STATE 6 PHASE 1
169	-1.000000e+00	1.092021e-01	1.000000e+00	6.271425e-09	STATE 1 PHASE 1
170	-1.000000e+00	3.587298e-02	1.000000e+00	9.756605e-09	STATE 2 PHASE 1
171	-0.000000e+00	0.000000e+00	0.000000e+00	1.000000e+00	STATE 3 PHASE 1
172	-1.000000e+00	8.229457e-03	1.000000e+00	2.859770e-05	STATE 4 PHASE 1
173	-1.000000e+00	7.810053e-02	6.427876e-01	2.859770e-05	STATE 5 PHASE 1
174	-1.000000e+00	-8.172824e-18	0.000000e+00	2.859770e-05	STATE 6 PHASE 1
175	-1.000000e+00	1.092770e-01	1.000000e+00	6.271425e-09	STATE 1 PHASE 1
176	-1.000000e+00	3.709757e-02	1.000000e+00	9.756605e-09	STATE 2 PHASE 1
177	-0.000000e+00	0.000000e+00	0.000000e+00	1.000000e+00	STATE 3 PHASE 1
178	-1.000000e+00	6.612111e-03	1.000000e+00	2.859770e-05	STATE 4 PHASE 1
179	-1.000000e+00	7.775332e-02	6.427876e-01	2.859770e-05	STATE 5 PHASE 1
180	-1.000000e+00	0.000000e+00	0.000000e+00	2.859770e-05	STATE 6 PHASE 1
181	-1.000000e+00	1.093357e-01	1.000000e+00	6.271425e-09	STATE 1 PHASE 1
182	-1.000000e+00	3.831662e-02	1.000000e+00	9.756605e-09	STATE 2 PHASE 1
183	-0.000000e+00	0.000000e+00	0.000000e+00	1.000000e+00	STATE 3 PHASE 1
184	-1.000000e+00	5.003846e-03	1.000000e+00	2.859770e-05	STATE 4 PHASE 1
185	-1.000000e+00	7.739670e-02	6.427876e-01	2.859770e-05	STATE 5 PHASE 1
186	-1.000000e+00	-7.414553e-18	0.000000e+00	2.859770e-05	STATE 6 PHASE 1
187	-1.000000e+00	1.093781e-01	1.000000e+00	6.271425e-09	STATE 1 PHASE 1
188	-1.000000e+00	3.953000e-02	1.000000e+00	9.756605e-09	STATE 2 PHASE 1
189	-0.000000e+00	0.000000e+00	0.000000e+00	1.000000e+00	STATE 3 PHASE 1
190	-1.000000e+00	3.404333e-03	1.000000e+00	2.859770e-05	STATE 4 PHASE 1
191	-1.000000e+00	7.703076e-02	6.427876e-01	2.859770e-05	STATE 5 PHASE 1
192	-1.000000e+00	0.000000e+00	0.000000e+00	2.859770e-05	STATE 6 PHASE 1
193	-1.000000e+00	1.094045e-01	1.000000e+00	6.271425e-09	STATE 1 PHASE 1
194	-1.000000e+00	4.073756e-02	1.000000e+00	9.756605e-09	STATE 2 PHASE 1
195	-0.000000e+00	0.000000e+00	0.000000e+00	1.000000e+00	STATE 3 PHASE 1
196	-1.000000e+00	1.813250e-03	1.000000e+00	2.859770e-05	STATE 4 PHASE 1
197	-1.000000e+00	7.665555e-02	6.427876e-01	2.859770e-05	STATE 5 PHASE 1
198	-1.000000e+00	-6.661652e-18	0.000000e+00	2.859770e-05	STATE 6 PHASE 1
199	-1.000000e+00	1.094148e-01	1.000000e+00	6.271425e-09	STATE 1 PHASE 1
200	-1.000000e+00	4.193914e-02	1.000000e+00	9.756605e-09	STATE 2 PHASE 1
201	-0.000000e+00	0.000000e+00	0.000000e+00	1.000000e+00	STATE 3 PHASE 1
202	-1.000000e+00	2.302842e-04	1.000000e+00	2.859770e-05	STATE 4 PHASE 1
203	-1.000000e+00	7.627110e-02	6.427876e-01	2.859770e-05	STATE 5 PHASE 1
204	-1.000000e+00	0.000000e+00	0.000000e+00	2.859770e-05	STATE 6 PHASE 1
205	-1.000000e+00	1.094092e-01	1.000000e+00	6.271425e-09	STATE 1 PHASE 1
206	-1.000000e+00	4.313461e-02	1.000000e+00	9.756605e-09	STATE 2 PHASE 1
207	-0.000000e+00	0.000000e+00	0.000000e+00	1.000000e+00	STATE 3 PHASE 1
208	-1.000000e+00	-1.344872e-03	1.000000e+00	2.859770e-05	STATE 4 PHASE 1
209	-1.000000e+00	7.587747e-02	6.427876e-01	2.859770e-05	STATE 5 PHASE 1
210	-1.000000e+00	-5.913560e-18	0.000000e+00	2.859770e-05	STATE 6 PHASE 1
211	-1.000000e+00	1.093877e-01	1.000000e+00	6.271425e-09	STATE 1 PHASE 1
212	-1.000000e+00	4.432383e-02	1.000000e+00	9.756605e-09	STATE 2 PHASE 1
213	-0.000000e+00	0.000000e+00	0.000000e+00	1.000000e+00	STATE 3 PHASE 1
214	-1.000000e+00	-2.912519e-03	1.000000e+00	2.859770e-05	STATE 4 PHASE 1
215	-1.000000e+00	7.547469e-02	6.427876e-01	2.859770e-05	STATE 5 PHASE 1
216	-1.000000e+00	0.000000e+00	0.000000e+00	2.859770e-05	STATE 6 PHASE 1
217	-1.000000e+00	1.093503e-01	1.000000e+00	6.271425e-09	STATE 1 PHASE 1
218	-1.000000e+00	4.550664e-02	1.000000e+00	9.756605e-09	STATE 2 PHASE 1
219	-0.000000e+00	0.000000e+00	0.000000e+00	1.000000e+00	STATE 3 PHASE 1
220	-1.000000e+00	-4.472951e-03	1.000000e+00	2.859770e-05	STATE 4 PHASE 1
221	-1.000000e+00	7.506278e-02	6.427876e-01	2.859770e-05	STATE 5 PHASE 1
222	-1.000000e+00	-5.169717e-18	0.000000e+00	2.859770e-05	STATE 6 PHASE 1
223	-1.000000e+00	1.092973e-01	1.000000e+00	6.271425e-09	STATE 1 PHASE 1
224	-1.000000e+00	4.668291e-02	1.000000e+00	9.756605e-09	STATE 2 PHASE 1
225	-0.000000e+00	0.000000e+00	0.000000e+00	1.000000e+00	STATE 3 PHASE 1
226	-1.000000e+00	-6.026456e-03	1.000000e+00	2.859770e-05	STATE 4 PHASE 1
227	-1.000000e+00	7.464175e-02	6.427876e-01	2.859770e-05	STATE 5 PHASE 1
228	-1.000000e+00	0.000000e+00	0.000000e+00	2.859770e-05	STATE 6 PHASE 1
229	-1.000000e+00	1.092286e-01	1.000000e+00	6.271425e-09	STATE 1 PHASE 1
230	-1.000000e+00	4.785249e-02	1.000000e+00	9.756605e-09	STATE 2 PHASE 1
231	-0.000000e+00	0.000000e+00	0.000000e+00	1.000000e+00	STATE 3 PHASE 1
232	-1.000000e+00	-7.573315e-03	1.000000e+00	2.859770e-05	STATE 4 PHASE 1
233	-1.000000e+00	7.421161e-02	6.427876e-01	2.859770e-05	STATE 5 PHASE 1
234	-1.000000e+00	-4.429569e-18	0.000000e+00	2.859770e-05	STATE 6 PHASE 1
235	-1.000000e+00	1.091443e-01	1.000000e+00	6.271425e-09	STATE 1 PHASE 1
236	-1.000000e+00	4.901524e-02	1.000000e+00	9.756605e-09	STATE 2 PHASE 1
237	-0.000000e+00	0.000000e+00	0.000000e+00	1.000000e+00	STATE 3 PHASE 1
238	-1.000000e+00	-9.113805e-03	1.000000e+00	2.859770e-05	STATE 4 PHASE 1
239	-1.000000e+00	7.377237e-02	6.427876e-01	2.859770e-05	STATE 5 PHASE 1
240	-1.000000e+00	0.000000e+00	0.000000e+00	2.859770e-05	STATE 6 PHASE 1
241	-1.000000e+00	1.090445e-01	1.000000e+00	6.271425e-09	STATE 1 PHASE 1
242	-1.000000e+00	5.017102e-02	1.000000e+00	9.756605e-09	STATE 2 PHASE 1
243	-0.000000e+00	0.000000e+00	0.000000e+00	1.000000e+00	STATE 3 PHASE 1
244	-1.000000e+00	-1.064820e-02	1.000000e+00	2.859770e-05	STATE 4 PHASE 1
245	-1.000000e+00	7.332401e-02	6.427876e-01	2.859770e-05	STATE 5 PHASE 1
246	-1.000000e+00	-3.692563e-18	0.000000e+00	2.859770e-05	STATE 6 PHASE 1
247	-1.000000e+00	1.089292e-01	1.000000e+00	6.271425e-09	STATE 1 PHASE 1
248	-1.000000e+00	5.131968e-02	1.000000e+00	9.756605e-09	STATE 2 PHASE 1
249	-0.000000e+00	0.000000e+00	0.000000e+00	1.000000e+00	STATE 3 PHASE 1
250	-1.000000e+00	-1.217676e-02	1.000000e+00	2.859770e-05	STATE 4 PHASE 1
251	-1.000000e+00	7.286653e-02	6.427876e-01	2.859770e-05	STATE 5 PHASE 1
252	-1.000000e+00	0.000000e+00	0.000000e+00	2.859770e-05	STATE 6 PHASE 1
253	-1.000000e+00	1.087986e-01	1.000000e+00	6.271425e-09	STATE 1 PHASE 1
254	-1.000000e+00	5.246108e-02	1.000000e+00	9.756605e-09	STATE 2 PHASE 1
255	-0.000000e+00	0.000000e+00	0.000000e+00	1.000000e+00	STATE 3 PHASE 1
256	-1.000000e+00	-1.369976e-02	1.000000e+00	2.859770e-05	STATE 4 PHASE 1
257	-1.000000e+00	7.239991e-02	6.427876e-01	2.859770e-05	STATE 5 PHASE 1
258	-1.000000e+00	-2.958149e-18	0.000000e+00	2.859770e-05	STATE 6 PHASE 1
259	-1.000000e+00	1.086525e-01	1.000000e+00	6.271425e-09	STATE 1 PHASE 1
260	-1.000000e+00	5.359507e-02	1.000000e+00	9.756605e-09	STATE 2 PHASE 1
261	-0.000000e+00	0.000000e+00	0.000000e+00	1.000000e+00	STATE 3 PHASE 1
262	-1.000000e+00	-1.521744e-02	1.000000e+00	2.859770e-05	STATE 4 PHASE 1
263	-1.000000e+00	7.192411e-02	6.427876e-01	2.859770e-05	STATE 5 PHASE 1
264	-1.000000e+00	0.000000e+00	0.000000e+00	2.859770e-05	STATE 6 PHASE 1
265	-1.000000e+00	1.084911e-01	1.000000e+00	6.271425e-09	STATE 1 PHASE 1
266	-1.000000e+00	5.472151e-02	1.000000e+00	9.756605e-09	STATE 2 PHASE 1
267	-0.000000e+00	0.000000e+00	0.000000e+00	1.000000e+00	STATE 3 PHASE 1
268	-1.000000e+00	-1.673007e-02	1.000000e+00	2.859770e-05	STATE 4 PHASE 1
269	-1.000000e+00	7.143911e-02	6.427876e-01	2.859770e-05	STATE 5 PHASE 1
270	-1.000000e+00	-2.225781e-18	0.000000e+00	2.859770e-05	STATE 6 PHASE 1
271	-1.000000e+00	1.083145e-01	1.000000e+00	6.271425e-09	STATE 1 PHASE 1
272	-1.000000e+00	5.584026e-02	1.000000e+00	9.756605e-09	STATE 2 PHASE 1
273	-0.000000e+00	0.000000e+00	0.000000e+00	1.000000e+00	STATE 3 PHASE 1
274	-1.000000e+00	-1.823789e-02	1.000000e+00	2.859770e-05	STATE 4 PHASE 1
275	-1.000000e+00	7.094486e-02	6.427876e-01	2.859770e-05	STATE 5 PHASE 1
276	-1.000000e+00	0.000000e+00	0.000000e+00	2.859770e-05	STATE 6 PHASE 1
277	-1.000000e+00	1.081227e-01	1.000000e+00	6.271425e-09	STATE 1 PHASE 1
278	-1.000000e+00	5.695117e-02	1.000000e+00	9.756605e-09	STATE 2 PHASE 1
279	-0.000000e+00	0.000000e+00	0.000000e+00	1.000000e+00	STATE 3 PHASE 1
280	-1.000000e+00	-1.974115e-02	1.000000e+00	2.859770e-05	STATE 4 PHASE 1
281	-1.000000e+00	7.044130e-02	6.427876e-01	2.859770e-05	STATE 5 PHASE 1
282	-1.000000e+00	-1.494910e-18	0.000000e+00	2.859770e-05	STATE 6 PHASE 1
283	-1.000000e+00	1.079157e-01	1.000000e+00	6.271425e-09	STATE 1 PHASE 1
284	-1.000000e+00	5.805410e-02	1.000000e+00	9.756605e-09	STATE 2 PHASE 1
285	-0.000000e+00	0.000000e+00	0.000000e+00	1.000000e+00	STATE 3 PHASE 1
286	-1.000000e+00	-2.124009e-02	1.000000e+00	2.859770e-05	STATE 4 PHASE 1
287	-1.000000e+00	6.992840e-02	6.427876e-01	2.859770e-05	STATE 5 PHASE 1
288	-1.000000e+00	0.000000e+00	0.000000e+00	2.859770e-05	STATE 6 PHASE 1
289	-1.000000e+00	1.076936e-01	1.000000e+00	6.271425e-09	STATE 1 PHASE 1
290	-1.000000e+00	5.914889e-02	1.000000e+00	9.756605e-09	STATE 2 PHASE 1
291	-0.000000e+00	0.000000e+00	0.000000e+00	1.000000e+00	STATE 3 PHASE 1
292	-1.000000e+00	-2.273495e-02	1.000000e+00	2.859770e-05	STATE 4 PHASE 1
293	-1.000000e+00	6.940608e-02	6.427876e-01	2.859770e-05	STATE 5 PHASE 1
294	-1.000000e+00	-7.649917e-19	0.000000e+00	2.859770e-05	STATE 6 PHASE 1
295	-1.000000e+00	1.074565e-01	1.000000e+00	6.271425e-09	STATE 1 PHASE 1
296	-1.000000e+00	6.023540e-02	1.000000e+00	9.756605e-09	STATE 2 PHASE 1
297	-0.000000e+00	0.000000e+00	0.000000e+00	1.000000e+00	STATE 3 PHASE 1
298	-1.000000e+00	-2.422596e-02	1.000000e+00	2.859770e-05	STATE 4 PHASE 1
299	-1.000000e+00	6.887427e-02	6.427876e-01	2.859770e-05	STATE 5 PHASE 1
300	-1.000000e+00	-3.548700e-20	0.000000e+00	2.859770e-05	STATE 6 PHASE 1
301	-1.000000e+00	1.072042e-01	1.000000e+00	6.271425e-09	STATE 1 PHASE 1
302	-1.000000e+00	6.131347e-02	1.000000e+00	9.756605e-09	STATE 2 PHASE 1
303	-0.000000e+00	0.000000e+00	0.000000e+00	1.000000e+00	STATE 3 PHASE 1
304	-1.000000e+00	-2.571336e-02	1.000000e+00	2.859770e-05	STATE 4 PHASE 1
305	-1.000000e+00	6.833290e-02	6.427876e-01	2.859770e-05	STATE 5 PHASE 1
306	-1.000000e+00	-3.548157e-20	0.000000e+00	2.859770e-05	STATE 6 PHASE 1
307	-1.000000e+00	1.069370e-01	1.000000e+00	6.271425e-09	STATE 1 PHASE 1
308	-1.000000e+00	6.238296e-02	1.000000e+00	9.756605e-09	STATE 2 PHASE 1
309	-0.000000e+00	0.000000e+00	0.000000e+00	1.000000e+00	STATE 3 PHASE 1
310	-1.000000e+00	-2.719739e-02	1.000000e+00	2.859770e-05	STATE 4 PHASE 1
311	-1.000000e+00	6.778188e-02	6.427876e-01	2.859770e-05	STATE 5 PHASE 1
312	-1.000000e+00	-7.649971e-19	0.000000e+00	2.859770e-05	STATE 6 PHASE 1
313	-1.000000e+00	1.066548e-01	1.000000e+00	6.271425e-09	STATE 1 PHASE 1
314	-1.000000e+00	6.344372e-02	1.000000e+00	9.756605e-09	STATE 2 PHASE 1
315	-0.000000e+00	0.000000e+00	0.000000e+00	1.000000e+00	STATE 3 PHASE 1
316	-1.000000e+00	-2.867826e-02	1.000000e+00	2.859770e-05	STATE 4 PHASE 1
317	-1.000000e+00	6.722112e-02	6.427876e-01	2.859770e-05	STATE 5 PHASE 1
318	-1.000000e+00	0.000000e+00	0.000000e+00	2.859770e-05	STATE 6 PHASE 1
319	-1.000000e+00	1.063577e-01	1.000000e+00	6.271425e-09	STATE 1 PHASE 1
320	-1.000000e+00	6.449559e-02	1.000000e+00	9.756605e-09	STATE 2 PHASE 1
321	-0.000000e+00	0.000000e+00	0.000000e+00	1.000000e+00	STATE 3 PHASE 1
322	-1.000000e+00	-3.015620e-02	1.000000e+00	2.859770e-05	STATE 4 PHASE 1
323	-1.000000e+00	6.665053e-02	6.427876e-01	2.859770e-05	STATE 5 PHASE 1
324	-1.000000e+00	-1.494915e-18	0.000000e+00	2.859770e-05	STATE 6 PHASE 1
325	-1.000000e+00	1.060456e-01	1.000000e+00	6.271425e-09	STATE 1 PHASE 1
326	-1.000000e+00	6.553841e-02	1.000000e+00	9.756605e-09	STATE 2 PHASE 1
327	-0.000000e+00	0.000000e+00	0.000000e+00	1.000000e+00	STATE 3 PHASE 1
328	-1.000000e+00	-3.163144e-02	1.000000e+00	2.859770e-05	STATE 4 PHASE 1
329	-1.000000e+00	6.607000e-02	6.427876e-01	2.859770e-05	STATE 5 PHASE 1
330	-1.000000e+00	0.000000e+00	0.000000e+00	2.859770e-05	STATE 6 PHASE 1
331	-1.000000e+00	1.057187e-01	1.000000e+00	6.271425e-09	STATE 1 PHASE 1
332	-1.000000e+00	6.657203e-02	1.000000e+00	9.756605e-09	STATE 2 PHASE 1
333	-0.000000e+00	0.000000e+00	0.000000e+00	1.000000e+00	STATE 3 PHASE 1
334	-1.000000e+00	-3.310420e-02	1.000000e+00	2.859770e-05	STATE 4 PHASE 1
335	-1.000000e+00	6.547941e-02	6.427876e-01	2.859770e-05	STATE 5 PHASE 1
336	-1.000000e+00	-2.225786e-18	0.000000e+00	2.859770e-05	STATE 6 PHASE 1
337	-1.000000e+00	1.053768e-01	1.000000e+00	6.271425e-09	STATE 1 PHASE 1
338	-1.000000e+00	6.759630e-02	1.000000e+00	9.756605e-09	STATE 2 PHASE 1
339	-0.000000e+00	0.000000e+00	0.000000e+00	1.000000e+00	STATE 3 PHASE 1
340	-1.000000e+00	-3.457469e-02	1.000000e+00	2.859770e-05	STATE 4 PHASE 1
341	-1.000000e+00	6.487865e-02	6.427876e-01	2.859770e-05	STATE 5 PHASE 1
342	-1.000000e+00	0.000000e+00	0.000000e+00	2.859770e-05	STATE 6 PHASE 1
343	-1.000000e+00	1.050202e-01	1.000000e+00	6.271425e-09	STATE 1 PHASE 1
344	-1.000000e+00	6.861104e-02	1.000000e+00	9.756605e-09	STATE 2 PHASE 1
345	-0.000000e+00	0.000000e+00	0.000000e+00	1.000000e+00	STATE 3 PHASE 1
346	-1.000000e+00	-3.604314e-02	1.000000e+00	2.859770e-05	STATE 4 PHASE 1
347	-1.000000e+00	6.426758e-02	6.427876e-01	2.859770e-05	STATE 5 PHASE 1
348	-1.000000e+00	-2.958155e-18	0.000000e+00	2.859770e-05	STATE 6 PHASE 1
349	-1.000000e+00	1.046487e-01	1.000000e+00	6.271425e-09	STATE 1 PHASE 1
350	-1.000000e+00	6.961609e-02	1.000000e+00	9.756605e-09	STATE 2 PHASE 1
351	-0.000000e+00	0.000000e+00	0.000000e+00	1.000000e+00	STATE 3 PHASE 1
352	-1.000000e+00	-3.750976e-02	1.000000e+00	2.859770e-05	STATE 4 PHASE 1
353	-1.000000e+00	6.364608e-02	6.427876e-01	2.859770e-05	STATE 5 PHASE 1
354	-1.000000e+00	0.000000e+00	0.000000e+00	2.859770e-05	STATE 6 PHASE 1
355	-1.000000e+00	1.042624e-01	1.000000e+00	6.271425e-09	STATE 1 PHASE 1
356	-1.000000e+00	7.061130e-02	1.000000e+00	9.756605e-09	STATE 2 PHASE 1
357	-0.000000e+00	0.000000e+00	0.000000e+00	1.000000e+00	STATE 3 PHASE 1
358	-1.000000e+00	-3.897477e-02	1.000000e+00	2.859770e-05	STATE 4 PHASE 1
359	-1.000000e+00	6.301398e-02	6.427876e-01	2.859770e-05	STATE 5 PHASE 1
360	-1.000000e+00	-3.692568e-18	0.000000e+00	2.859770e-05	STATE 6 PHASE 1
361	-1.000000e+00	1.038613e-01	1.000000e+00	6.271425e-09	STATE 1 PHASE 1
362	-1.000000e+00	7.159649e-02	1.000000e+00	9.756605e-09	STATE 2 PHASE 1
363	-0.000000e+00	0.000000e+00	0.000000e+00	1.000000e+00	STATE 3 PHASE 1
364	-1.000000e+00	-4.043838e-02	1.000000e+00	2.859770e-05	STATE 4 PHASE 1
365	-1.000000e+00	6.237115e-02	6.427876e-01	2.859770e-05	STATE 5 PHASE 1
366	-1.000000e+00	0.000000e+00	0.000000e+00	2.859770e-05	STATE 6 PHASE 1
367	-1.000000e+00	1.034455e-01	1.000000e+00	6.271425e-09	STATE 1 PHASE 1
368	-1.000000e+00	7.257149e-02	1.000000e+00	9.756605e-09	STATE 2 PHASE 1
369	-0.000000e+00	0.000000e+00	0.000000e+00	1.000000e+00	STATE 3 PHASE 1
370	-1.000000e+00	-4.190081e-02	1.000000e+00	2.859770e-05	STATE 4 PHASE 1
371	-1.000000e+00	6.171742e-02	6.427876e-01	2.859770e-05	STATE 5 PHASE 1
372	-1.000000e+00	-4.429574e-18	0.000000e+00	2.859770e-05	STATE 6 PHASE 1
373	-1.000000e+00	1.030149e-01	1.000000e+00	6.271425e-09	STATE 1 PHASE 1
374	-1.000000e+00	7.353613e-02	1.000000e+00	9.756605e-09	STATE 2 PHASE 1
375	-0.000000e+00	0.000000e+00	0.000000e+00	1.000000e+00	STATE 3 PHASE 1
376	-1.000000e+00	-4.336226e-02	1.000000e+00	2.859770e-05	STATE 4 PHASE 1
377	-1.000000e+00	6.105262e-02	6.427876e-01	2.859770e-05	STATE 5 PHASE 1
378	-1.000000e+00	0.000000e+00	0.000000e+00	2.859770e-05	STATE 6 PHASE 1
379	-1.000000e+00	1.025695e-01	1.000000e+00	6.271425e-09	STATE 1 PHASE 1
380	-1.000000e+00	7.449024e-02	1.000000e+00	9.756605e-09	STATE 2 PHASE 1
381	-0.000000e+00	0.000000e+00	0.000000e+00	1.000000e+00	STATE 3 PHASE 1
382	-1.000000e+00	-4.482294e-02	1.000000e+00	2.859770e-05	STATE 4 PHASE 1
383	-1.000000e+00	6.037658e-02	6.427876e-01	2.859770e-05	STATE 5 PHASE 1
384	-1.000000e+00	-5.169722e-18	0.000000e+00	2.859770e-05	STATE 6 PHASE 1
385	-1.000000e+00	1.021093e-01	1.000000e+00	6.271425e-09	STATE 1 PHASE 1
386	-1.000000e+00	7.543363e-02	1.000000e+00	9.756605e-09	STATE 2 PHASE 1
387	-0.000000e+00	0.000000e+00	0.000000e+00	1.000000e+00	STATE 3 PHASE 1
388	-1.000000e+00	-4.628308e-02	1.000000e+00	2.859770e-05	STATE 4 PHASE 1
389	-1.000000e+00	5.968910e-02	6.427876e-01	2.859770e-05	STATE 5 PHASE 1
390	-1.000000e+00	0.000000e+00	0.000000e+00	2.859770e-05	STATE 6 PHASE 1
391	-1.000000e+00	1.016345e-01	1.000000e+00	6.271425e-09	STATE 1 PHASE 1
392	-1.000000e+00	7.636613e-02	1.000000e+00	9.756605e-09	STATE 2 PHASE 1
393	-0.000000e+00	0.000000e+00	0.000000e+00	1.000000e+00	STATE 3 PHASE 1
394	-1.000000e+00	-4.774287e-02	1.000000e+00	2.859770e-05	STATE 4 PHASE 1
395	-1.000000e+00	5.898998e-02	6.427876e-01	2.859770e-05	STATE 5 PHASE 1
396	-1.000000e+00	-5.913565e-18	0.000000e+00	2.859770e-05	STATE 6 PHASE 1
397	-1.000000e+00	1.011448e-01	1.000000e+00	6.271425e-09	STATE 1 PHASE 1
398	-1.000000e+00	7.728755e-02	1.000000e+00	9.756605e-09	STATE 2 PHASE 1
399	-0.000000e+00	0.000000e+00	0.000000e+00	1.000000e+00	STATE 3 PHASE 1
400	-1.000000e+00	-4.920253e-02	1.000000e+00	2.859770e-05	STATE 4 PHASE 1
401	-1.000000e+00	5.827903e-02	6.427876e-01	2.859770e-05	STATE 5 PHASE 1
402	-1.000000e+00	0.000000e+00	0.000000e+00	2.859770e-05	STATE 6 PHASE 1
403	-1.000000e+00	1.006405e-01	1.000000e+00	6.271425e-09	STATE 1 PHASE 1
404	-1.000000e+00	7.819771e-02	1.000000e+00	9.756605e-09	STATE 2 PHASE 1
405	-0.000000e+00	0.000000e+00	0.000000e+00	1.000000e+00	STATE 3 PHASE 1
406	-1.000000e+00	-5.066227e-02	1.000000e+00	2.859770e-05	STATE 4 PHASE 1
407	-1.000000e+00	5.755602e-02	6.427876e-01	2.859770e-05	STATE 5 PHASE 1
408	-1.000000e+00	-6.661657e-18	0.000000e+00	2.859770e-05	STATE 6 PHASE 1
409	-1.000000e+00	1.001214e-01	1.000000e+00	6.271425e-09	STATE 1 PHASE 1
410	-1.000000e+00	7.909640e-02	1.000000e+00	9.756605e-09	STATE 2 PHASE 1
411	-0.000000e+00	0.000000e+00	0.000000e+00	1.000000e+00	STATE 3 PHASE 1
412	-1.000000e+00	-5.212229e-02	1.000000e+00	2.859770e-05	STATE 4 PHASE 1
413	-1.000000e+00	5.682072e-02	6.427876e-01	2.859770e-05	STATE 5 PHASE 1
414	-1.000000e+00	0.000000e+00	0.000000e+00	2.859770e-05	STATE 6 PHASE 1
415	-1.000000e+00	9.958750e-02	1.000000e+00	6.271425e-09	STATE 1 PHASE 1
416	-1.000000e+00	7.998345e-02	1.000000e+00	9.756605e-09	STATE 2 PHASE 1
417	-0.000000e+00	0.000000e+00	0.000000e+00	1.000000e+00	STATE 3 PHASE 1
418	-1.000000e+00	-5.358281e-02	1.000000e+00	2.859770e-05	STATE 4 PHASE 1
419	-1.000000e+00	5.607290e-02	6.427876e-01	2.859770e-05	STATE 5 PHASE 1
420	-1.000000e+00	-7.414557e-18	0.000000e+00	2.859770e-05	STATE 6 PHASE 1
421	-1.000000e+00	9.903888e-02	1.000000e+00	6.271425e-09	STATE 1 PHASE 1
422	-1.000000e+00	8.085864e-02	1.000000e+00	9.756605e-09	STATE 2 PHASE 1
423	-0.000000e+00	0.000000e+00	0.000000e+00	1.000000e+00	STATE 3 PHASE 1
424	-1.000000e+00	-5.504404e-02	1.000000e+00	2.859770e-05	STATE 4 PHASE 1
425	-1.000000e+00	5.531231e-02	6.427876e-01	2.859770e-05	STATE 5 PHASE 1
426	-1.000000e+00	0.000000e+00	0.000000e+00	2.859770e-05	STATE 6 PHASE 1
427	-1.000000e+00	9.847549e-02	1.000000e+00	6.271425e-09	STATE 1 PHASE 1
428	-1.000000e+00	8.172178e-02	1.000000e+00	9.756605e-09	STATE 2 PHASE 1
429	-0.000000e+00	0.000000e+00	0.000000e+00	1.000000e+00	STATE 3 PHASE 1
430	-1.000000e+00	-5.650618e-02	1.000000e+00	2.859770e-05	STATE 4 PHASE 1
431	-1.000000e+00	5.453869e-02	6.427876e-01	2.859770e-05	STATE 5 PHASE 1
432	-1.000000e+00	-8.172827e-18	0.000000e+00	2.859770e-05	STATE 6 PHASE 1
433	-1.000000e+00	9.789734e-02	1.000000e+00	6.271425e-09	STATE 1 PHASE 1
434	-1.000000e+00	8.257265e-02	1.000000e+00	9.756605e-09	STATE 2 PHASE 1
435	-0.000000e+00	0.000000e+00	0.000000e+00	1.000000e+00	STATE 3 PHASE 1
436	-1.000000e+00	-5.796946e-02	1.000000e+00	2.859770e-05	STATE 4 PHASE 1
437	-1.000000e+00	5.375175e-02	6.427876e-01	2.859770e-05	STATE 5 PHASE 1
438	-1.000000e+00	0.000000e+00	0.000000e+00	2.859770e-05	STATE 6 PHASE 1
439	-1.000000e+00	9.730439e-02	1.000000e+00	6.271425e-09	STATE 1 PHASE 1
440	-1.000000e+00	8.341106e-02	1.000000e+00	9.756605e-09	STATE 2 PHASE 1
441	-0.000000e+00	0.000000e+00	0.000000e+00	1.000000e+00	STATE 3 PHASE 1
442	-1.000000e+00	-5.943407e-02	1.000000e+00	2.859770e-05	STATE 4 PHASE 1
443	-1.000000e+00	5.295122e-02	6.427876e-01	2.859770e-05	STATE 5 PHASE 1
444	-1.000000e+00	-8.937033e-18	0.000000e+00	2.859770e-05	STATE 6 PHASE 1
445	-1.000000e+00	9.669664e-02	1.000000e+00	6.271425e-09	STATE 1 PHASE 1
446	-1.000000e+00	8.423677e-02	1.000000e+00	9.756605e-09	STATE 2 PHASE 1
447	-0.000000e+00	0.000000e+00	0.000000e+00	1.000000e+00	STATE 3 PHASE 1
448	-1.000000e+00	-6.090023e-02	1.000000e+00	2.859770e-05	STATE 4 PHASE 1
449	-1.000000e+00	5.213680e-02	6.427876e-01	2.859770e-05	STATE 5 PHASE 1
450	-1.000000e+00	0.000000e+00	0.000000e+00	2.859770e-05	STATE 6 PHASE 1
451	-1.000000e+00	9.607408e-02	1.000000e+00	6.271425e-09	STATE 1 PHASE 1
452	-1.000000e+00	8.504958e-02	1.000000e+00	9.756605e-09	STATE 2 PHASE 1
453	-0.000000e+00	0.000000e+00	0.000000e+00	1.000000e+00	STATE 3 PHASE 1
454	-1.000000e+00	-6.236816e-02	1.000000e+00	2.859770e-05	STATE 4 PHASE 1
455	-1.000000e+00	5.130818e-02	6.427876e-01	2.859770e-05	STATE 5 PHASE 1
456	-1.000000e+00	-9.707745e-18	0.000000e+00	2.859770e-05	STATE 6 PHASE 1
457	-1.000000e+00	9.543667e-02	1.000000e+00	6.271425e-09	STATE 1 PHASE 1
458	-1.000000e+00	8.584925e-02	1.000000e+00	9.756605e-09	STATE 2 PHASE 1
459	-0.000000e+00	0.000000e+00	0.000000e+00	1.000000e+00	STATE 3 PHASE 1
460	-1.000000e+00	-6.383807e-02	1.000000e+00	2.859770e-05	STATE 4 PHASE 1
461	-1.000000e+00	5.046503e-02	6.427876e-01	2.859770e-05	STATE 5 PHASE 1
462	-1.000000e+00	0.000000e+00	0.000000e+00	2.859770e-05	STATE 6 PHASE 1
463	-1.000000e+00	9.478441e-02	1.000000e+00	6.271425e-09	STATE 1 PHASE 1
464	-1.000000e+00	8.663555e-02	1.000000e+00	9.756605e-09	STATE 2 PHASE 1
465	-0.000000e+00	0.000000e+00	0.000000e+00	1.000000e+00	STATE 3 PHASE 1
466	-1.000000e+00	-6.531016e-02	1.000000e+00	2.859770e-05	STATE 4 PHASE 1
467	-1.000000e+00	4.960700e-02	6.427876e-01	2.859770e-05	STATE 5 PHASE 1
468	-1.000000e+00	-1.048554e-17	0.000000e+00	2.859770e-05	STATE 6 PHASE 1
469	-1.000000e+00	9.411727e-02	1.000000e+00	6.271425e-09	STATE 1 PHASE 1
470	-1.000000e+00	8.740825e-02	1.000000e+00	9.756605e-09	STATE 2 PHASE 1
471	-0.000000e+00	0.000000e+00	0.000000e+00	1.000000e+00	STATE 3 PHASE 1
472	-1.000000e+00	-6.678467e-02	1.000000e+00	2.859770e-05	STATE 4 PHASE 1
473	-1.000000e+00	4.873374e-02	6.427876e-01	2.859770e-05	STATE 5 PHASE 1
474	-1.000000e+00	0.000000e+00	0.000000e+00	2.859770e-05	STATE 6 PHASE 1
475	-1.000000e+00	9.343522e-02	1.000000e+00	6.271425e-09	STATE 1 PHASE 1
476	-1.000000e+00	8.816711e-02	1.000000e+00	9.756605e-09	STATE 2 PHASE 1
477	-0.000000e+00	0.000000e+00	0.000000e+00	1.000000e+00	STATE 3 PHASE 1
478	-1.000000e+00	-6.826181e-02	1.000000e+00	2.859770e-05	STATE 4 PHASE 1
479	-1.000000e+00	4.784488e-02	6.427876e-01	2.859770e-05	STATE 5 PHASE 1
480	-1.000000e+00	-1.127100e-17	0.000000e+00	2.859770e-05	STATE 6 PHASE 1
481	-1.000000e+00	9.273823e-02	1.000000e+00	6.271425e-09	STATE 1 PHASE 1
482	-1.000000e+00	8.891188e-02	1.000000e+00	9.756605e-09	STATE 2 PHASE 1
483	-0.000000e+00	0.000000e+00	0.000000e+00	1.000000e+00	STATE 3 PHASE 1
484	-1.000000e+00	-6.974179e-02	1.000000e+00	2.859770e-05	STATE 4 PHASE 1
485	-1.000000e+00	4.694003e-02	6.427876e-01	2.859770e-05	STATE 5 PHASE 1
486	-1.000000e+00	0.000000e+00	0.000000e+00	2.859770e-05	STATE 6 PHASE 1
487	-1.000000e+00	9.202628e-02	1.000000e+00	6.271425e-09	STATE 1 PHASE 1
488	-1.000000e+00	8.964229e-02	1.000000e+00	9.756605e-09	STATE 2 PHASE 1
489	-0.000000e+00	0.000000e+00	0.000000e+00	1.000000e+00	STATE 3 PHASE 1
490	-1.000000e+00	-7.122483e-02	1.000000e+00	2.859770e-05	STATE 4 PHASE 1
491	-1.000000e+00	4.601877e-02	6.427876e-01	2.859770e-05	STATE 5 PHASE 1
492	-1.000000e+00	-1.206470e-17	0.000000e+00	2.859770e-05	STATE 6 PHASE 1
493	-1.000000e+00	9.129933e-02	1.000000e+00	6.271425e-09	STATE 1 PHASE 1
494	-1.000000e+00	9.035810e-02	1.000000e+00	9.756605e-09	STATE 2 PHASE 1
495	-0.000000e+00	0.000000e+00	0.000000e+00	1.000000e+00	STATE 3 PHASE 1
496	-1.000000e+00	-7.271116e-02	1.000000e+00	2.859770e-05	STATE 4 PHASE 1
497	-1.000000e+00	4.508069e-02	6.427876e-01	2.859770e-05	STATE 5 PHASE 1
498	-1.000000e+00	0.000000e+00	0.000000e+00	2.859770e-05	STATE 6 PHASE 1
499	-1.000000e+00	9.055736e-02	1.000000e+00	6.271425e-09	STATE 1 PHASE 1
500	-1.000000e+00	9.105903e-02	1.000000e+00	9.756605e-09	STATE 2 PHASE 1
501	-0.000000e+00	0.000000e+00	0.000000e+00	1.000000e+00	STATE 3 PHASE 1
502	-1.000000e+00	-7.420101e-02	1.000000e+00	2.859770e-05	STATE 4 PHASE 1
503	-1.000000e+00	4.412534e-02	6.427876e-01	2.859770e-05	STATE 5 PHASE 1
504	-1.000000e+00	-1.286725e-17	0.000000e+00	2.859770e-05	STATE 6 PHASE 1
505	-1.000000e+00	8.980031e-02	1.000000e+00	6.271425e-09	STATE 1 PHASE 1
506	-1.000000e+00	9.174481e-02	1.000000e+00	9.756605e-09	STATE 2 PHASE 1
507	-0.000000e+00	0.000000e+00	0.000000e+00	1.000000e+00	STATE 3 PHASE 1
508	-1.000000e+00	-7.569459e-02	1.000000e+00	2.859770e-05	STATE 4 PHASE 1
509	-1.000000e+00	4.315225e-02	6.427876e-01	2.859770e-05	STATE 5 PHASE 1
510	-1.000000e+00	0.000000e+00	0.000000e+00	2.859770e-05	STATE 6 PHASE 1
511	-1.000000e+00	8.902816e-02	1.000000e+00	6.271425e-09	STATE 1 PHASE 1
512	-1.000000e+00	9.241516e-02	1.000000e+00	9.756605e-09	STATE 2 PHASE 1
513	-0.000000e+00	0.000000e+00	0.000000e+00	1.000000e+00	STATE 3 PHASE 1
514	-1.000000e+00	-7.719214e-02	1.000000e+00	2.859770e-05	STATE 4 PHASE 1
515	-1.000000e+00	4.216093e-02	6.427876e-01	2.859770e-05	STATE 5 PHASE 1
516	-1.000000e+00	-1.367924e-17	0.000000e+00	2.859770e-05	STATE 6 PHASE 1
517	-1.000000e+00	8.824086e-02	1.000000e+00	6.271425e-09	STATE 1 PHASE 1
518	-1.000000e+00	9.306978e-02	1.000000e+00	9.756605e-09	STATE 2 PHASE 1
519	-0.000000e+00	0.000000e+00	0.000000e+00	1.000000e+00	STATE 3 PHASE 1
520	-1.000000e+00	-7.869388e-02	1.000000e+00	2.859770e-05	STATE 4 PHASE 1
521	-1.000000e+00	4.115088e-02	6.427876e-01	2.859770e-05	STATE 5 PHASE 1
522	-1.000000e+00	0.000000e+00	0.000000e+00	2.859770e-05	STATE 6 PHASE 1
523	-1.000000e+00	8.743837e-02	1.000000e+00	6.271425e-09	STATE 1 PHASE 1
524	-1.000000e+00	9.370838e-02	1.000000e+00	9.756605e-09	STATE 2 PHASE 1
525	-0.000000e+00	0.000000e+00	0.000000e+00	1.000000e+00	STATE 3 PHASE 1
526	-1.000000e+00	-8.020004e-02	1.000000e+00	2.859770e-05	STATE 4 PHASE 1
527	-1.000000e+00	4.012155e-02	6.427876e-01	2.859770e-05	STATE 5 PHASE 1
528	-1.000000e+00	-1.450127e-17	0.000000e+00	2.859770e-05	STATE 6 PHASE 1
529	-1.000000e+00	8.662064e-02	1.000000e+00	6.271425e-09	STATE 1 PHASE 1
530	-1.000000e+00	9.433065e-02	1.000000e+00	9.756605e-09	STATE 2 PHASE 1
531	-0.000000e+00	0.000000e+00	0.000000e+00	1.000000e+00	STATE 3 PHASE 1
532	-1.000000e+00	-8.171087e-02	1.000000e+00	2.859770e-05	STATE 4 PHASE 1
533	-1.000000e+00	3.907239e-02	6.427876e-01	2.859770e-05	STATE 5 PHASE 1
534	-1.000000e+00	0.000000e+00	0.000000e+00	2.859770e-05	STATE 6 PHASE 1
535	-1.000000e+00	8.578763e-02	1.000000e+00	6.271425e-09	STATE 1 PHASE 1
536	-1.000000e+00	9.493627e-02	1.000000e+00	9.756605e-09	STATE 2 PHASE 1
537	-0.000000e+00	0.000000e+00	0.000000e+00	1.000000e+00	STATE 3 PHASE 1
538	-1.000000e+00	-8.322659e-02	1.000000e+00	2.859770e-05	STATE 4 PHASE 1
539	-1.000000e+00	3.800282e-02	6.427876e-01	2.859770e-05	STATE 5 PHASE 1
540	-1.000000e+00	-1.533397e-17	0.000000e+00	2.859770e-05	STATE 6 PHASE 1
541	-1.000000e+00	8.493928e-02	1.000000e+00	6.271425e-09	STATE 1 PHASE 1
542	-1.000000e+00	9.552492e-02	1.000000e+00	9.756605e-09	STATE 2 PHASE 1
543	-0.000000e+00	0.000000e+00	0.000000e+00	1.000000e+00	STATE 3 PHASE 1
544	-1.000000e+00	-8.474744e-02	1.000000e+00	2.859770e-05	STATE 4 PHASE 1
545	-1.000000e+00	3.691222e-02	6.427876e-01	2.859770e-05	STATE 5 PHASE 1
546	-1.000000e+00	0.000000e+00	0.000000e+00	2.859770e-05	STATE 6 PHASE 1
547	-1.000000e+00	8.407554e-02	1.000000e+00	6.271425e-09	STATE 1 PHASE 1
548	-1.000000e+00	9.609626e-02	1.000000e+00	9.756605e-09	STATE 2 PHASE 1
549	-0.000000e+00	0.000000e+00	0.000000e+00	1.000000e+00	STATE 3 PHASE 1
550	-1.000000e+00	-8.627367e-02	1.000000e+00	2.859770e-05	STATE 4 PHASE 1
551	-1.000000e+00	3.579994e-02	6.427876e-01	2.859770e-05	STATE 5 PHASE 1
552	-1.000000e+00	-1.617795e-17	0.000000e+00	2.859770e-05	STATE 6 PHASE 1
553	-1.000000e+00	8.319636e-02	1.000000e+00	6.271425e-09	STATE 1 PHASE 1
554	-1.000000e+00	9.664995e-02	1.000000e+00	9.756605e-09	STATE 2 PHASE 1
555	-0.000000e+00	0.000000e+00	0.000000e+00	1.000000e+00	STATE 3 PHASE 1
556	-1.000000e+00	-8.780551e-02	1.000000e+00	2.859770e-05	STATE 4 PHASE 1
557	-1.000000e+00	3.466531e-02	6.427876e-01	2.859770e-05	STATE 5 PHASE 1
558	-1.000000e+00	0.000000e+00	0.000000e+00	2.859770e-05	STATE 6 PHASE 1
559	-1.000000e+00	8.230167e-02	1.000000e+00	6.271425e-09	STATE 1 PHASE 1
560	-1.000000e+00	9.718563e-02	1.000000e+00	9.756605e-09	STATE 2 PHASE 1
561	-0.000000e+00	0.000000e+00	0.000000e+00	1.000000e+00	STATE 3 PHASE 1
562	-1.000000e+00	-8.934322e-02	1.000000e+00	2.859770e-05	STATE 4 PHASE 1
563	-1.000000e+00	3.350763e-02	6.427876e-01	2.859770e-05	STATE 5 PHASE 1
564	-1.000000e+00	-1.703385e-17	0.000000e+00	2.859770e-05	STATE 6 PHASE 1
565	-1.000000e+00	8.139142e-02	1.000000e+00	6.271425e-09	STATE 1 PHASE 1
566	-1.000000e+00	9.770293e-02	1.000000e+00	9.756605e-09	STATE 2 PHASE 1
567	-0.000000e+00	0.000000e+00	0.000000e+00	1.000000e+00	STATE 3 PHASE 1
568	-1.000000e+00	-9.088703e-02	1.000000e+00	2.859770e-05	STATE 4 PHASE 1
569	-1.000000e+00	3.232615e-02	6.427876e-01	2.859770e-05	STATE 5 PHASE 1
570	-1.000000e+00	0.000000e+00	0.000000e+00	2.859770e-05	STATE 6 PHASE 1
571	-1.000000e+00	8.046555e-02	1.000000e+00	6.271425e-09	STATE 1 PHASE 1
572	-1.000000e+00	9.820147e-02	1.000000e+00	9.756605e-09	STATE 2 PHASE 1
573	-0.000000e+00	0.000000e+00	0.000000e+00	1.000000e+00	STATE 3 PHASE 1
574	-1.000000e+00	-9.243720e-02	1.000000e+00	2.859770e-05	STATE 4 PHASE 1
575	-1.000000e+00	3.112009e-02	6.427876e-01	2.859770e-05	STATE 5 PHASE 1
576	-1.000000e+00	-1.790229e-17	0.000000e+00	2.859770e-05	STATE 6 PHASE 1
577	-1.000000e+00	7.952398e-02	1.000000e+00	6.271425e-09	STATE 1 PHASE 1
578	-1.000000e+00	9.868086e-02	1.000000e+00	9.756605e-09	STATE 2 PHASE 1
579	-0.000000e+00	0.000000e+00	0.000000e+00	1.000000e+00	STATE 3 PHASE 1
580	-1.000000e+00	-9.399398e-02	1.000000e+00	2.859770e-05	STATE 4 PHASE 1
581	-1.000000e+00	2.988863e-02	6.427876e-01	2.859770e-05	STATE 5 PHASE 1
582	-1.000000e+00	0.000000e+00	0.000000e+00	2.859770e-05	STATE 6 PHASE 1
583	-1.000000e+00	7.856666e-02	1.000000e+00	6.271425e-09	STATE 1 PHASE 1
584	-1.000000e+00	9.914070e-02	1.000000e+00	9.756605e-09	STATE 2 PHASE 1
585	-0.000000e+00	0.000000e+00	0.000000e+00	1.000000e+00	STATE 3 PHASE 1
586	-1.000000e+00	-9.555762e-02	1.000000e+00	2.859770e-05	STATE 4 PHASE 1
587	-1.000000e+00	2.863091e-02	6.427876e-01	2.859770e-05	STATE 5 PHASE 1
588	-1.000000e+00	-1.878395e-17	0.000000e+00	2.859770e-05	STATE 6 PHASE 1
589	-1.000000e+00	7.759350e-02	1.000000e+00	6.271425e-09	STATE 1 PHASE 1
590	-1.000000e+00	9.958055e-02	1.000000e+00	9.756605e-09	STATE 2 PHASE 1
591	-0.000000e+00	0.000000e+00	0.000000e+00	1.000000e+00	STATE 3 PHASE 1
592	-1.000000e+00	-9.712839e-02	1.000000e+00	2.859770e-05	STATE 4 PHASE 1
593	-1.000000e+00	2.734603e-02	6.427876e-01	2.859770e-05	STATE 5 PHASE 1
594	-1.000000e+00	0.000000e+00	0.000000e+00	2.859770e-05	STATE 6 PHASE 1
595	-1.000000e+00	7.660444e-02	1.000000e+00	6.271425e-09	STATE 1 PHASE 1
596	-1.000000e+00	1.000000e-01	1.000000e+00	9.756605e-09	STATE 2 PHASE 1
597	-0.000000e+00	0.000000e+00	0.000000e+00	1.000000e+00	STATE 3 PHASE 1
598	-1.000000e+00	-9.870653e-02	1.000000e+00	2.859770e-05	STATE 4 PHASE 1
599	-1.000000e+00	2.603304e-02	6.427876e-01	2.859770e-05	STATE 5 PHASE 1
600	-1.000000e+00	-1.967175e-17	0.000000e+00	2.859770e-05	STATE 6 PHASE 1
601	0.000000e+00	0.000000e+00	0.000000e+00	1.000000e+00	PARAMETER 1 PHASE 1
602	0.000000e+00	0.000000e+00	0.000000e+00	1.000000e+00	PARAMETER 2 PHASE 1
603	0.000000e+00	0.000000e+00	0.000000e+00	1.000000e+00	PARAMETER 3 PHASE 1
604	0.000000e+00	0.000000e+00	0.000000e+00	1.000000e+00	PARAMETER 4 PHASE 1
605	0.000000e+00	0.000000e+00	0.000000e+00	1.000000e+00	PARAMETER 5 PHASE 1
606	0.000000e+00	0.000000e+00	0.000000e+00	1.000000e+00	PARAMETER 6 PHASE 1
607	0.000000e+00	0.000000e+00	0.000000e+00	2.192982e-04	t0 PHASE 1
608	1.000000e+00	1.000000e+00	1.000000e+00	2.192982e-04	tf PHASE 1