
***** Phase 1 differential defect constraints *****
LOWER		G(X)		UPPER		SCALING
0.000000e+00	6.487037e-06	0.000000e+00	4.754840e-05 ***
0.000000e+00	9.272025e-11	0.000000e+00	2.501367e-05 ***
0.000000e+00	3.016280e-08	0.000000e+00	1.432394e+00 ***
0.000000e+00	-3.005034e-06	0.000000e+00	4.754840e-05 ***
0.000000e+00	8.298366e-11	0.000000e+00	2.501367e-05 ***
0.000000e+00	-1.219181e-08	0.000000e+00	1.432394e+00 ***
0.000000e+00	3.593576e-06	0.000000e+00	4.754840e-05 ***
0.000000e+00	9.156565e-11	0.000000e+00	2.501367e-05 ***
0.000000e+00	9.094685e-09	0.000000e+00	1.432394e+00 ***
0.000000e+00	9.123982e-07	0.000000e+00	4.754840e-05 ***
0.000000e+00	2.742993e-08	0.000000e+00	2.501367e-05 ***
0.000000e+00	-1.198232e-08	0.000000e+00	1.432394e+00 ***
0.000000e+00	-2.041719e-07	0.000000e+00	4.754840e-05 ***
0.000000e+00	2.107298e-08	0.000000e+00	2.501367e-05 ***
0.000000e+00	7.969950e-09	0.000000e+00	1.432394e+00 ***
0.000000e+00	3.102738e-07	0.000000e+00	4.754840e-05 ***
0.000000e+00	2.817673e-08	0.000000e+00	2.501367e-05 ***
0.000000e+00	-7.278210e-09	0.000000e+00	1.432394e+00 ***
0.000000e+00	-1.177720e-07	0.000000e+00	4.754840e-05 ***
0.000000e+00	2.453059e-08	0.000000e+00	2.501367e-05 ***
0.000000e+00	6.439018e-09	0.000000e+00	1.432394e+00 ***
0.000000e+00	8.941321e-08	0.000000e+00	4.754840e-05 ***
0.000000e+00	2.799486e-08	0.000000e+00	2.501367e-05 ***
0.000000e+00	-6.052444e-09	0.000000e+00	1.432394e+00 ***
0.000000e+00	1.693593e-08	0.000000e+00	4.754840e-05 ***
0.000000e+00	2.588199e-08	0.000000e+00	2.501367e-05 ***
0.000000e+00	5.573393e-09	0.000000e+00	1.432394e+00 ***
0.000000e+00	-8.129511e-08	0.000000e+00	4.754840e-05 ***
0.000000e+00	2.810679e-08	0.000000e+00	2.501367e-05 ***
0.000000e+00	-5.311028e-09	0.000000e+00	1.432394e+00 ***
0.000000e+00	2.365503e-07	0.000000e+00	4.754840e-05 ***
0.000000e+00	2.684026e-08	0.000000e+00	2.501367e-05 ***
0.000000e+00	5.168657e-09	0.000000e+00	1.432394e+00 ***
0.000000e+00	-6.113633e-07	0.000000e+00	4.754840e-05 ***
0.000000e+00	2.844872e-08	0.000000e+00	2.501367e-05 ***
0.000000e+00	-7.045950e-09	0.000000e+00	1.432394e+00 ***
0.000000e+00	-2.352388e-07	0.000000e+00	4.754840e-05 ***
0.000000e+00	1.118444e-11	0.000000e+00	2.501367e-05 ***
0.000000e+00	4.076601e-09	0.000000e+00	1.432394e+00 ***
0.000000e+00	1.056497e-06	0.000000e+00	4.754840e-05 ***
0.000000e+00	2.944045e-08	0.000000e+00	2.501367e-05 ***
0.000000e+00	8.940065e-09	0.000000e+00	1.432394e+00 ***
0.000000e+00	-9.138135e-07	0.000000e+00	4.754840e-05 ***
0.000000e+00	2.906182e-08	0.000000e+00	2.501367e-05 ***
0.000000e+00	-1.013848e-07	0.000000e+00	1.432394e+00 ***
0.000000e+00	-1.797637e-07	0.000000e+00	4.754840e-05 ***
0.000000e+00	1.264379e-11	0.000000e+00	2.501367e-05 ***
0.000000e+00	-3.706891e-09	0.000000e+00	1.432394e+00 ***
0.000000e+00	-1.051571e-08	0.000000e+00	4.754840e-05 ***
0.000000e+00	7.608442e-12	0.000000e+00	2.501367e-05 ***
0.000000e+00	3.612807e-09	0.000000e+00	1.432394e+00 ***
0.000000e+00	4.201537e-08	0.000000e+00	4.754840e-05 ***
0.000000e+00	1.278329e-11	0.000000e+00	2.501367e-05 ***
0.000000e+00	-3.538525e-09	0.000000e+00	1.432394e+00 ***
0.000000e+00	-4.692085e-08	0.000000e+00	4.754840e-05 ***
0.000000e+00	6.759510e-12	0.000000e+00	2.501367e-05 ***
0.000000e+00	3.458479e-09	0.000000e+00	1.432394e+00 ***
0.000000e+00	4.516501e-08	0.000000e+00	4.754840e-05 ***
0.000000e+00	3.882662e-12	0.000000e+00	2.501367e-05 ***
0.000000e+00	-3.350480e-09	0.000000e+00	1.432394e+00 ***
0.000000e+00	-4.164801e-08	0.000000e+00	4.754840e-05 ***
0.000000e+00	4.030809e-12	0.000000e+00	2.501367e-05 ***
0.000000e+00	3.222672e-09	0.000000e+00	1.432394e+00 ***
0.000000e+00	3.786088e-08	0.000000e+00	4.754840e-05 ***
0.000000e+00	5.948617e-13	0.000000e+00	2.501367e-05 ***
0.000000e+00	-2.955009e-09	0.000000e+00	1.432394e+00 ***
0.000000e+00	-3.427976e-08	0.000000e+00	4.754840e-05 ***
0.000000e+00	1.235132e-12	0.000000e+00	2.501367e-05 ***
0.000000e+00	2.336259e-09	0.000000e+00	1.432394e+00 ***
0.000000e+00	3.106521e-08	0.000000e+00	4.754840e-05 ***
0.000000e+00	1.406756e-12	0.000000e+00	2.501367e-05 ***
0.000000e+00	-3.543235e-09	0.000000e+00	1.432394e+00 ***
0.000000e+00	-2.818398e-08	0.000000e+00	4.754840e-05 ***
0.000000e+00	1.617511e-12	0.000000e+00	2.501367e-05 ***
0.000000e+00	4.761883e-09	0.000000e+00	1.432394e+00 ***
0.000000e+00	2.566465e-08	0.000000e+00	4.754840e-05 ***
0.000000e+00	2.585287e-12	0.000000e+00	2.501367e-05 ***
0.000000e+00	-4.150239e-09	0.000000e+00	1.432394e+00 ***
0.000000e+00	-2.345208e-08	0.000000e+00	4.754840e-05 ***
0.000000e+00	5.545035e-12	0.000000e+00	2.501367e-05 ***
0.000000e+00	3.960649e-09	0.000000e+00	1.432394e+00 ***
0.000000e+00	2.150728e-08	0.000000e+00	4.754840e-05 ***
0.000000e+00	2.551253e-11	0.000000e+00	2.501367e-05 ***
0.000000e+00	-3.881525e-09	0.000000e+00	1.432394e+00 ***
0.000000e+00	-1.976670e-08	0.000000e+00	4.754840e-05 ***
0.000000e+00	1.324730e-11	0.000000e+00	2.501367e-05 ***
0.000000e+00	3.631601e-09	0.000000e+00	1.432394e+00 ***
0.000000e+00	1.829247e-08	0.000000e+00	4.754840e-05 ***
0.000000e+00	4.691427e-11	0.000000e+00	2.501367e-05 ***
0.000000e+00	-3.539881e-09	0.000000e+00	1.432394e+00 ***
0.000000e+00	-1.693875e-08	0.000000e+00	4.754840e-05 ***
0.000000e+00	2.497382e-12	0.000000e+00	2.501367e-05 ***
0.000000e+00	3.843447e-09	0.000000e+00	1.432394e+00 ***
0.000000e+00	1.574553e-08	0.000000e+00	4.754840e-05 ***
0.000000e+00	6.109685e-13	0.000000e+00	2.501367e-05 ***
0.000000e+00	-3.811065e-09	0.000000e+00	1.432394e+00 ***
0.000000e+00	-1.468127e-08	0.000000e+00	4.754840e-05 ***
0.000000e+00	2.492923e-13	0.000000e+00	2.501367e-05 ***
0.000000e+00	3.816517e-09	0.000000e+00	1.432394e+00 ***
0.000000e+00	1.372880e-08	0.000000e+00	4.754840e-05 ***
0.000000e+00	1.174435e-12	0.000000e+00	2.501367e-05 ***
0.000000e+00	-3.872458e-09	0.000000e+00	1.432394e+00 ***
0.000000e+00	-1.287210e-08	0.000000e+00	4.754840e-05 ***
0.000000e+00	6.861794e-13	0.000000e+00	2.501367e-05 ***
0.000000e+00	3.867628e-09	0.000000e+00	1.432394e+00 ***
0.000000e+00	1.210493e-08	0.000000e+00	4.754840e-05 ***
0.000000e+00	5.523196e-13	0.000000e+00	2.501367e-05 ***
0.000000e+00	-3.939371e-09	0.000000e+00	1.432394e+00 ***
0.000000e+00	-1.140603e-08	0.000000e+00	4.754840e-05 ***
0.000000e+00	1.067420e-12	0.000000e+00	2.501367e-05 ***
0.000000e+00	3.975503e-09	0.000000e+00	1.432394e+00 ***
0.000000e+00	1.078123e-08	0.000000e+00	4.754840e-05 ***
0.000000e+00	1.477781e-12	0.000000e+00	2.501367e-05 ***
0.000000e+00	-4.044244e-09	0.000000e+00	1.432394e+00 ***
0.000000e+00	-1.020620e-08	0.000000e+00	4.754840e-05 ***
0.000000e+00	1.572830e-12	0.000000e+00	2.501367e-05 ***
0.000000e+00	4.132248e-09	0.000000e+00	1.432394e+00 ***
0.000000e+00	9.690556e-09	0.000000e+00	4.754840e-05 ***
0.000000e+00	2.047618e-12	0.000000e+00	2.501367e-05 ***
0.000000e+00	-4.204499e-09	0.000000e+00	1.432394e+00 ***
0.000000e+00	-9.214293e-09	0.000000e+00	4.754840e-05 ***
0.000000e+00	2.179521e-12	0.000000e+00	2.501367e-05 ***
0.000000e+00	4.314668e-09	0.000000e+00	1.432394e+00 ***
0.000000e+00	8.784670e-09	0.000000e+00	4.754840e-05 ***
0.000000e+00	2.459435e-12	0.000000e+00	2.501367e-05 ***
0.000000e+00	-4.407688e-09	0.000000e+00	1.432394e+00 ***
0.000000e+00	-8.387218e-09	0.000000e+00	4.754840e-05 ***
0.000000e+00	2.527457e-12	0.000000e+00	2.501367e-05 ***
0.000000e+00	4.534726e-09	0.000000e+00	1.432394e+00 ***
0.000000e+00	8.026364e-09	0.000000e+00	4.754840e-05 ***
0.000000e+00	3.053523e-12	0.000000e+00	2.501367e-05 ***
0.000000e+00	-4.629072e-09	0.000000e+00	1.432394e+00 ***
0.000000e+00	-7.693997e-09	0.000000e+00	4.754840e-05 ***
0.000000e+00	3.034914e-12	0.000000e+00	2.501367e-05 ***
0.000000e+00	4.823678e-09	0.000000e+00	1.432394e+00 ***
0.000000e+00	7.386775e-09	0.000000e+00	4.754840e-05 ***
0.000000e+00	3.849311e-12	0.000000e+00	2.501367e-05 ***
0.000000e+00	-4.908360e-09	0.000000e+00	1.432394e+00 ***
0.000000e+00	-7.108252e-09	0.000000e+00	4.754840e-05 ***
0.000000e+00	2.431635e-12	0.000000e+00	2.501367e-05 ***
0.000000e+00	5.126114e-09	0.000000e+00	1.432394e+00 ***
0.000000e+00	6.847806e-09	0.000000e+00	4.754840e-05 ***
0.000000e+00	9.056694e-13	0.000000e+00	2.501367e-05 ***
0.000000e+00	-5.303181e-09	0.000000e+00	1.432394e+00 ***
0.000000e+00	-6.608477e-09	0.000000e+00	4.754840e-05 ***
0.000000e+00	5.769348e-14	0.000000e+00	2.501367e-05 ***
0.000000e+00	5.474583e-09	0.000000e+00	1.432394e+00 ***
0.000000e+00	6.391219e-09	0.000000e+00	4.754840e-05 ***
0.000000e+00	8.642648e-13	0.000000e+00	2.501367e-05 ***
0.000000e+00	-5.727203e-09	0.000000e+00	1.432394e+00 ***
0.000000e+00	-6.184244e-09	0.000000e+00	4.754840e-05 ***
0.000000e+00	1.537841e-12	0.000000e+00	2.501367e-05 ***
0.000000e+00	5.957181e-09	0.000000e+00	1.432394e+00 ***
0.000000e+00	6.000105e-09	0.000000e+00	4.754840e-05 ***
0.000000e+00	3.242392e-12	0.000000e+00	2.501367e-05 ***
0.000000e+00	-6.208039e-09	0.000000e+00	1.432394e+00 ***
0.000000e+00	-5.824628e-09	0.000000e+00	4.754840e-05 ***
0.000000e+00	1.706553e-12	0.000000e+00	2.501367e-05 ***
0.000000e+00	6.529462e-09	0.000000e+00	1.432394e+00 ***
0.000000e+00	5.665871e-09	0.000000e+00	4.754840e-05 ***
0.000000e+00	2.194172e-12	0.000000e+00	2.501367e-05 ***
0.000000e+00	-6.832527e-09	0.000000e+00	1.432394e+00 ***
0.000000e+00	-5.517998e-09	0.000000e+00	4.754840e-05 ***
0.000000e+00	1.395973e-12	0.000000e+00	2.501367e-05 ***
0.000000e+00	7.215001e-09	0.000000e+00	1.432394e+00 ***
0.000000e+00	5.381801e-09	0.000000e+00	4.754840e-05 ***
0.000000e+00	2.066136e-12	0.000000e+00	2.501367e-05 ***
0.000000e+00	-7.623963e-09	0.000000e+00	1.432394e+00 ***
0.000000e+00	-5.256349e-09	0.000000e+00	4.754840e-05 ***
0.000000e+00	4.608381e-12	0.000000e+00	2.501367e-05 ***
0.000000e+00	8.086458e-09	0.000000e+00	1.432394e+00 ***
0.000000e+00	5.140203e-09	0.000000e+00	4.754840e-05 ***
0.000000e+00	1.005723e-12	0.000000e+00	2.501367e-05 ***
0.000000e+00	-8.575354e-09	0.000000e+00	1.432394e+00 ***
0.000000e+00	-5.035093e-09	0.000000e+00	4.754840e-05 ***
0.000000e+00	1.672110e-12	0.000000e+00	2.501367e-05 ***
0.000000e+00	9.153946e-09	0.000000e+00	1.432394e+00 ***
0.000000e+00	4.936941e-09	0.000000e+00	4.754840e-05 ***
0.000000e+00	6.693445e-13	0.000000e+00	2.501367e-05 ***
0.000000e+00	-9.799379e-09	0.000000e+00	1.432394e+00 ***
0.000000e+00	-4.848416e-09	0.000000e+00	4.754840e-05 ***
0.000000e+00	8.955867e-12	0.000000e+00	2.501367e-05 ***
0.000000e+00	1.054112e-08	0.000000e+00	1.432394e+00 ***
0.000000e+00	4.769331e-09	0.000000e+00	4.754840e-05 ***
0.000000e+00	4.804302e-13	0.000000e+00	2.501367e-05 ***
0.000000e+00	-1.140875e-08	0.000000e+00	1.432394e+00 ***
0.000000e+00	-4.690858e-09	0.000000e+00	4.754840e-05 ***
0.000000e+00	2.724061e-13	0.000000e+00	2.501367e-05 ***
0.000000e+00	1.236900e-08	0.000000e+00	1.432394e+00 ***
0.000000e+00	4.631942e-09	0.000000e+00	4.754840e-05 ***
0.000000e+00	1.600721e-12	0.000000e+00	2.501367e-05 ***
0.000000e+00	-1.353668e-08	0.000000e+00	1.432394e+00 ***
0.000000e+00	-4.562478e-09	0.000000e+00	4.754840e-05 ***
0.000000e+00	1.016511e-11	0.000000e+00	2.501367e-05 ***
0.000000e+00	1.484468e-08	0.000000e+00	1.432394e+00 ***
0.000000e+00	4.524554e-09	0.000000e+00	4.754840e-05 ***
0.000000e+00	2.868831e-11	0.000000e+00	2.501367e-05 ***
0.000000e+00	-1.645917e-08	0.000000e+00	1.432394e+00 ***
0.000000e+00	-4.468763e-09	0.000000e+00	4.754840e-05 ***
0.000000e+00	7.216349e-12	0.000000e+00	2.501367e-05 ***
0.000000e+00	1.852450e-08	0.000000e+00	1.432394e+00 ***
0.000000e+00	4.433732e-09	0.000000e+00	4.754840e-05 ***
0.000000e+00	2.342683e-12	0.000000e+00	2.501367e-05 ***
0.000000e+00	-2.090933e-08	0.000000e+00	1.432394e+00 ***
0.000000e+00	-4.398391e-09	0.000000e+00	4.754840e-05 ***
0.000000e+00	1.071215e-11	0.000000e+00	2.501367e-05 ***
0.000000e+00	2.403574e-08	0.000000e+00	1.432394e+00 ***
0.000000e+00	4.371568e-09	0.000000e+00	4.754840e-05 ***
0.000000e+00	7.217373e-13	0.000000e+00	2.501367e-05 ***
0.000000e+00	-2.797046e-08	0.000000e+00	1.432394e+00 ***
0.000000e+00	-4.351268e-09	0.000000e+00	4.754840e-05 ***
0.000000e+00	3.603886e-12	0.000000e+00	2.501367e-05 ***
0.000000e+00	3.332822e-08	0.000000e+00	1.432394e+00 ***
0.000000e+00	4.338028e-09	0.000000e+00	4.754840e-05 ***
0.000000e+00	8.709657e-11	0.000000e+00	2.501367e-05 ***
0.000000e+00	-4.099579e-08	0.000000e+00	1.432394e+00 ***
0.000000e+00	-4.327579e-09	0.000000e+00	4.754840e-05 ***
0.000000e+00	1.756092e-10	0.000000e+00	2.501367e-05 ***
0.000000e+00	5.250640e-08	0.000000e+00	1.432394e+00 ***
0.000000e+00	4.328709e-09	0.000000e+00	4.754840e-05 ***
0.000000e+00	3.016532e-12	0.000000e+00	2.501367e-05 ***
0.000000e+00	-7.170827e-08	0.000000e+00	1.432394e+00 ***
0.000000e+00	-4.331839e-09	0.000000e+00	4.754840e-05 ***
0.000000e+00	2.639128e-11	0.000000e+00	2.501367e-05 ***
0.000000e+00	1.118763e-07	0.000000e+00	1.432394e+00 ***
0.000000e+00	4.343610e-09	0.000000e+00	4.754840e-05 ***
0.000000e+00	3.955416e-12	0.000000e+00	2.501367e-05 ***
0.000000e+00	-2.439830e-07	0.000000e+00	1.432394e+00 ***
0.000000e+00	1.488467e-09	0.000000e+00	4.754840e-05 ***
0.000000e+00	1.169105e-11	0.000000e+00	2.501367e-05 ***
0.000000e+00	-1.979372e-07	0.000000e+00	1.432394e+00 ***
0.000000e+00	1.012420e-08	0.000000e+00	4.754840e-05 ***
0.000000e+00	1.253491e-12	0.000000e+00	2.501367e-05 ***
0.000000e+00	8.954060e-08	0.000000e+00	1.432394e+00 ***
0.000000e+00	-1.424737e-10	0.000000e+00	4.754840e-05 ***
0.000000e+00	1.130955e-12	0.000000e+00	2.501367e-05 ***
0.000000e+00	1.912207e-07	0.000000e+00	1.432394e+00 ***
0.000000e+00	4.466426e-09	0.000000e+00	4.754840e-05 ***
0.000000e+00	2.681979e-12	0.000000e+00	2.501367e-05 ***
0.000000e+00	2.262224e-07	0.000000e+00	1.432394e+00 ***
0.000000e+00	-4.518072e-09	0.000000e+00	4.754840e-05 ***
0.000000e+00	4.332880e-11	0.000000e+00	2.501367e-05 ***
0.000000e+00	-1.178859e-07	0.000000e+00	1.432394e+00 ***
0.000000e+00	4.581283e-09	0.000000e+00	4.754840e-05 ***
0.000000e+00	4.244916e-10	0.000000e+00	2.501367e-05 ***
0.000000e+00	8.469505e-08	0.000000e+00	1.432394e+00 ***
0.000000e+00	-4.651103e-09	0.000000e+00	4.754840e-05 ***
0.000000e+00	1.039978e-10	0.000000e+00	2.501367e-05 ***
0.000000e+00	-6.818812e-08	0.000000e+00	1.432394e+00 ***
0.000000e+00	4.741212e-09	0.000000e+00	4.754840e-05 ***
0.000000e+00	6.701180e-13	0.000000e+00	2.501367e-05 ***
0.000000e+00	5.844789e-08	0.000000e+00	1.432394e+00 ***
0.000000e+00	-4.839225e-09	0.000000e+00	4.754840e-05 ***
0.000000e+00	2.067542e-11	0.000000e+00	2.501367e-05 ***
0.000000e+00	-5.220372e-08	0.000000e+00	1.432394e+00 ***
0.000000e+00	4.959027e-09	0.000000e+00	4.754840e-05 ***
0.000000e+00	1.376364e-10	0.000000e+00	2.501367e-05 ***
0.000000e+00	4.793286e-08	0.000000e+00	1.432394e+00 ***
0.000000e+00	-5.094104e-09	0.000000e+00	4.754840e-05 ***
0.000000e+00	3.309513e-11	0.000000e+00	2.501367e-05 ***
0.000000e+00	-4.512599e-08	0.000000e+00	1.432394e+00 ***
0.000000e+00	5.253009e-09	0.000000e+00	4.754840e-05 ***
0.000000e+00	9.448104e-13	0.000000e+00	2.501367e-05 ***
0.000000e+00	4.320105e-08	0.000000e+00	1.432394e+00 ***
0.000000e+00	-5.437044e-09	0.000000e+00	4.754840e-05 ***
0.000000e+00	2.079676e-11	0.000000e+00	2.501367e-05 ***
0.000000e+00	-4.202257e-08	0.000000e+00	1.432394e+00 ***
0.000000e+00	5.655231e-09	0.000000e+00	4.754840e-05 ***
0.000000e+00	6.258055e-11	0.000000e+00	2.501367e-05 ***
0.000000e+00	4.135804e-08	0.000000e+00	1.432394e+00 ***
0.000000e+00	-5.913899e-09	0.000000e+00	4.754840e-05 ***
0.000000e+00	1.826809e-13	0.000000e+00	2.501367e-05 ***
0.000000e+00	-4.131808e-08	0.000000e+00	1.432394e+00 ***
0.000000e+00	6.225248e-09	0.000000e+00	4.754840e-05 ***
0.000000e+00	5.885611e-12	0.000000e+00	2.501367e-05 ***
0.000000e+00	4.181537e-08	0.000000e+00	1.432394e+00 ***
0.000000e+00	-6.606077e-09	0.000000e+00	4.754840e-05 ***
0.000000e+00	2.229457e-12	0.000000e+00	2.501367e-05 ***
0.000000e+00	-4.291825e-08	0.000000e+00	1.432394e+00 ***
0.000000e+00	7.082722e-09	0.000000e+00	4.754840e-05 ***
0.000000e+00	6.716604e-12	0.000000e+00	2.501367e-05 ***
0.000000e+00	4.474928e-08	0.000000e+00	1.432394e+00 ***
0.000000e+00	-7.698040e-09	0.000000e+00	4.754840e-05 ***
0.000000e+00	2.377240e-13	0.000000e+00	2.501367e-05 ***
0.000000e+00	-4.752430e-08	0.000000e+00	1.432394e+00 ***
0.000000e+00	8.528610e-09	0.000000e+00	4.754840e-05 ***
0.000000e+00	7.738457e-13	0.000000e+00	2.501367e-05 ***
0.000000e+00	5.167999e-08	0.000000e+00	1.432394e+00 ***
0.000000e+00	-9.728460e-09	0.000000e+00	4.754840e-05 ***
0.000000e+00	1.762370e-12	0.000000e+00	2.501367e-05 ***
0.000000e+00	-5.810988e-08	0.000000e+00	1.432394e+00 ***
0.000000e+00	1.167085e-08	0.000000e+00	4.754840e-05 ***
0.000000e+00	3.674513e-12	0.000000e+00	2.501367e-05 ***
0.000000e+00	6.899183e-08	0.000000e+00	1.432394e+00 ***
0.000000e+00	-1.564394e-08	0.000000e+00	4.754840e-05 ***
0.000000e+00	2.308162e-10	0.000000e+00	2.501367e-05 ***
0.000000e+00	-9.187889e-08	0.000000e+00	1.432394e+00 ***
0.000000e+00	3.882300e-08	0.000000e+00	4.754840e-05 ***
0.000000e+00	2.435582e-12	0.000000e+00	2.501367e-05 ***
0.000000e+00	2.273678e-07	0.000000e+00	1.432394e+00 ***
***** Phase 1 path constraints *****
LOWER		G(X)		UPPER		SCALING
***** Phase 1 event constraints *****
LOWER		G(X)		UPPER		SCALING
0.000000e+00	0.000000e+00	0.000000e+00	4.754840e-05
2.132656e-02	2.132656e-02	2.132656e-02	2.501367e-05
0.000000e+00	0.000000e+00	0.000000e+00	1.432394e+00
9.507246e-01	9.507246e-01	9.507246e-01	4.754840e-05
6.112007e-01	6.112007e-01	6.112007e-01	2.501367e-05 ***
0.000000e+00	0.000000e+00	0.000000e+00	1.432394e+00
***** Phase 1 tf >= t0 constraint *****
LOWER		G(X)		UPPER		SCALING
-7.071068e-01	-3.456165e-01	0.000000e+00	7.071068e-01
***** Phase linkage constraints *****
LOWER		G(X)		UPPER		SCALING
***** Scaled Decision Variables ******************************
J	LOWER		X(J)		UPPER		SCALING		DESCRIPTION
1	-1.000000e+00	1.016153e-01	1.000000e+00	1.000000e-01	CONTROL 1 PHASE 1
2	-1.000000e+00	1.005328e-01	1.000000e+00	1.000000e-01	CONTROL 1 PHASE 1
3	-1.000000e+00	9.905620e-02	1.000000e+00	1.000000e-01	CONTROL 1 PHASE 1
4	-1.000000e+00	1.004908e-01	1.000000e+00	1.000000e-01	CONTROL 1 PHASE 1
5	-1.000000e+00	9.979135e-02	1.000000e+00	1.000000e-01	CONTROL 1 PHASE 1
6	-1.000000e+00	1.001670e-01	1.000000e+00	1.000000e-01	CONTROL 1 PHASE 1
7	-1.000000e+00	9.984510e-02	1.000000e+00	1.000000e-01	CONTROL 1 PHASE 1
8	-1.000000e+00	1.001523e-01	1.000000e+00	1.000000e-01	CONTROL 1 PHASE 1
9	-1.000000e+00	9.984686e-02	1.000000e+00	1.000000e-01	CONTROL 1 PHASE 1
10	-1.000000e+00	1.001603e-01	1.000000e+00	1.000000e-01	CONTROL 1 PHASE 1
11	-1.000000e+00	9.978589e-02	1.000000e+00	1.000000e-01	CONTROL 1 PHASE 1
12	-1.000000e+00	1.008566e-01	1.000000e+00	1.000000e-01	CONTROL 1 PHASE 1
13	-1.000000e+00	9.953690e-02	1.000000e+00	1.000000e-01	CONTROL 1 PHASE 1
14	-1.000000e+00	9.473188e-02	1.000000e+00	1.000000e-01	CONTROL 1 PHASE 1
15	-1.000000e+00	1.523226e-01	1.000000e+00	1.000000e-01	CONTROL 1 PHASE 1
16	-1.000000e+00	2.533065e-01	1.000000e+00	1.000000e-01	CONTROL 1 PHASE 1
17	-1.000000e+00	3.326597e-01	1.000000e+00	1.000000e-01	CONTROL 1 PHASE 1
18	-1.000000e+00	3.847849e-01	1.000000e+00	1.000000e-01	CONTROL 1 PHASE 1
19	-1.000000e+00	3.745111e-01	1.000000e+00	1.000000e-01	CONTROL 1 PHASE 1
20	-1.000000e+00	3.178105e-01	1.000000e+00	1.000000e-01	CONTROL 1 PHASE 1
21	-1.000000e+00	1.707722e-01	1.000000e+00	1.000000e-01	CONTROL 1 PHASE 1
22	-1.000000e+00	7.999548e-02	1.000000e+00	1.000000e-01	CONTROL 1 PHASE 1
23	-1.000000e+00	7.699839e-02	1.000000e+00	1.000000e-01	CONTROL 1 PHASE 1
24	-1.000000e+00	7.632566e-02	1.000000e+00	1.000000e-01	CONTROL 1 PHASE 1
25	-1.000000e+00	7.647052e-02	1.000000e+00	1.000000e-01	CONTROL 1 PHASE 1
26	-1.000000e+00	7.724509e-02	1.000000e+00	1.000000e-01	CONTROL 1 PHASE 1
27	-1.000000e+00	7.525243e-02	1.000000e+00	1.000000e-01	CONTROL 1 PHASE 1
28	-1.000000e+00	7.895921e-02	1.000000e+00	1.000000e-01	CONTROL 1 PHASE 1
29	-1.000000e+00	5.413305e-02	1.000000e+00	1.000000e-01	CONTROL 1 PHASE 1
30	-1.000000e+00	8.199815e-03	1.000000e+00	1.000000e-01	CONTROL 1 PHASE 1
31	-1.000000e+00	-2.379291e-03	1.000000e+00	1.000000e-01	CONTROL 1 PHASE 1
32	-1.000000e+00	-5.862438e-03	1.000000e+00	1.000000e-01	CONTROL 1 PHASE 1
33	-1.000000e+00	4.929922e-03	1.000000e+00	1.000000e-01	CONTROL 1 PHASE 1
34	-1.000000e+00	1.640418e-02	1.000000e+00	1.000000e-01	CONTROL 1 PHASE 1
35	-1.000000e+00	3.272442e-02	1.000000e+00	1.000000e-01	CONTROL 1 PHASE 1
36	-1.000000e+00	4.568426e-02	1.000000e+00	1.000000e-01	CONTROL 1 PHASE 1
37	-1.000000e+00	5.900103e-02	1.000000e+00	1.000000e-01	CONTROL 1 PHASE 1
38	-1.000000e+00	6.753299e-02	1.000000e+00	1.000000e-01	CONTROL 1 PHASE 1
39	-1.000000e+00	7.508598e-02	1.000000e+00	1.000000e-01	CONTROL 1 PHASE 1
40	-1.000000e+00	7.832844e-02	1.000000e+00	1.000000e-01	CONTROL 1 PHASE 1
41	-1.000000e+00	8.092794e-02	1.000000e+00	1.000000e-01	CONTROL 1 PHASE 1
42	-1.000000e+00	8.044479e-02	1.000000e+00	1.000000e-01	CONTROL 1 PHASE 1
43	-1.000000e+00	8.009410e-02	1.000000e+00	1.000000e-01	CONTROL 1 PHASE 1
44	-1.000000e+00	7.781233e-02	1.000000e+00	1.000000e-01	CONTROL 1 PHASE 1
45	-1.000000e+00	7.628369e-02	1.000000e+00	1.000000e-01	CONTROL 1 PHASE 1
46	-1.000000e+00	7.364996e-02	1.000000e+00	1.000000e-01	CONTROL 1 PHASE 1
47	-1.000000e+00	7.216292e-02	1.000000e+00	1.000000e-01	CONTROL 1 PHASE 1
48	-1.000000e+00	7.015204e-02	1.000000e+00	1.000000e-01	CONTROL 1 PHASE 1
49	-1.000000e+00	6.956364e-02	1.000000e+00	1.000000e-01	CONTROL 1 PHASE 1
50	-1.000000e+00	6.891524e-02	1.000000e+00	1.000000e-01	CONTROL 1 PHASE 1
51	-1.000000e+00	6.993930e-02	1.000000e+00	1.000000e-01	CONTROL 1 PHASE 1
52	-1.000000e+00	7.132005e-02	1.000000e+00	1.000000e-01	CONTROL 1 PHASE 1
53	-1.000000e+00	7.463028e-02	1.000000e+00	1.000000e-01	CONTROL 1 PHASE 1
54	-1.000000e+00	7.867795e-02	1.000000e+00	1.000000e-01	CONTROL 1 PHASE 1
55	-1.000000e+00	8.490569e-02	1.000000e+00	1.000000e-01	CONTROL 1 PHASE 1
56	-1.000000e+00	9.217583e-02	1.000000e+00	1.000000e-01	CONTROL 1 PHASE 1
57	-1.000000e+00	1.018067e-01	1.000000e+00	1.000000e-01	CONTROL 1 PHASE 1
58	-1.000000e+00	1.125758e-01	1.000000e+00	1.000000e-01	CONTROL 1 PHASE 1
59	-1.000000e+00	1.255997e-01	1.000000e+00	1.000000e-01	CONTROL 1 PHASE 1
60	-1.000000e+00	1.393351e-01	1.000000e+00	1.000000e-01	CONTROL 1 PHASE 1
61	-1.000000e+00	1.545462e-01	1.000000e+00	1.000000e-01	CONTROL 1 PHASE 1
62	-1.000000e+00	1.691533e-01	1.000000e+00	1.000000e-01	CONTROL 1 PHASE 1
63	-1.000000e+00	1.834956e-01	1.000000e+00	1.000000e-01	CONTROL 1 PHASE 1
64	-1.000000e+00	1.950374e-01	1.000000e+00	1.000000e-01	CONTROL 1 PHASE 1
65	-1.000000e+00	2.041109e-01	1.000000e+00	1.000000e-01	CONTROL 1 PHASE 1
66	-1.000000e+00	2.083545e-01	1.000000e+00	1.000000e-01	CONTROL 1 PHASE 1
67	-1.000000e+00	2.088294e-01	1.000000e+00	1.000000e-01	CONTROL 1 PHASE 1
68	-1.000000e+00	2.039910e-01	1.000000e+00	1.000000e-01	CONTROL 1 PHASE 1
69	-1.000000e+00	1.959718e-01	1.000000e+00	1.000000e-01	CONTROL 1 PHASE 1
70	-1.000000e+00	1.838714e-01	1.000000e+00	1.000000e-01	CONTROL 1 PHASE 1
71	-1.000000e+00	1.703966e-01	1.000000e+00	1.000000e-01	CONTROL 1 PHASE 1
72	-1.000000e+00	1.544078e-01	1.000000e+00	1.000000e-01	CONTROL 1 PHASE 1
73	-1.000000e+00	1.386450e-01	1.000000e+00	1.000000e-01	CONTROL 1 PHASE 1
74	-1.000000e+00	1.208778e-01	1.000000e+00	1.000000e-01	CONTROL 1 PHASE 1
75	-1.000000e+00	1.043562e-01	1.000000e+00	1.000000e-01	CONTROL 1 PHASE 1
76	-1.000000e+00	8.425280e-02	1.000000e+00	1.000000e-01	CONTROL 1 PHASE 1
77	-1.000000e+00	7.532319e-02	1.000000e+00	1.000000e-01	CONTROL 1 PHASE 1
78	-1.000000e+00	7.766611e-02	1.000000e+00	1.000000e-01	CONTROL 1 PHASE 1
79	-1.000000e+00	7.432573e-02	1.000000e+00	1.000000e-01	CONTROL 1 PHASE 1
80	-1.000000e+00	6.005469e-02	1.000000e+00	1.000000e-01	CONTROL 1 PHASE 1
81	-1.000000e+00	3.807733e-02	1.000000e+00	1.000000e-01	CONTROL 1 PHASE 1
82	-1.000000e+00	1.904330e-02	1.000000e+00	1.000000e-01	CONTROL 1 PHASE 1
83	-1.000000e+00	-3.074139e-04	1.000000e+00	1.000000e-01	CONTROL 1 PHASE 1
84	-1.000000e+00	-1.699927e-02	1.000000e+00	1.000000e-01	CONTROL 1 PHASE 1
85	-1.000000e+00	-3.297163e-02	1.000000e+00	1.000000e-01	CONTROL 1 PHASE 1
86	-1.000000e+00	-4.625525e-02	1.000000e+00	1.000000e-01	CONTROL 1 PHASE 1
87	-1.000000e+00	-5.854516e-02	1.000000e+00	1.000000e-01	CONTROL 1 PHASE 1
88	-1.000000e+00	-6.835872e-02	1.000000e+00	1.000000e-01	CONTROL 1 PHASE 1
89	-1.000000e+00	-7.732755e-02	1.000000e+00	1.000000e-01	CONTROL 1 PHASE 1
90	-1.000000e+00	-8.417629e-02	1.000000e+00	1.000000e-01	CONTROL 1 PHASE 1
91	-1.000000e+00	-9.047947e-02	1.000000e+00	1.000000e-01	CONTROL 1 PHASE 1
92	-1.000000e+00	-9.501742e-02	1.000000e+00	1.000000e-01	CONTROL 1 PHASE 1
93	-1.000000e+00	-9.934419e-02	1.000000e+00	1.000000e-01	CONTROL 1 PHASE 1
94	-1.000000e+00	-1.021673e-01	1.000000e+00	1.000000e-01	CONTROL 1 PHASE 1
95	-1.000000e+00	-1.050760e-01	1.000000e+00	1.000000e-01	CONTROL 1 PHASE 1
96	-1.000000e+00	-1.066118e-01	1.000000e+00	1.000000e-01	CONTROL 1 PHASE 1
97	-1.000000e+00	-1.085310e-01	1.000000e+00	1.000000e-01	CONTROL 1 PHASE 1
98	-1.000000e+00	-1.090239e-01	1.000000e+00	1.000000e-01	CONTROL 1 PHASE 1
99	-1.000000e+00	-1.103068e-01	1.000000e+00	1.000000e-01	CONTROL 1 PHASE 1
100	-1.000000e+00	-1.092746e-01	1.000000e+00	1.000000e-01	CONTROL 1 PHASE 1
101	0.000000e+00	0.000000e+00	1.000000e+00	4.754840e-05	STATE 1 PHASE 1
102	1.184831e-07	2.132656e-02	1.000000e+00	2.501367e-05	STATE 2 PHASE 1
103	-1.000000e+00	0.000000e+00	1.000000e+00	1.432394e+00	STATE 3 PHASE 1
104	0.000000e+00	1.392063e-08	1.000000e+00	4.754840e-05	STATE 1 PHASE 1
105	1.184831e-07	2.159791e-02	1.000000e+00	2.501367e-05	STATE 2 PHASE 1
106	-1.000000e+00	8.062597e-05	1.000000e+00	1.432394e+00	STATE 3 PHASE 1
107	0.000000e+00	4.572869e-08	1.000000e+00	4.754840e-05	STATE 1 PHASE 1
108	1.184831e-07	2.223990e-02	1.000000e+00	2.501367e-05	STATE 2 PHASE 1
109	-1.000000e+00	-9.247284e-06	1.000000e+00	1.432394e+00	STATE 3 PHASE 1
110	0.000000e+00	0.000000e+00	1.000000e+00	4.754840e-05	STATE 1 PHASE 1
111	1.184831e-07	2.325777e-02	1.000000e+00	2.501367e-05	STATE 2 PHASE 1
112	-1.000000e+00	-4.636079e-05	1.000000e+00	1.432394e+00	STATE 3 PHASE 1
113	0.000000e+00	0.000000e+00	1.000000e+00	4.754840e-05	STATE 1 PHASE 1
114	1.184831e-07	2.466387e-02	1.000000e+00	2.501367e-05	STATE 2 PHASE 1
115	-1.000000e+00	2.192013e-05	1.000000e+00	1.432394e+00	STATE 3 PHASE 1
116	0.000000e+00	0.000000e+00	1.000000e+00	4.754840e-05	STATE 1 PHASE 1
117	1.184831e-07	2.647427e-02	1.000000e+00	2.501367e-05	STATE 2 PHASE 1
118	-1.000000e+00	-1.582157e-05	1.000000e+00	1.432394e+00	STATE 3 PHASE 1
119	0.000000e+00	0.000000e+00	1.000000e+00	4.754840e-05	STATE 1 PHASE 1
120	1.184831e-07	2.871060e-02	1.000000e+00	2.501367e-05	STATE 2 PHASE 1
121	-1.000000e+00	1.358505e-05	1.000000e+00	1.432394e+00	STATE 3 PHASE 1
122	0.000000e+00	0.000000e+00	1.000000e+00	4.754840e-05	STATE 1 PHASE 1
123	1.184831e-07	3.139748e-02	1.000000e+00	2.501367e-05	STATE 2 PHASE 1
124	-1.000000e+00	-1.476027e-05	1.000000e+00	1.432394e+00	STATE 3 PHASE 1
125	0.000000e+00	0.000000e+00	1.000000e+00	4.754840e-05	STATE 1 PHASE 1
126	1.184831e-07	3.456757e-02	1.000000e+00	2.501367e-05	STATE 2 PHASE 1
127	-1.000000e+00	1.894920e-05	1.000000e+00	1.432394e+00	STATE 3 PHASE 1
128	0.000000e+00	0.000000e+00	1.000000e+00	4.754840e-05	STATE 1 PHASE 1
129	1.184831e-07	3.825621e-02	1.000000e+00	2.501367e-05	STATE 2 PHASE 1
130	-1.000000e+00	-2.673828e-05	1.000000e+00	1.432394e+00	STATE 3 PHASE 1
131	0.000000e+00	0.000000e+00	1.000000e+00	4.754840e-05	STATE 1 PHASE 1
132	1.184831e-07	4.251052e-02	1.000000e+00	2.501367e-05	STATE 2 PHASE 1
133	-1.000000e+00	3.327664e-05	1.000000e+00	1.432394e+00	STATE 3 PHASE 1
134	0.000000e+00	0.000000e+00	1.000000e+00	4.754840e-05	STATE 1 PHASE 1
135	1.184831e-07	4.737995e-02	1.000000e+00	2.501367e-05	STATE 2 PHASE 1
136	-1.000000e+00	2.643626e-05	1.000000e+00	1.432394e+00	STATE 3 PHASE 1
137	0.000000e+00	3.007456e-06	1.000000e+00	4.754840e-05	STATE 1 PHASE 1
138	1.184831e-07	5.293044e-02	1.000000e+00	2.501367e-05	STATE 2 PHASE 1
139	-1.000000e+00	8.486083e-04	1.000000e+00	1.432394e+00	STATE 3 PHASE 1
140	0.000000e+00	0.000000e+00	1.000000e+00	4.754840e-05	STATE 1 PHASE 1
141	1.184831e-07	5.923471e-02	1.000000e+00	2.501367e-05	STATE 2 PHASE 1
142	-1.000000e+00	-2.439965e-03	1.000000e+00	1.432394e+00	STATE 3 PHASE 1
143	0.000000e+00	0.000000e+00	1.000000e+00	4.754840e-05	STATE 1 PHASE 1
144	1.184831e-07	6.636146e-02	1.000000e+00	2.501367e-05	STATE 2 PHASE 1
145	-1.000000e+00	9.294893e-03	1.000000e+00	1.432394e+00	STATE 3 PHASE 1
146	0.000000e+00	3.921060e-04	1.000000e+00	4.754840e-05	STATE 1 PHASE 1
147	1.184831e-07	7.428933e-02	1.000000e+00	2.501367e-05	STATE 2 PHASE 1
148	-1.000000e+00	8.467919e-02	1.000000e+00	1.432394e+00	STATE 3 PHASE 1
149	0.000000e+00	1.999017e-03	1.000000e+00	4.754840e-05	STATE 1 PHASE 1
150	1.184831e-07	8.302417e-02	1.000000e+00	2.501367e-05	STATE 2 PHASE 1
151	-1.000000e+00	2.272408e-01	1.000000e+00	1.432394e+00	STATE 3 PHASE 1
152	0.000000e+00	5.759409e-03	1.000000e+00	4.754840e-05	STATE 1 PHASE 1
153	1.184831e-07	9.258327e-02	1.000000e+00	2.501367e-05	STATE 2 PHASE 1
154	-1.000000e+00	4.236020e-01	1.000000e+00	1.432394e+00	STATE 3 PHASE 1
155	0.000000e+00	1.246592e-02	1.000000e+00	4.754840e-05	STATE 1 PHASE 1
156	1.184831e-07	1.030684e-01	1.000000e+00	2.501367e-05	STATE 2 PHASE 1
157	-1.000000e+00	6.403000e-01	1.000000e+00	1.432394e+00	STATE 3 PHASE 1
158	0.000000e+00	2.241570e-02	1.000000e+00	4.754840e-05	STATE 1 PHASE 1
159	1.184831e-07	1.145566e-01	1.000000e+00	2.501367e-05	STATE 2 PHASE 1
160	-1.000000e+00	8.415463e-01	1.000000e+00	1.432394e+00	STATE 3 PHASE 1
161	0.000000e+00	3.529547e-02	1.000000e+00	4.754840e-05	STATE 1 PHASE 1
162	1.184831e-07	1.270733e-01	1.000000e+00	2.501367e-05	STATE 2 PHASE 1
163	-1.000000e+00	9.710574e-01	1.000000e+00	1.432394e+00	STATE 3 PHASE 1
164	0.000000e+00	5.004698e-02	1.000000e+00	4.754840e-05	STATE 1 PHASE 1
165	1.184831e-07	1.403861e-01	1.000000e+00	2.501367e-05	STATE 2 PHASE 1
166	-1.000000e+00	1.000000e+00	1.000000e+00	1.432394e+00	STATE 3 PHASE 1
167	0.000000e+00	6.588135e-02	1.000000e+00	4.754840e-05	STATE 1 PHASE 1
168	1.184831e-07	1.539747e-01	1.000000e+00	2.501367e-05	STATE 2 PHASE 1
169	-1.000000e+00	1.000000e+00	1.000000e+00	1.432394e+00	STATE 3 PHASE 1
170	0.000000e+00	8.266401e-02	1.000000e+00	4.754840e-05	STATE 1 PHASE 1
171	1.184831e-07	1.674755e-01	1.000000e+00	2.501367e-05	STATE 2 PHASE 1
172	-1.000000e+00	1.000000e+00	1.000000e+00	1.432394e+00	STATE 3 PHASE 1
173	0.000000e+00	1.003463e-01	1.000000e+00	4.754840e-05	STATE 1 PHASE 1
174	1.184831e-07	1.806255e-01	1.000000e+00	2.501367e-05	STATE 2 PHASE 1
175	-1.000000e+00	1.000000e+00	1.000000e+00	1.432394e+00	STATE 3 PHASE 1
176	0.000000e+00	1.188636e-01	1.000000e+00	4.754840e-05	STATE 1 PHASE 1
177	1.184831e-07	1.933554e-01	1.000000e+00	2.501367e-05	STATE 2 PHASE 1
178	-1.000000e+00	1.000000e+00	1.000000e+00	1.432394e+00	STATE 3 PHASE 1
179	0.000000e+00	1.381540e-01	1.000000e+00	4.754840e-05	STATE 1 PHASE 1
180	1.184831e-07	2.056778e-01	1.000000e+00	2.501367e-05	STATE 2 PHASE 1
181	-1.000000e+00	1.000000e+00	1.000000e+00	1.432394e+00	STATE 3 PHASE 1
182	0.000000e+00	1.581383e-01	1.000000e+00	4.754840e-05	STATE 1 PHASE 1
183	1.184831e-07	2.176615e-01	1.000000e+00	2.501367e-05	STATE 2 PHASE 1
184	-1.000000e+00	1.000000e+00	1.000000e+00	1.432394e+00	STATE 3 PHASE 1
185	0.000000e+00	1.787574e-01	1.000000e+00	4.754840e-05	STATE 1 PHASE 1
186	1.184831e-07	2.293639e-01	1.000000e+00	2.501367e-05	STATE 2 PHASE 1
187	-1.000000e+00	9.951661e-01	1.000000e+00	1.432394e+00	STATE 3 PHASE 1
188	0.000000e+00	1.995517e-01	1.000000e+00	4.754840e-05	STATE 1 PHASE 1
189	1.184831e-07	2.408595e-01	1.000000e+00	2.501367e-05	STATE 2 PHASE 1
190	-1.000000e+00	9.503241e-01	1.000000e+00	1.432394e+00	STATE 3 PHASE 1
191	0.000000e+00	2.197302e-01	1.000000e+00	4.754840e-05	STATE 1 PHASE 1
192	1.184831e-07	2.521390e-01	1.000000e+00	2.501367e-05	STATE 2 PHASE 1
193	-1.000000e+00	8.762420e-01	1.000000e+00	1.432394e+00	STATE 3 PHASE 1
194	0.000000e+00	2.388423e-01	1.000000e+00	4.754840e-05	STATE 1 PHASE 1
195	1.184831e-07	2.632150e-01	1.000000e+00	2.501367e-05	STATE 2 PHASE 1
196	-1.000000e+00	7.917914e-01	1.000000e+00	1.432394e+00	STATE 3 PHASE 1
197	0.000000e+00	2.566247e-01	1.000000e+00	4.754840e-05	STATE 1 PHASE 1
198	1.184831e-07	2.740913e-01	1.000000e+00	2.501367e-05	STATE 2 PHASE 1
199	-1.000000e+00	7.065277e-01	1.000000e+00	1.432394e+00	STATE 3 PHASE 1
200	0.000000e+00	2.730434e-01	1.000000e+00	4.754840e-05	STATE 1 PHASE 1
201	1.184831e-07	2.847968e-01	1.000000e+00	2.501367e-05	STATE 2 PHASE 1
202	-1.000000e+00	6.290541e-01	1.000000e+00	1.432394e+00	STATE 3 PHASE 1
203	0.000000e+00	2.881817e-01	1.000000e+00	4.754840e-05	STATE 1 PHASE 1
204	1.184831e-07	2.953390e-01	1.000000e+00	2.501367e-05	STATE 2 PHASE 1
205	-1.000000e+00	5.624010e-01	1.000000e+00	1.432394e+00	STATE 3 PHASE 1
206	0.000000e+00	3.022384e-01	1.000000e+00	4.754840e-05	STATE 1 PHASE 1
207	1.184831e-07	3.057486e-01	1.000000e+00	2.501367e-05	STATE 2 PHASE 1
208	-1.000000e+00	5.087228e-01	1.000000e+00	1.432394e+00	STATE 3 PHASE 1
209	0.000000e+00	3.154308e-01	1.000000e+00	4.754840e-05	STATE 1 PHASE 1
210	1.184831e-07	3.160328e-01	1.000000e+00	2.501367e-05	STATE 2 PHASE 1
211	-1.000000e+00	4.666566e-01	1.000000e+00	1.432394e+00	STATE 3 PHASE 1
212	0.000000e+00	3.279882e-01	1.000000e+00	4.754840e-05	STATE 1 PHASE 1
213	1.184831e-07	3.262183e-01	1.000000e+00	2.501367e-05	STATE 2 PHASE 1
214	-1.000000e+00	4.349216e-01	1.000000e+00	1.432394e+00	STATE 3 PHASE 1
215	0.000000e+00	3.400872e-01	1.000000e+00	4.754840e-05	STATE 1 PHASE 1
216	1.184831e-07	3.363088e-01	1.000000e+00	2.501367e-05	STATE 2 PHASE 1
217	-1.000000e+00	4.104422e-01	1.000000e+00	1.432394e+00	STATE 3 PHASE 1
218	0.000000e+00	3.518646e-01	1.000000e+00	4.754840e-05	STATE 1 PHASE 1
219	1.184831e-07	3.463240e-01	1.000000e+00	2.501367e-05	STATE 2 PHASE 1
220	-1.000000e+00	3.911628e-01	1.000000e+00	1.432394e+00	STATE 3 PHASE 1
221	0.000000e+00	3.633850e-01	1.000000e+00	4.754840e-05	STATE 1 PHASE 1
222	1.184831e-07	3.562627e-01	1.000000e+00	2.501367e-05	STATE 2 PHASE 1
223	-1.000000e+00	3.742583e-01	1.000000e+00	1.432394e+00	STATE 3 PHASE 1
224	0.000000e+00	3.746699e-01	1.000000e+00	4.754840e-05	STATE 1 PHASE 1
225	1.184831e-07	3.661374e-01	1.000000e+00	2.501367e-05	STATE 2 PHASE 1
226	-1.000000e+00	3.583164e-01	1.000000e+00	1.432394e+00	STATE 3 PHASE 1
227	0.000000e+00	3.856834e-01	1.000000e+00	4.754840e-05	STATE 1 PHASE 1
228	1.184831e-07	3.759415e-01	1.000000e+00	2.501367e-05	STATE 2 PHASE 1
229	-1.000000e+00	3.414870e-01	1.000000e+00	1.432394e+00	STATE 3 PHASE 1
230	0.000000e+00	3.963647e-01	1.000000e+00	4.754840e-05	STATE 1 PHASE 1
231	1.184831e-07	3.856815e-01	1.000000e+00	2.501367e-05	STATE 2 PHASE 1
232	-1.000000e+00	3.232827e-01	1.000000e+00	1.432394e+00	STATE 3 PHASE 1
233	0.000000e+00	4.066200e-01	1.000000e+00	4.754840e-05	STATE 1 PHASE 1
234	1.184831e-07	3.953460e-01	1.000000e+00	2.501367e-05	STATE 2 PHASE 1
235	-1.000000e+00	3.027680e-01	1.000000e+00	1.432394e+00	STATE 3 PHASE 1
236	0.000000e+00	4.163512e-01	1.000000e+00	4.754840e-05	STATE 1 PHASE 1
237	1.184831e-07	4.049369e-01	1.000000e+00	2.501367e-05	STATE 2 PHASE 1
238	-1.000000e+00	2.801796e-01	1.000000e+00	1.432394e+00	STATE 3 PHASE 1
239	0.000000e+00	4.254486e-01	1.000000e+00	4.754840e-05	STATE 1 PHASE 1
240	1.184831e-07	4.144394e-01	1.000000e+00	2.501367e-05	STATE 2 PHASE 1
241	-1.000000e+00	2.552396e-01	1.000000e+00	1.432394e+00	STATE 3 PHASE 1
242	0.000000e+00	4.338154e-01	1.000000e+00	4.754840e-05	STATE 1 PHASE 1
243	1.184831e-07	4.238524e-01	1.000000e+00	2.501367e-05	STATE 2 PHASE 1
244	-1.000000e+00	2.286771e-01	1.000000e+00	1.432394e+00	STATE 3 PHASE 1
245	0.000000e+00	4.413609e-01	1.000000e+00	4.754840e-05	STATE 1 PHASE 1
246	1.184831e-07	4.331589e-01	1.000000e+00	2.501367e-05	STATE 2 PHASE 1
247	-1.000000e+00	2.006793e-01	1.000000e+00	1.432394e+00	STATE 3 PHASE 1
248	0.000000e+00	4.480218e-01	1.000000e+00	4.754840e-05	STATE 1 PHASE 1
249	1.184831e-07	4.423563e-01	1.000000e+00	2.501367e-05	STATE 2 PHASE 1
250	-1.000000e+00	1.723188e-01	1.000000e+00	1.432394e+00	STATE 3 PHASE 1
251	0.000000e+00	4.537570e-01	1.000000e+00	4.754840e-05	STATE 1 PHASE 1
252	1.184831e-07	4.514261e-01	1.000000e+00	2.501367e-05	STATE 2 PHASE 1
253	-1.000000e+00	1.441305e-01	1.000000e+00	1.432394e+00	STATE 3 PHASE 1
254	0.000000e+00	4.585654e-01	1.000000e+00	4.754840e-05	STATE 1 PHASE 1
255	1.184831e-07	4.603644e-01	1.000000e+00	2.501367e-05	STATE 2 PHASE 1
256	-1.000000e+00	1.174284e-01	1.000000e+00	1.432394e+00	STATE 3 PHASE 1
257	0.000000e+00	4.624826e-01	1.000000e+00	4.754840e-05	STATE 1 PHASE 1
258	1.184831e-07	4.691517e-01	1.000000e+00	2.501367e-05	STATE 2 PHASE 1
259	-1.000000e+00	9.300129e-02	1.000000e+00	1.432394e+00	STATE 3 PHASE 1
260	0.000000e+00	4.655953e-01	1.000000e+00	4.754840e-05	STATE 1 PHASE 1
261	1.184831e-07	4.777829e-01	1.000000e+00	2.501367e-05	STATE 2 PHASE 1
262	-1.000000e+00	7.230687e-02	1.000000e+00	1.432394e+00	STATE 3 PHASE 1
263	0.000000e+00	4.680383e-01	1.000000e+00	4.754840e-05	STATE 1 PHASE 1
264	1.184831e-07	4.862359e-01	1.000000e+00	2.501367e-05	STATE 2 PHASE 1
265	-1.000000e+00	5.629081e-02	1.000000e+00	1.432394e+00	STATE 3 PHASE 1
266	0.000000e+00	4.700042e-01	1.000000e+00	4.754840e-05	STATE 1 PHASE 1
267	1.184831e-07	4.945038e-01	1.000000e+00	2.501367e-05	STATE 2 PHASE 1
268	-1.000000e+00	4.644714e-02	1.000000e+00	1.432394e+00	STATE 3 PHASE 1
269	0.000000e+00	4.717391e-01	1.000000e+00	4.754840e-05	STATE 1 PHASE 1
270	1.184831e-07	5.025612e-01	1.000000e+00	2.501367e-05	STATE 2 PHASE 1
271	-1.000000e+00	4.376799e-02	1.000000e+00	1.432394e+00	STATE 3 PHASE 1
272	0.000000e+00	4.735468e-01	1.000000e+00	4.754840e-05	STATE 1 PHASE 1
273	1.184831e-07	5.103983e-01	1.000000e+00	2.501367e-05	STATE 2 PHASE 1
274	-1.000000e+00	4.964829e-02	1.000000e+00	1.432394e+00	STATE 3 PHASE 1
275	0.000000e+00	4.757781e-01	1.000000e+00	4.754840e-05	STATE 1 PHASE 1
276	1.184831e-07	5.179859e-01	1.000000e+00	2.501367e-05	STATE 2 PHASE 1
277	-1.000000e+00	6.493740e-02	1.000000e+00	1.432394e+00	STATE 3 PHASE 1
278	0.000000e+00	4.788260e-01	1.000000e+00	4.754840e-05	STATE 1 PHASE 1
279	1.184831e-07	5.253129e-01	1.000000e+00	2.501367e-05	STATE 2 PHASE 1
280	-1.000000e+00	9.067336e-02	1.000000e+00	1.432394e+00	STATE 3 PHASE 1
281	0.000000e+00	4.831026e-01	1.000000e+00	4.754840e-05	STATE 1 PHASE 1
282	1.184831e-07	5.323494e-01	1.000000e+00	2.501367e-05	STATE 2 PHASE 1
283	-1.000000e+00	1.271938e-01	1.000000e+00	1.432394e+00	STATE 3 PHASE 1
284	0.000000e+00	4.890197e-01	1.000000e+00	4.754840e-05	STATE 1 PHASE 1
285	1.184831e-07	5.390865e-01	1.000000e+00	2.501367e-05	STATE 2 PHASE 1
286	-1.000000e+00	1.747440e-01	1.000000e+00	1.432394e+00	STATE 3 PHASE 1
287	0.000000e+00	4.969509e-01	1.000000e+00	4.754840e-05	STATE 1 PHASE 1
288	1.184831e-07	5.454985e-01	1.000000e+00	2.501367e-05	STATE 2 PHASE 1
289	-1.000000e+00	2.326332e-01	1.000000e+00	1.432394e+00	STATE 3 PHASE 1
290	0.000000e+00	5.071990e-01	1.000000e+00	4.754840e-05	STATE 1 PHASE 1
291	1.184831e-07	5.515824e-01	1.000000e+00	2.501367e-05	STATE 2 PHASE 1
292	-1.000000e+00	2.998365e-01	1.000000e+00	1.432394e+00	STATE 3 PHASE 1
293	0.000000e+00	5.199541e-01	1.000000e+00	4.754840e-05	STATE 1 PHASE 1
294	1.184831e-07	5.573185e-01	1.000000e+00	2.501367e-05	STATE 2 PHASE 1
295	-1.000000e+00	3.743126e-01	1.000000e+00	1.432394e+00	STATE 3 PHASE 1
296	0.000000e+00	5.352710e-01	1.000000e+00	4.754840e-05	STATE 1 PHASE 1
297	1.184831e-07	5.627058e-01	1.000000e+00	2.501367e-05	STATE 2 PHASE 1
298	-1.000000e+00	4.537873e-01	1.000000e+00	1.432394e+00	STATE 3 PHASE 1
299	0.000000e+00	5.530509e-01	1.000000e+00	4.754840e-05	STATE 1 PHASE 1
300	1.184831e-07	5.677247e-01	1.000000e+00	2.501367e-05	STATE 2 PHASE 1
301	-1.000000e+00	5.352725e-01	1.000000e+00	1.432394e+00	STATE 3 PHASE 1
302	0.000000e+00	5.730549e-01	1.000000e+00	4.754840e-05	STATE 1 PHASE 1
303	1.184831e-07	5.723684e-01	1.000000e+00	2.501367e-05	STATE 2 PHASE 1
304	-1.000000e+00	6.160398e-01	1.000000e+00	1.432394e+00	STATE 3 PHASE 1
305	0.000000e+00	5.949247e-01	1.000000e+00	4.754840e-05	STATE 1 PHASE 1
306	1.184831e-07	5.766150e-01	1.000000e+00	2.501367e-05	STATE 2 PHASE 1
307	-1.000000e+00	6.932046e-01	1.000000e+00	1.432394e+00	STATE 3 PHASE 1
308	0.000000e+00	6.182276e-01	1.000000e+00	4.754840e-05	STATE 1 PHASE 1
309	1.184831e-07	5.804562e-01	1.000000e+00	2.501367e-05	STATE 2 PHASE 1
310	-1.000000e+00	7.646472e-01	1.000000e+00	1.432394e+00	STATE 3 PHASE 1
311	0.000000e+00	6.424927e-01	1.000000e+00	4.754840e-05	STATE 1 PHASE 1
312	1.184831e-07	5.838802e-01	1.000000e+00	2.501367e-05	STATE 2 PHASE 1
313	-1.000000e+00	8.284203e-01	1.000000e+00	1.432394e+00	STATE 3 PHASE 1
314	0.000000e+00	6.672546e-01	1.000000e+00	4.754840e-05	STATE 1 PHASE 1
315	1.184831e-07	5.868948e-01	1.000000e+00	2.501367e-05	STATE 2 PHASE 1
316	-1.000000e+00	8.834084e-01	1.000000e+00	1.432394e+00	STATE 3 PHASE 1
317	0.000000e+00	6.920741e-01	1.000000e+00	4.754840e-05	STATE 1 PHASE 1
318	1.184831e-07	5.895130e-01	1.000000e+00	2.501367e-05	STATE 2 PHASE 1
319	-1.000000e+00	9.285745e-01	1.000000e+00	1.432394e+00	STATE 3 PHASE 1
320	0.000000e+00	7.165615e-01	1.000000e+00	4.754840e-05	STATE 1 PHASE 1
321	1.184831e-07	5.917676e-01	1.000000e+00	2.501367e-05	STATE 2 PHASE 1
322	-1.000000e+00	9.633619e-01	1.000000e+00	1.432394e+00	STATE 3 PHASE 1
323	0.000000e+00	7.403741e-01	1.000000e+00	4.754840e-05	STATE 1 PHASE 1
324	1.184831e-07	5.936952e-01	1.000000e+00	2.501367e-05	STATE 2 PHASE 1
325	-1.000000e+00	9.871125e-01	1.000000e+00	1.432394e+00	STATE 3 PHASE 1
326	0.000000e+00	7.632267e-01	1.000000e+00	4.754840e-05	STATE 1 PHASE 1
327	1.184831e-07	5.953474e-01	1.000000e+00	2.501367e-05	STATE 2 PHASE 1
328	-1.000000e+00	9.990363e-01	1.000000e+00	1.432394e+00	STATE 3 PHASE 1
329	0.000000e+00	7.848742e-01	1.000000e+00	4.754840e-05	STATE 1 PHASE 1
330	1.184831e-07	5.967547e-01	1.000000e+00	2.501367e-05	STATE 2 PHASE 1
331	-1.000000e+00	1.000000e+00	1.000000e+00	1.432394e+00	STATE 3 PHASE 1
332	0.000000e+00	8.052251e-01	1.000000e+00	4.754840e-05	STATE 1 PHASE 1
333	1.184831e-07	5.978659e-01	1.000000e+00	2.501367e-05	STATE 2 PHASE 1
334	-1.000000e+00	1.000000e+00	1.000000e+00	1.432394e+00	STATE 3 PHASE 1
335	0.000000e+00	8.243158e-01	1.000000e+00	4.754840e-05	STATE 1 PHASE 1
336	1.184831e-07	5.987470e-01	1.000000e+00	2.501367e-05	STATE 2 PHASE 1
337	-1.000000e+00	1.000000e+00	1.000000e+00	1.432394e+00	STATE 3 PHASE 1
338	0.000000e+00	8.421436e-01	1.000000e+00	4.754840e-05	STATE 1 PHASE 1
339	1.184831e-07	5.995310e-01	1.000000e+00	2.501367e-05	STATE 2 PHASE 1
340	-1.000000e+00	9.946115e-01	1.000000e+00	1.432394e+00	STATE 3 PHASE 1
341	0.000000e+00	8.586298e-01	1.000000e+00	4.754840e-05	STATE 1 PHASE 1
342	1.184831e-07	6.003265e-01	1.000000e+00	2.501367e-05	STATE 2 PHASE 1
343	-1.000000e+00	9.765326e-01	1.000000e+00	1.432394e+00	STATE 3 PHASE 1
344	0.000000e+00	8.736677e-01	1.000000e+00	4.754840e-05	STATE 1 PHASE 1
345	1.184831e-07	6.011572e-01	1.000000e+00	2.501367e-05	STATE 2 PHASE 1
346	-1.000000e+00	9.453221e-01	1.000000e+00	1.432394e+00	STATE 3 PHASE 1
347	0.000000e+00	8.871978e-01	1.000000e+00	4.754840e-05	STATE 1 PHASE 1
348	1.184831e-07	6.020168e-01	1.000000e+00	2.501367e-05	STATE 2 PHASE 1
349	-1.000000e+00	9.020941e-01	1.000000e+00	1.432394e+00	STATE 3 PHASE 1
350	0.000000e+00	8.991924e-01	1.000000e+00	4.754840e-05	STATE 1 PHASE 1
351	1.184831e-07	6.029009e-01	1.000000e+00	2.501367e-05	STATE 2 PHASE 1
352	-1.000000e+00	8.483123e-01	1.000000e+00	1.432394e+00	STATE 3 PHASE 1
353	0.000000e+00	9.096630e-01	1.000000e+00	4.754840e-05	STATE 1 PHASE 1
354	1.184831e-07	6.037926e-01	1.000000e+00	2.501367e-05	STATE 2 PHASE 1
355	-1.000000e+00	7.857889e-01	1.000000e+00	1.432394e+00	STATE 3 PHASE 1
356	0.000000e+00	9.186493e-01	1.000000e+00	4.754840e-05	STATE 1 PHASE 1
357	1.184831e-07	6.046785e-01	1.000000e+00	2.501367e-05	STATE 2 PHASE 1
358	-1.000000e+00	7.166318e-01	1.000000e+00	1.432394e+00	STATE 3 PHASE 1
359	0.000000e+00	9.262221e-01	1.000000e+00	4.754840e-05	STATE 1 PHASE 1
360	1.184831e-07	6.055396e-01	1.000000e+00	2.501367e-05	STATE 2 PHASE 1
361	-1.000000e+00	6.429960e-01	1.000000e+00	1.432394e+00	STATE 3 PHASE 1
362	0.000000e+00	9.324745e-01	1.000000e+00	4.754840e-05	STATE 1 PHASE 1
363	1.184831e-07	6.063632e-01	1.000000e+00	2.501367e-05	STATE 2 PHASE 1
364	-1.000000e+00	5.670867e-01	1.000000e+00	1.432394e+00	STATE 3 PHASE 1
365	0.000000e+00	9.375217e-01	1.000000e+00	4.754840e-05	STATE 1 PHASE 1
366	1.184831e-07	6.071348e-01	1.000000e+00	2.501367e-05	STATE 2 PHASE 1
367	-1.000000e+00	4.909277e-01	1.000000e+00	1.432394e+00	STATE 3 PHASE 1
368	0.000000e+00	9.414917e-01	1.000000e+00	4.754840e-05	STATE 1 PHASE 1
369	1.184831e-07	6.078466e-01	1.000000e+00	2.501367e-05	STATE 2 PHASE 1
370	-1.000000e+00	4.164003e-01	1.000000e+00	1.432394e+00	STATE 3 PHASE 1
371	0.000000e+00	9.445236e-01	1.000000e+00	4.754840e-05	STATE 1 PHASE 1
372	1.184831e-07	6.084913e-01	1.000000e+00	2.501367e-05	STATE 2 PHASE 1
373	-1.000000e+00	3.451005e-01	1.000000e+00	1.432394e+00	STATE 3 PHASE 1
374	0.000000e+00	9.467589e-01	1.000000e+00	4.754840e-05	STATE 1 PHASE 1
375	1.184831e-07	6.090661e-01	1.000000e+00	2.501367e-05	STATE 2 PHASE 1
376	-1.000000e+00	2.784004e-01	1.000000e+00	1.432394e+00	STATE 3 PHASE 1
377	0.000000e+00	9.483390e-01	1.000000e+00	4.754840e-05	STATE 1 PHASE 1
378	1.184831e-07	6.095689e-01	1.000000e+00	2.501367e-05	STATE 2 PHASE 1
379	-1.000000e+00	2.173829e-01	1.000000e+00	1.432394e+00	STATE 3 PHASE 1
380	0.000000e+00	9.493980e-01	1.000000e+00	4.754840e-05	STATE 1 PHASE 1
381	1.184831e-07	6.100008e-01	1.000000e+00	2.501367e-05	STATE 2 PHASE 1
382	-1.000000e+00	1.629193e-01	1.000000e+00	1.432394e+00	STATE 3 PHASE 1
383	0.000000e+00	9.500611e-01	1.000000e+00	4.754840e-05	STATE 1 PHASE 1
384	1.184831e-07	6.103627e-01	1.000000e+00	2.501367e-05	STATE 2 PHASE 1
385	-1.000000e+00	1.156550e-01	1.000000e+00	1.432394e+00	STATE 3 PHASE 1
386	0.000000e+00	9.504390e-01	1.000000e+00	4.754840e-05	STATE 1 PHASE 1
387	1.184831e-07	6.106571e-01	1.000000e+00	2.501367e-05	STATE 2 PHASE 1
388	-1.000000e+00	7.607720e-02	1.000000e+00	1.432394e+00	STATE 3 PHASE 1
389	0.000000e+00	9.506272e-01	1.000000e+00	4.754840e-05	STATE 1 PHASE 1
390	1.184831e-07	6.108861e-01	1.000000e+00	2.501367e-05	STATE 2 PHASE 1
391	-1.000000e+00	4.452287e-02	1.000000e+00	1.432394e+00	STATE 3 PHASE 1
392	0.000000e+00	9.507025e-01	1.000000e+00	4.754840e-05	STATE 1 PHASE 1
393	1.184831e-07	6.110519e-01	1.000000e+00	2.501367e-05	STATE 2 PHASE 1
394	-1.000000e+00	2.122735e-02	1.000000e+00	1.432394e+00	STATE 3 PHASE 1
395	0.000000e+00	9.507227e-01	1.000000e+00	4.754840e-05	STATE 1 PHASE 1
396	1.184831e-07	6.111565e-01	1.000000e+00	2.501367e-05	STATE 2 PHASE 1
397	-1.000000e+00	6.342138e-03	1.000000e+00	1.432394e+00	STATE 3 PHASE 1
398	0.000000e+00	9.507246e-01	1.000000e+00	4.754840e-05	STATE 1 PHASE 1
399	1.184831e-07	6.112007e-01	1.000000e+00	2.501367e-05	STATE 2 PHASE 1
400	-1.000000e+00	0.000000e+00	1.000000e+00	1.432394e+00	STATE 3 PHASE 1
401	0.000000e+00	0.000000e+00	0.000000e+00	2.857143e-03	t0 PHASE 1
402	2.857143e-01	4.887756e-01	1.000000e+00	2.857143e-03	tf PHASE 1