
***** Phase 1 differential defect constraints *****
LOWER		G(X)		UPPER		SCALING
0.000000e+00	2.432595e-14	0.000000e+00	3.333333e-06 ***
0.000000e+00	-2.345659e-15	0.000000e+00	1.273240e+00 ***
0.000000e+00	-4.932689e-16	0.000000e+00	6.437728e-01 ***
0.000000e+00	2.643603e-13	0.000000e+00	2.500000e-05 ***
0.000000e+00	6.599822e-13	0.000000e+00	6.437728e-01 ***
0.000000e+00	1.241652e-14	0.000000e+00	3.183099e-01 ***
0.000000e+00	-2.845779e-13	0.000000e+00	3.333333e-06 ***
0.000000e+00	5.212576e-15	0.000000e+00	1.273240e+00 ***
0.000000e+00	-1.135561e-15	0.000000e+00	6.437728e-01 ***
0.000000e+00	3.120046e-14	0.000000e+00	2.500000e-05 ***
0.000000e+00	1.281197e-13	0.000000e+00	6.437728e-01 ***
0.000000e+00	-2.453168e-14	0.000000e+00	3.183099e-01 ***
0.000000e+00	2.210800e-13	0.000000e+00	3.333333e-06 ***
0.000000e+00	-5.994462e-15	0.000000e+00	1.273240e+00 ***
0.000000e+00	2.116694e-15	0.000000e+00	6.437728e-01 ***
0.000000e+00	3.777132e-12	0.000000e+00	2.500000e-05 ***
0.000000e+00	1.304065e-12	0.000000e+00	6.437728e-01 ***
0.000000e+00	-2.614107e-13	0.000000e+00	3.183099e-01 ***
0.000000e+00	-1.484599e-14	0.000000e+00	3.333333e-06 ***
0.000000e+00	-3.581040e-13	0.000000e+00	1.273240e+00 ***
0.000000e+00	4.545126e-14	0.000000e+00	6.437728e-01 ***
0.000000e+00	6.752089e-11	0.000000e+00	2.500000e-05 ***
0.000000e+00	-6.942739e-12	0.000000e+00	6.437728e-01 ***
0.000000e+00	9.124614e-13	0.000000e+00	3.183099e-01 ***
0.000000e+00	8.116998e-13	0.000000e+00	3.333333e-06 ***
0.000000e+00	1.785307e-13	0.000000e+00	1.273240e+00 ***
0.000000e+00	9.273919e-15	0.000000e+00	6.437728e-01 ***
0.000000e+00	3.979917e-11	0.000000e+00	2.500000e-05 ***
0.000000e+00	-2.726483e-12	0.000000e+00	6.437728e-01 ***
0.000000e+00	7.548494e-12	0.000000e+00	3.183099e-01 ***
0.000000e+00	1.191511e-11	0.000000e+00	3.333333e-06 ***
0.000000e+00	7.310637e-13	0.000000e+00	1.273240e+00 ***
0.000000e+00	3.582895e-13	0.000000e+00	6.437728e-01 ***
0.000000e+00	2.220726e-10	0.000000e+00	2.500000e-05 ***
0.000000e+00	8.747101e-12	0.000000e+00	6.437728e-01 ***
0.000000e+00	-1.838234e-11	0.000000e+00	3.183099e-01 ***
0.000000e+00	8.845569e-12	0.000000e+00	3.333333e-06 ***
0.000000e+00	4.117935e-13	0.000000e+00	1.273240e+00 ***
0.000000e+00	2.708050e-13	0.000000e+00	6.437728e-01 ***
0.000000e+00	1.515629e-09	0.000000e+00	2.500000e-05 ***
0.000000e+00	-1.643760e-10	0.000000e+00	6.437728e-01 ***
0.000000e+00	2.267466e-10	0.000000e+00	3.183099e-01 ***
0.000000e+00	2.546033e-11	0.000000e+00	3.333333e-06 ***
0.000000e+00	1.179345e-12	0.000000e+00	1.273240e+00 ***
0.000000e+00	6.683975e-13	0.000000e+00	6.437728e-01 ***
0.000000e+00	9.400217e-12	0.000000e+00	2.500000e-05 ***
0.000000e+00	-1.402833e-12	0.000000e+00	6.437728e-01 ***
0.000000e+00	2.100407e-12	0.000000e+00	3.183099e-01 ***
0.000000e+00	2.045017e-11	0.000000e+00	3.333333e-06 ***
0.000000e+00	8.428735e-13	0.000000e+00	1.273240e+00 ***
0.000000e+00	5.562704e-13	0.000000e+00	6.437728e-01 ***
0.000000e+00	4.282284e-11	0.000000e+00	2.500000e-05 ***
0.000000e+00	-1.934693e-11	0.000000e+00	6.437728e-01 ***
0.000000e+00	2.533155e-11	0.000000e+00	3.183099e-01 ***
0.000000e+00	3.654795e-12	0.000000e+00	3.333333e-06 ***
0.000000e+00	2.567194e-13	0.000000e+00	1.273240e+00 ***
0.000000e+00	1.074654e-13	0.000000e+00	6.437728e-01 ***
0.000000e+00	3.865036e-10	0.000000e+00	2.500000e-05 ***
0.000000e+00	-1.000349e-10	0.000000e+00	6.437728e-01 ***
0.000000e+00	1.390366e-10	0.000000e+00	3.183099e-01 ***
0.000000e+00	-1.988647e-12	0.000000e+00	3.333333e-06 ***
0.000000e+00	9.565076e-14	0.000000e+00	1.273240e+00 ***
0.000000e+00	-5.129482e-14	0.000000e+00	6.437728e-01 ***
0.000000e+00	5.954143e-12	0.000000e+00	2.500000e-05 ***
0.000000e+00	1.796725e-11	0.000000e+00	6.437728e-01 ***
0.000000e+00	-1.866904e-11	0.000000e+00	3.183099e-01 ***
0.000000e+00	1.703711e-14	0.000000e+00	3.333333e-06 ***
0.000000e+00	5.864148e-14	0.000000e+00	1.273240e+00 ***
0.000000e+00	-9.109196e-15	0.000000e+00	6.437728e-01 ***
0.000000e+00	1.023031e-11	0.000000e+00	2.500000e-05 ***
0.000000e+00	-1.029468e-11	0.000000e+00	6.437728e-01 ***
0.000000e+00	8.998013e-12	0.000000e+00	3.183099e-01 ***
0.000000e+00	1.836207e-12	0.000000e+00	3.333333e-06 ***
0.000000e+00	6.385405e-14	0.000000e+00	1.273240e+00 ***
0.000000e+00	2.790412e-14	0.000000e+00	6.437728e-01 ***
0.000000e+00	3.134006e-12	0.000000e+00	2.500000e-05 ***
0.000000e+00	-3.947914e-12	0.000000e+00	6.437728e-01 ***
0.000000e+00	2.688614e-12	0.000000e+00	3.183099e-01 ***
0.000000e+00	3.762205e-12	0.000000e+00	3.333333e-06 ***
0.000000e+00	6.463594e-14	0.000000e+00	1.273240e+00 ***
0.000000e+00	6.923318e-14	0.000000e+00	6.437728e-01 ***
0.000000e+00	1.914935e-12	0.000000e+00	2.500000e-05 ***
0.000000e+00	-2.294405e-12	0.000000e+00	6.437728e-01 ***
0.000000e+00	4.216485e-13	0.000000e+00	3.183099e-01 ***
0.000000e+00	4.416412e-12	0.000000e+00	3.333333e-06 ***
0.000000e+00	3.857306e-14	0.000000e+00	1.273240e+00 ***
0.000000e+00	8.331702e-14	0.000000e+00	6.437728e-01 ***
0.000000e+00	7.346625e-13	0.000000e+00	2.500000e-05 ***
0.000000e+00	-1.247120e-13	0.000000e+00	6.437728e-01 ***
0.000000e+00	4.000815e-13	0.000000e+00	3.183099e-01 ***
0.000000e+00	2.529273e-12	0.000000e+00	3.333333e-06 ***
0.000000e+00	2.137156e-14	0.000000e+00	1.273240e+00 ***
0.000000e+00	5.238199e-14	0.000000e+00	6.437728e-01 ***
0.000000e+00	3.053537e-12	0.000000e+00	2.500000e-05 ***
0.000000e+00	-1.548069e-12	0.000000e+00	6.437728e-01 ***
0.000000e+00	2.138459e-12	0.000000e+00	3.183099e-01 ***
0.000000e+00	1.891164e-12	0.000000e+00	3.333333e-06 ***
0.000000e+00	7.818864e-15	0.000000e+00	1.273240e+00 ***
0.000000e+00	4.421172e-14	0.000000e+00	6.437728e-01 ***
0.000000e+00	6.253927e-13	0.000000e+00	2.500000e-05 ***
0.000000e+00	5.089467e-12	0.000000e+00	6.437728e-01 ***
0.000000e+00	-3.852778e-12	0.000000e+00	3.183099e-01 ***
0.000000e+00	6.418921e-12	0.000000e+00	3.333333e-06 ***
0.000000e+00	2.095455e-13	0.000000e+00	1.273240e+00 ***
0.000000e+00	1.210057e-13	0.000000e+00	6.437728e-01 ***
0.000000e+00	4.322432e-10	0.000000e+00	2.500000e-05 ***
0.000000e+00	-1.244157e-10	0.000000e+00	6.437728e-01 ***
0.000000e+00	1.066850e-10	0.000000e+00	3.183099e-01 ***
0.000000e+00	3.946125e-12	0.000000e+00	3.333333e-06 ***
0.000000e+00	5.371559e-13	0.000000e+00	1.273240e+00 ***
0.000000e+00	1.480533e-13	0.000000e+00	6.437728e-01 ***
0.000000e+00	1.106140e-10	0.000000e+00	2.500000e-05 ***
0.000000e+00	-3.988571e-11	0.000000e+00	6.437728e-01 ***
0.000000e+00	3.519225e-11	0.000000e+00	3.183099e-01 ***
0.000000e+00	1.021756e-11	0.000000e+00	3.333333e-06 ***
0.000000e+00	-7.870989e-14	0.000000e+00	1.273240e+00 ***
0.000000e+00	1.378734e-13	0.000000e+00	6.437728e-01 ***
0.000000e+00	1.133074e-10	0.000000e+00	2.500000e-05 ***
0.000000e+00	-7.071255e-11	0.000000e+00	6.437728e-01 ***
0.000000e+00	5.860877e-11	0.000000e+00	3.183099e-01 ***
0.000000e+00	6.371566e-12	0.000000e+00	3.333333e-06 ***
0.000000e+00	9.643265e-14	0.000000e+00	1.273240e+00 ***
0.000000e+00	9.428759e-14	0.000000e+00	6.437728e-01 ***
0.000000e+00	3.015032e-13	0.000000e+00	2.500000e-05 ***
0.000000e+00	8.195344e-12	0.000000e+00	6.437728e-01 ***
0.000000e+00	-5.438378e-12	0.000000e+00	3.183099e-01 ***
0.000000e+00	6.586162e-12	0.000000e+00	3.333333e-06 ***
0.000000e+00	6.098714e-14	0.000000e+00	1.273240e+00 ***
0.000000e+00	9.471587e-14	0.000000e+00	6.437728e-01 ***
0.000000e+00	2.838121e-13	0.000000e+00	2.500000e-05 ***
0.000000e+00	4.370025e-13	0.000000e+00	6.437728e-01 ***
0.000000e+00	-2.479883e-13	0.000000e+00	3.183099e-01 ***
0.000000e+00	5.678410e-12	0.000000e+00	3.333333e-06 ***
0.000000e+00	2.371722e-14	0.000000e+00	1.273240e+00 ***
0.000000e+00	7.900127e-14	0.000000e+00	6.437728e-01 ***
0.000000e+00	3.410315e-12	0.000000e+00	2.500000e-05 ***
0.000000e+00	-3.130154e-12	0.000000e+00	6.437728e-01 ***
0.000000e+00	2.668252e-12	0.000000e+00	3.183099e-01 ***
0.000000e+00	3.733229e-12	0.000000e+00	3.333333e-06 ***
0.000000e+00	1.146767e-14	0.000000e+00	1.273240e+00 ***
0.000000e+00	5.663185e-14	0.000000e+00	6.437728e-01 ***
0.000000e+00	3.724394e-12	0.000000e+00	2.500000e-05 ***
0.000000e+00	-4.291304e-12	0.000000e+00	6.437728e-01 ***
0.000000e+00	3.366868e-12	0.000000e+00	3.183099e-01 ***
0.000000e+00	1.814477e-12	0.000000e+00	3.333333e-06 ***
0.000000e+00	-1.316175e-14	0.000000e+00	1.273240e+00 ***
0.000000e+00	2.714639e-14	0.000000e+00	6.437728e-01 ***
0.000000e+00	4.002463e-12	0.000000e+00	2.500000e-05 ***
0.000000e+00	-4.786116e-12	0.000000e+00	6.437728e-01 ***
0.000000e+00	2.155791e-12	0.000000e+00	3.183099e-01 ***
0.000000e+00	1.127401e-12	0.000000e+00	3.333333e-06 ***
0.000000e+00	-2.045936e-14	0.000000e+00	1.273240e+00 ***
0.000000e+00	1.502276e-14	0.000000e+00	6.437728e-01 ***
0.000000e+00	7.111232e-13	0.000000e+00	2.500000e-05 ***
0.000000e+00	2.263825e-11	0.000000e+00	6.437728e-01 ***
0.000000e+00	-1.309337e-11	0.000000e+00	3.183099e-01 ***
0.000000e+00	1.258957e-12	0.000000e+00	3.333333e-06 ***
0.000000e+00	-1.068578e-14	0.000000e+00	1.273240e+00 ***
0.000000e+00	1.396853e-14	0.000000e+00	6.437728e-01 ***
0.000000e+00	1.358852e-11	0.000000e+00	2.500000e-05 ***
0.000000e+00	-2.322188e-11	0.000000e+00	6.437728e-01 ***
0.000000e+00	1.164688e-11	0.000000e+00	3.183099e-01 ***
0.000000e+00	4.474365e-13	0.000000e+00	3.333333e-06 ***
0.000000e+00	7.323669e-14	0.000000e+00	1.273240e+00 ***
0.000000e+00	1.278252e-14	0.000000e+00	6.437728e-01 ***
0.000000e+00	1.193914e-11	0.000000e+00	2.500000e-05 ***
0.000000e+00	-1.841310e-11	0.000000e+00	6.437728e-01 ***
0.000000e+00	1.158365e-11	0.000000e+00	3.183099e-01 ***
0.000000e+00	4.174852e-12	0.000000e+00	3.333333e-06 ***
0.000000e+00	1.348754e-13	0.000000e+00	1.273240e+00 ***
0.000000e+00	6.859076e-14	0.000000e+00	6.437728e-01 ***
0.000000e+00	3.292245e-11	0.000000e+00	2.500000e-05 ***
0.000000e+00	-2.246393e-11	0.000000e+00	6.437728e-01 ***
0.000000e+00	1.429034e-11	0.000000e+00	3.183099e-01 ***
0.000000e+00	4.495829e-13	0.000000e+00	3.333333e-06 ***
0.000000e+00	-1.695390e-13	0.000000e+00	1.273240e+00 ***
0.000000e+00	-4.338810e-14	0.000000e+00	6.437728e-01 ***
0.000000e+00	2.014649e-10	0.000000e+00	2.500000e-05 ***
0.000000e+00	-1.718003e-11	0.000000e+00	6.437728e-01 ***
0.000000e+00	3.072843e-11	0.000000e+00	3.183099e-01 ***
0.000000e+00	7.029772e-11	0.000000e+00	3.333333e-06 ***
0.000000e+00	-6.850628e-13	0.000000e+00	1.273240e+00 ***
0.000000e+00	6.311865e-13	0.000000e+00	6.437728e-01 ***
0.000000e+00	1.571499e-10	0.000000e+00	2.500000e-05 ***
0.000000e+00	7.927392e-11	0.000000e+00	6.437728e-01 ***
0.000000e+00	-2.979518e-11	0.000000e+00	3.183099e-01 ***
0.000000e+00	-4.593586e-11	0.000000e+00	3.333333e-06 ***
0.000000e+00	1.452615e-12	0.000000e+00	1.273240e+00 ***
0.000000e+00	-8.028611e-14	0.000000e+00	6.437728e-01 ***
0.000000e+00	7.338044e-10	0.000000e+00	2.500000e-05 ***
0.000000e+00	-5.545085e-10	0.000000e+00	6.437728e-01 ***
0.000000e+00	2.842451e-10	0.000000e+00	3.183099e-01 ***
0.000000e+00	7.353241e-11	0.000000e+00	3.333333e-06 ***
0.000000e+00	-5.861541e-13	0.000000e+00	1.273240e+00 ***
0.000000e+00	5.256648e-13	0.000000e+00	6.437728e-01 ***
0.000000e+00	6.132244e-11	0.000000e+00	2.500000e-05 ***
0.000000e+00	-5.356462e-11	0.000000e+00	6.437728e-01 ***
0.000000e+00	2.229595e-11	0.000000e+00	3.183099e-01 ***
0.000000e+00	2.276440e-11	0.000000e+00	3.333333e-06 ***
0.000000e+00	-3.135364e-13	0.000000e+00	1.273240e+00 ***
0.000000e+00	1.035780e-13	0.000000e+00	6.437728e-01 ***
0.000000e+00	4.156170e-11	0.000000e+00	2.500000e-05 ***
0.000000e+00	-6.115136e-11	0.000000e+00	6.437728e-01 ***
0.000000e+00	2.700551e-11	0.000000e+00	3.183099e-01 ***
0.000000e+00	4.547701e-12	0.000000e+00	3.333333e-06 ***
0.000000e+00	2.853885e-14	0.000000e+00	1.273240e+00 ***
0.000000e+00	3.274698e-14	0.000000e+00	6.437728e-01 ***
0.000000e+00	7.717458e-11	0.000000e+00	2.500000e-05 ***
0.000000e+00	1.852468e-10	0.000000e+00	6.437728e-01 ***
0.000000e+00	-7.812172e-11	0.000000e+00	3.183099e-01 ***
0.000000e+00	-2.606324e-11	0.000000e+00	3.333333e-06 ***
0.000000e+00	1.482196e-12	0.000000e+00	1.273240e+00 ***
0.000000e+00	2.578907e-13	0.000000e+00	6.437728e-01 ***
0.000000e+00	3.757542e-10	0.000000e+00	2.500000e-05 ***
0.000000e+00	-4.306026e-10	0.000000e+00	6.437728e-01 ***
0.000000e+00	1.746375e-10	0.000000e+00	3.183099e-01 ***
0.000000e+00	3.271876e-11	0.000000e+00	3.333333e-06 ***
0.000000e+00	6.359342e-14	0.000000e+00	1.273240e+00 ***
0.000000e+00	3.313573e-13	0.000000e+00	6.437728e-01 ***
0.000000e+00	7.182735e-10	0.000000e+00	2.500000e-05 ***
0.000000e+00	-4.392524e-10	0.000000e+00	6.437728e-01 ***
0.000000e+00	1.671597e-10	0.000000e+00	3.183099e-01 ***
0.000000e+00	-1.218444e-12	0.000000e+00	3.333333e-06 ***
0.000000e+00	2.452517e-13	0.000000e+00	1.273240e+00 ***
0.000000e+00	7.099572e-14	0.000000e+00	6.437728e-01 ***
0.000000e+00	2.247482e-10	0.000000e+00	2.500000e-05 ***
0.000000e+00	-5.713747e-11	0.000000e+00	6.437728e-01 ***
0.000000e+00	1.888089e-11	0.000000e+00	3.183099e-01 ***
0.000000e+00	6.872892e-12	0.000000e+00	3.333333e-06 ***
0.000000e+00	-6.124776e-14	0.000000e+00	1.273240e+00 ***
0.000000e+00	5.080065e-14	0.000000e+00	6.437728e-01 ***
0.000000e+00	1.021447e-11	0.000000e+00	2.500000e-05 ***
0.000000e+00	-1.126369e-11	0.000000e+00	6.437728e-01 ***
0.000000e+00	4.313081e-12	0.000000e+00	3.183099e-01 ***
0.000000e+00	-2.914464e-12	0.000000e+00	3.333333e-06 ***
0.000000e+00	6.202965e-14	0.000000e+00	1.273240e+00 ***
0.000000e+00	6.292428e-15	0.000000e+00	6.437728e-01 ***
0.000000e+00	3.062068e-12	0.000000e+00	2.500000e-05 ***
0.000000e+00	-7.043163e-12	0.000000e+00	6.437728e-01 ***
0.000000e+00	2.086757e-12	0.000000e+00	3.183099e-01 ***
0.000000e+00	-3.057736e-13	0.000000e+00	3.333333e-06 ***
0.000000e+00	-1.042515e-15	0.000000e+00	1.273240e+00 ***
0.000000e+00	5.402923e-15	0.000000e+00	6.437728e-01 ***
0.000000e+00	5.272868e-12	0.000000e+00	2.500000e-05 ***
0.000000e+00	-1.656926e-12	0.000000e+00	6.437728e-01 ***
0.000000e+00	9.259163e-13	0.000000e+00	3.183099e-01 ***
0.000000e+00	-4.478390e-13	0.000000e+00	3.333333e-06 ***
0.000000e+00	1.563773e-15	0.000000e+00	1.273240e+00 ***
0.000000e+00	1.278252e-14	0.000000e+00	6.437728e-01 ***
0.000000e+00	6.439642e-13	0.000000e+00	2.500000e-05 ***
0.000000e+00	1.992127e-12	0.000000e+00	6.437728e-01 ***
0.000000e+00	-6.964653e-13	0.000000e+00	3.183099e-01 ***
0.000000e+00	1.417434e-12	0.000000e+00	3.333333e-06 ***
0.000000e+00	-2.906011e-14	0.000000e+00	1.273240e+00 ***
0.000000e+00	4.315749e-15	0.000000e+00	6.437728e-01 ***
0.000000e+00	2.145904e-11	0.000000e+00	2.500000e-05 ***
0.000000e+00	-1.804894e-11	0.000000e+00	6.437728e-01 ***
0.000000e+00	7.400424e-12	0.000000e+00	3.183099e-01 ***
0.000000e+00	2.156822e-11	0.000000e+00	3.333333e-06 ***
0.000000e+00	-1.400228e-13	0.000000e+00	1.273240e+00 ***
0.000000e+00	7.534441e-14	0.000000e+00	6.437728e-01 ***
0.000000e+00	2.471073e-11	0.000000e+00	2.500000e-05 ***
0.000000e+00	4.856753e-11	0.000000e+00	6.437728e-01 ***
0.000000e+00	-1.182105e-11	0.000000e+00	3.183099e-01 ***
0.000000e+00	1.189640e-11	0.000000e+00	3.333333e-06 ***
0.000000e+00	-6.646034e-14	0.000000e+00	1.273240e+00 ***
0.000000e+00	3.887469e-14	0.000000e+00	6.437728e-01 ***
0.000000e+00	2.973655e-11	0.000000e+00	2.500000e-05 ***
0.000000e+00	-9.712160e-11	0.000000e+00	6.437728e-01 ***
0.000000e+00	2.670500e-11	0.000000e+00	3.183099e-01 ***
0.000000e+00	-4.515773e-12	0.000000e+00	3.333333e-06 ***
0.000000e+00	3.036325e-13	0.000000e+00	1.273240e+00 ***
0.000000e+00	1.500299e-13	0.000000e+00	6.437728e-01 ***
0.000000e+00	3.472053e-11	0.000000e+00	2.500000e-05 ***
0.000000e+00	-1.231012e-10	0.000000e+00	6.437728e-01 ***
0.000000e+00	3.413638e-11	0.000000e+00	3.183099e-01 ***
0.000000e+00	1.991911e-12	0.000000e+00	3.333333e-06 ***
0.000000e+00	1.170223e-13	0.000000e+00	1.273240e+00 ***
0.000000e+00	1.234436e-13	0.000000e+00	6.437728e-01 ***
0.000000e+00	5.029523e-11	0.000000e+00	2.500000e-05 ***
0.000000e+00	-4.559435e-11	0.000000e+00	6.437728e-01 ***
0.000000e+00	5.803942e-12	0.000000e+00	3.183099e-01 ***
0.000000e+00	5.892157e-12	0.000000e+00	3.333333e-06 ***
0.000000e+00	-2.117609e-14	0.000000e+00	1.273240e+00 ***
0.000000e+00	3.050675e-14	0.000000e+00	6.437728e-01 ***
0.000000e+00	2.096474e-11	0.000000e+00	2.500000e-05 ***
0.000000e+00	-4.123341e-11	0.000000e+00	6.437728e-01 ***
0.000000e+00	4.988891e-12	0.000000e+00	3.183099e-01 ***
0.000000e+00	2.717799e-12	0.000000e+00	3.333333e-06 ***
0.000000e+00	-9.969051e-15	0.000000e+00	1.273240e+00 ***
0.000000e+00	2.497204e-14	0.000000e+00	6.437728e-01 ***
0.000000e+00	4.561476e-11	0.000000e+00	2.500000e-05 ***
0.000000e+00	-3.672288e-11	0.000000e+00	6.437728e-01 ***
0.000000e+00	1.478358e-11	0.000000e+00	3.183099e-01 ***
0.000000e+00	6.742850e-12	0.000000e+00	3.333333e-06 ***
0.000000e+00	-7.616876e-14	0.000000e+00	1.273240e+00 ***
0.000000e+00	3.208809e-14	0.000000e+00	6.437728e-01 ***
0.000000e+00	9.228798e-12	0.000000e+00	2.500000e-05 ***
0.000000e+00	-2.892042e-11	0.000000e+00	6.437728e-01 ***
0.000000e+00	2.936765e-12	0.000000e+00	3.183099e-01 ***
0.000000e+00	-4.785326e-12	0.000000e+00	3.333333e-06 ***
0.000000e+00	7.284575e-14	0.000000e+00	1.273240e+00 ***
0.000000e+00	3.683212e-14	0.000000e+00	6.437728e-01 ***
0.000000e+00	1.898103e-12	0.000000e+00	2.500000e-05 ***
0.000000e+00	-3.513670e-13	0.000000e+00	6.437728e-01 ***
0.000000e+00	-9.708422e-15	0.000000e+00	3.183099e-01 ***
0.000000e+00	-7.154692e-14	0.000000e+00	3.333333e-06 ***
0.000000e+00	-6.417984e-15	0.000000e+00	1.273240e+00 ***
0.000000e+00	2.279770e-14	0.000000e+00	6.437728e-01 ***
0.000000e+00	3.811927e-12	0.000000e+00	2.500000e-05 ***
0.000000e+00	-5.523418e-12	0.000000e+00	6.437728e-01 ***
0.000000e+00	2.652549e-13	0.000000e+00	3.183099e-01 ***
0.000000e+00	2.754556e-14	0.000000e+00	3.333333e-06 ***
0.000000e+00	-7.493078e-15	0.000000e+00	1.273240e+00 ***
0.000000e+00	1.867962e-14	0.000000e+00	6.437728e-01 ***
0.000000e+00	3.924069e-12	0.000000e+00	2.500000e-05 ***
0.000000e+00	2.883781e-12	0.000000e+00	6.437728e-01 ***
0.000000e+00	1.266917e-12	0.000000e+00	3.183099e-01 ***
0.000000e+00	1.125478e-12	0.000000e+00	3.333333e-06 ***
0.000000e+00	-2.267470e-14	0.000000e+00	1.273240e+00 ***
0.000000e+00	3.225281e-14	0.000000e+00	6.437728e-01 ***
0.000000e+00	1.000729e-11	0.000000e+00	2.500000e-05 ***
0.000000e+00	-2.464802e-11	0.000000e+00	6.437728e-01 ***
0.000000e+00	-6.644731e-13	0.000000e+00	3.183099e-01 ***
0.000000e+00	8.451480e-13	0.000000e+00	3.333333e-06 ***
0.000000e+00	-2.984200e-14	0.000000e+00	1.273240e+00 ***
0.000000e+00	3.287876e-14	0.000000e+00	6.437728e-01 ***
0.000000e+00	4.976815e-12	0.000000e+00	2.500000e-05 ***
0.000000e+00	-1.376609e-11	0.000000e+00	6.437728e-01 ***
0.000000e+00	6.628311e-12	0.000000e+00	3.183099e-01 ***
0.000000e+00	2.304929e-12	0.000000e+00	3.333333e-06 ***
0.000000e+00	-2.140414e-14	0.000000e+00	1.273240e+00 ***
0.000000e+00	9.323336e-15	0.000000e+00	6.437728e-01 ***
0.000000e+00	4.551055e-13	0.000000e+00	2.500000e-05 ***
0.000000e+00	3.298764e-12	0.000000e+00	6.437728e-01 ***
0.000000e+00	7.968074e-13	0.000000e+00	3.183099e-01 ***
0.000000e+00	-3.537101e-13	0.000000e+00	3.333333e-06 ***
0.000000e+00	-1.628930e-16	0.000000e+00	1.273240e+00 ***
0.000000e+00	1.956912e-14	0.000000e+00	6.437728e-01 ***
0.000000e+00	9.086179e-13	0.000000e+00	2.500000e-05 ***
0.000000e+00	-3.395309e-12	0.000000e+00	6.437728e-01 ***
0.000000e+00	2.092198e-12	0.000000e+00	3.183099e-01 ***
0.000000e+00	4.361858e-12	0.000000e+00	3.333333e-06 ***
0.000000e+00	-4.479557e-14	0.000000e+00	1.273240e+00 ***
0.000000e+00	7.247823e-15	0.000000e+00	6.437728e-01 ***
0.000000e+00	9.427424e-13	0.000000e+00	2.500000e-05 ***
0.000000e+00	-2.104488e-12	0.000000e+00	6.437728e-01 ***
0.000000e+00	2.190780e-12	0.000000e+00	3.183099e-01 ***
0.000000e+00	-5.410199e-12	0.000000e+00	3.333333e-06 ***
0.000000e+00	8.480209e-14	0.000000e+00	1.273240e+00 ***
0.000000e+00	1.390264e-14	0.000000e+00	6.437728e-01 ***
0.000000e+00	2.051077e-12	0.000000e+00	2.500000e-05 ***
0.000000e+00	-5.319540e-12	0.000000e+00	6.437728e-01 ***
0.000000e+00	-4.989738e-13	0.000000e+00	3.183099e-01 ***
0.000000e+00	3.217286e-12	0.000000e+00	3.333333e-06 ***
0.000000e+00	-3.516860e-14	0.000000e+00	1.273240e+00 ***
0.000000e+00	1.380381e-14	0.000000e+00	6.437728e-01 ***
0.000000e+00	6.315972e-13	0.000000e+00	2.500000e-05 ***
0.000000e+00	3.504141e-12	0.000000e+00	6.437728e-01 ***
0.000000e+00	-5.427985e-12	0.000000e+00	3.183099e-01 ***
0.000000e+00	4.783806e-13	0.000000e+00	3.333333e-06 ***
0.000000e+00	-3.990878e-16	0.000000e+00	1.273240e+00 ***
0.000000e+00	1.713122e-15	0.000000e+00	6.437728e-01 ***
0.000000e+00	2.585121e-12	0.000000e+00	2.500000e-05 ***
0.000000e+00	4.508001e-11	0.000000e+00	6.437728e-01 ***
0.000000e+00	2.805096e-11	0.000000e+00	3.183099e-01 ***
0.000000e+00	1.860220e-14	0.000000e+00	3.333333e-06 ***
0.000000e+00	9.464083e-15	0.000000e+00	1.273240e+00 ***
0.000000e+00	1.176124e-14	0.000000e+00	6.437728e-01 ***
0.000000e+00	6.129000e-14	0.000000e+00	2.500000e-05 ***
0.000000e+00	3.523381e-11	0.000000e+00	6.437728e-01 ***
0.000000e+00	-6.338557e-12	0.000000e+00	3.183099e-01 ***
0.000000e+00	1.113449e-14	0.000000e+00	3.333333e-06 ***
0.000000e+00	2.717055e-14	0.000000e+00	1.273240e+00 ***
0.000000e+00	2.213880e-14	0.000000e+00	6.437728e-01 ***
0.000000e+00	1.339409e-14	0.000000e+00	2.500000e-05 ***
0.000000e+00	1.038102e-11	0.000000e+00	6.437728e-01 ***
0.000000e+00	-2.366672e-12	0.000000e+00	3.183099e-01 ***
0.000000e+00	1.070521e-13	0.000000e+00	3.333333e-06 ***
0.000000e+00	6.529973e-14	0.000000e+00	1.273240e+00 ***
0.000000e+00	3.150332e-14	0.000000e+00	6.437728e-01 ***
0.000000e+00	2.641087e-14	0.000000e+00	2.500000e-05 ***
0.000000e+00	7.820434e-12	0.000000e+00	6.437728e-01 ***
0.000000e+00	-2.349422e-12	0.000000e+00	3.183099e-01 ***
0.000000e+00	1.285161e-13	0.000000e+00	3.333333e-06 ***
0.000000e+00	3.920427e-14	0.000000e+00	1.273240e+00 ***
0.000000e+00	4.872514e-14	0.000000e+00	6.437728e-01 ***
0.000000e+00	5.778951e-14	0.000000e+00	2.500000e-05 ***
0.000000e+00	1.127033e-11	0.000000e+00	6.437728e-01 ***
0.000000e+00	-1.650171e-12	0.000000e+00	3.183099e-01 ***
0.000000e+00	1.989899e-13	0.000000e+00	3.333333e-06 ***
0.000000e+00	9.100831e-14	0.000000e+00	1.273240e+00 ***
0.000000e+00	1.013377e-13	0.000000e+00	6.437728e-01 ***
0.000000e+00	6.057732e-14	0.000000e+00	2.500000e-05 ***
0.000000e+00	1.003945e-10	0.000000e+00	6.437728e-01 ***
0.000000e+00	-7.271543e-12	0.000000e+00	3.183099e-01 ***
0.000000e+00	1.080358e-13	0.000000e+00	3.333333e-06 ***
0.000000e+00	9.421323e-14	0.000000e+00	1.273240e+00 ***
0.000000e+00	1.664034e-13	0.000000e+00	6.437728e-01 ***
0.000000e+00	2.705228e-13	0.000000e+00	2.500000e-05 ***
0.000000e+00	7.890903e-12	0.000000e+00	6.437728e-01 ***
0.000000e+00	5.861737e-12	0.000000e+00	3.183099e-01 ***
0.000000e+00	4.149721e-14	0.000000e+00	3.333333e-06 ***
0.000000e+00	1.122903e-13	0.000000e+00	1.273240e+00 ***
0.000000e+00	1.688743e-13	0.000000e+00	6.437728e-01 ***
0.000000e+00	7.881340e-15	0.000000e+00	2.500000e-05 ***
0.000000e+00	7.141741e-12	0.000000e+00	6.437728e-01 ***
0.000000e+00	7.106370e-13	0.000000e+00	3.183099e-01 ***
0.000000e+00	1.091090e-14	0.000000e+00	3.333333e-06 ***
0.000000e+00	1.104007e-13	0.000000e+00	1.273240e+00 ***
0.000000e+00	1.933686e-13	0.000000e+00	6.437728e-01 ***
0.000000e+00	5.122871e-14	0.000000e+00	2.500000e-05 ***
0.000000e+00	9.573353e-12	0.000000e+00	6.437728e-01 ***
0.000000e+00	2.531715e-12	0.000000e+00	3.183099e-01 ***
0.000000e+00	-1.359391e-14	0.000000e+00	3.333333e-06 ***
0.000000e+00	9.964979e-14	0.000000e+00	1.273240e+00 ***
0.000000e+00	2.215528e-13	0.000000e+00	6.437728e-01 ***
0.000000e+00	9.600143e-15	0.000000e+00	2.500000e-05 ***
0.000000e+00	1.023261e-11	0.000000e+00	6.437728e-01 ***
0.000000e+00	-1.420916e-12	0.000000e+00	3.183099e-01 ***
0.000000e+00	1.998842e-14	0.000000e+00	3.333333e-06 ***
0.000000e+00	1.135782e-13	0.000000e+00	1.273240e+00 ***
0.000000e+00	2.005588e-13	0.000000e+00	6.437728e-01 ***
0.000000e+00	9.860059e-14	0.000000e+00	2.500000e-05 ***
0.000000e+00	2.323710e-13	0.000000e+00	6.437728e-01 ***
0.000000e+00	1.069498e-12	0.000000e+00	3.183099e-01 ***
0.000000e+00	-4.426965e-14	0.000000e+00	3.333333e-06 ***
0.000000e+00	8.753157e-14	0.000000e+00	1.273240e+00 ***
0.000000e+00	2.289983e-13	0.000000e+00	6.437728e-01 ***
0.000000e+00	1.150759e-14	0.000000e+00	2.500000e-05 ***
0.000000e+00	1.520437e-12	0.000000e+00	6.437728e-01 ***
0.000000e+00	6.402428e-13	0.000000e+00	3.183099e-01 ***
0.000000e+00	-2.548859e-14	0.000000e+00	3.333333e-06 ***
0.000000e+00	1.046109e-13	0.000000e+00	1.273240e+00 ***
0.000000e+00	2.280840e-13	0.000000e+00	6.437728e-01 ***
0.000000e+00	8.261573e-13	0.000000e+00	2.500000e-05 ***
0.000000e+00	7.198704e-11	0.000000e+00	6.437728e-01 ***
0.000000e+00	9.603342e-12	0.000000e+00	3.183099e-01 ***
0.000000e+00	0.000000e+00	0.000000e+00	3.333333e-06
0.000000e+00	0.000000e+00	0.000000e+00	1.273240e+00
0.000000e+00	0.000000e+00	0.000000e+00	6.437728e-01
0.000000e+00	0.000000e+00	0.000000e+00	2.500000e-05
0.000000e+00	0.000000e+00	0.000000e+00	6.437728e-01
0.000000e+00	0.000000e+00	0.000000e+00	3.183099e-01
***** Phase 1 path constraints *****
LOWER		G(X)		UPPER		SCALING
***** Phase 1 event constraints *****
LOWER		G(X)		UPPER		SCALING
8.666667e-01	8.666667e-01	8.666667e-01	3.333333e-06
-8.368367e-01	-8.368367e-01	-8.368367e-01	1.273240e+00
0.000000e+00	-1.629767e-18	0.000000e+00	6.437728e-01 ***
6.400000e-01	6.400000e-01	6.400000e-01	2.500000e-05 ***
-1.123596e-02	-1.123596e-02	-1.123596e-02	6.437728e-01 ***
5.000000e-01	5.000000e-01	5.000000e-01	3.183099e-01
2.666667e-01	2.666667e-01	2.666667e-01	3.333333e-06
6.250000e-02	6.250000e-02	6.250000e-02	2.500000e-05
-5.617978e-02	-5.617978e-02	-5.617978e-02	6.437728e-01
***** Phase 1 tf >= t0 constraint *****
LOWER		G(X)		UPPER		SCALING
-7.071068e-01	-3.550709e-01	0.000000e+00	7.071068e-01
***** Phase linkage constraints *****
LOWER		G(X)		UPPER		SCALING
***** Scaled Decision Variables ******************************
J	LOWER		X(J)		UPPER		SCALING		DESCRIPTION
1	-1.000000e+00	1.956719e-01	1.000000e+00	6.437728e-01	CONTROL 1 PHASE 1
2	-1.000000e+00	-8.259791e-01	1.111111e-02	6.366198e-01	CONTROL 2 PHASE 1
3	-1.000000e+00	1.960180e-01	1.000000e+00	6.437728e-01	CONTROL 1 PHASE 1
4	-1.000000e+00	-8.188768e-01	1.111111e-02	6.366198e-01	CONTROL 2 PHASE 1
5	-1.000000e+00	1.962154e-01	1.000000e+00	6.437728e-01	CONTROL 1 PHASE 1
6	-1.000000e+00	-8.112787e-01	1.111111e-02	6.366198e-01	CONTROL 2 PHASE 1
7	-1.000000e+00	1.962428e-01	1.000000e+00	6.437728e-01	CONTROL 1 PHASE 1
8	-1.000000e+00	-8.041720e-01	1.111111e-02	6.366198e-01	CONTROL 2 PHASE 1
9	-1.000000e+00	1.960676e-01	1.000000e+00	6.437728e-01	CONTROL 1 PHASE 1
10	-1.000000e+00	-7.979642e-01	1.111111e-02	6.366198e-01	CONTROL 2 PHASE 1
11	-1.000000e+00	1.957054e-01	1.000000e+00	6.437728e-01	CONTROL 1 PHASE 1
12	-1.000000e+00	-7.925631e-01	1.111111e-02	6.366198e-01	CONTROL 2 PHASE 1
13	-1.000000e+00	1.952839e-01	1.000000e+00	6.437728e-01	CONTROL 1 PHASE 1
14	-1.000000e+00	-7.868594e-01	1.111111e-02	6.366198e-01	CONTROL 2 PHASE 1
15	-1.000000e+00	1.949961e-01	1.000000e+00	6.437728e-01	CONTROL 1 PHASE 1
16	-1.000000e+00	-7.790872e-01	1.111111e-02	6.366198e-01	CONTROL 2 PHASE 1
17	-1.000000e+00	1.949456e-01	1.000000e+00	6.437728e-01	CONTROL 1 PHASE 1
18	-1.000000e+00	-7.740218e-01	1.111111e-02	6.366198e-01	CONTROL 2 PHASE 1
19	-1.000000e+00	1.949071e-01	1.000000e+00	6.437728e-01	CONTROL 1 PHASE 1
20	-1.000000e+00	-7.684168e-01	1.111111e-02	6.366198e-01	CONTROL 2 PHASE 1
21	-1.000000e+00	1.950061e-01	1.000000e+00	6.437728e-01	CONTROL 1 PHASE 1
22	-1.000000e+00	-7.551256e-01	1.111111e-02	6.366198e-01	CONTROL 2 PHASE 1
23	-1.000000e+00	1.952634e-01	1.000000e+00	6.437728e-01	CONTROL 1 PHASE 1
24	-1.000000e+00	-7.398141e-01	1.111111e-02	6.366198e-01	CONTROL 2 PHASE 1
25	-1.000000e+00	1.956092e-01	1.000000e+00	6.437728e-01	CONTROL 1 PHASE 1
26	-1.000000e+00	-7.233039e-01	1.111111e-02	6.366198e-01	CONTROL 2 PHASE 1
27	-1.000000e+00	1.959881e-01	1.000000e+00	6.437728e-01	CONTROL 1 PHASE 1
28	-1.000000e+00	-7.062326e-01	1.111111e-02	6.366198e-01	CONTROL 2 PHASE 1
29	-1.000000e+00	1.963357e-01	1.000000e+00	6.437728e-01	CONTROL 1 PHASE 1
30	-1.000000e+00	-6.892191e-01	1.111111e-02	6.366198e-01	CONTROL 2 PHASE 1
31	-1.000000e+00	1.965463e-01	1.000000e+00	6.437728e-01	CONTROL 1 PHASE 1
32	-1.000000e+00	-6.730310e-01	1.111111e-02	6.366198e-01	CONTROL 2 PHASE 1
33	-1.000000e+00	1.965511e-01	1.000000e+00	6.437728e-01	CONTROL 1 PHASE 1
34	-1.000000e+00	-6.655337e-01	1.111111e-02	6.366198e-01	CONTROL 2 PHASE 1
35	-1.000000e+00	1.965440e-01	1.000000e+00	6.437728e-01	CONTROL 1 PHASE 1
36	-1.000000e+00	-6.583572e-01	1.111111e-02	6.366198e-01	CONTROL 2 PHASE 1
37	-1.000000e+00	1.962436e-01	1.000000e+00	6.437728e-01	CONTROL 1 PHASE 1
38	-1.000000e+00	-6.457436e-01	1.111111e-02	6.366198e-01	CONTROL 2 PHASE 1
39	-1.000000e+00	1.957150e-01	1.000000e+00	6.437728e-01	CONTROL 1 PHASE 1
40	-1.000000e+00	-6.346725e-01	1.111111e-02	6.366198e-01	CONTROL 2 PHASE 1
41	-1.000000e+00	1.952901e-01	1.000000e+00	6.437728e-01	CONTROL 1 PHASE 1
42	-1.000000e+00	-6.231985e-01	1.111111e-02	6.366198e-01	CONTROL 2 PHASE 1
43	-1.000000e+00	1.952100e-01	1.000000e+00	6.437728e-01	CONTROL 1 PHASE 1
44	-1.000000e+00	-6.167416e-01	1.111111e-02	6.366198e-01	CONTROL 2 PHASE 1
45	-1.000000e+00	1.952006e-01	1.000000e+00	6.437728e-01	CONTROL 1 PHASE 1
46	-1.000000e+00	-6.097419e-01	1.111111e-02	6.366198e-01	CONTROL 2 PHASE 1
47	-1.000000e+00	1.952751e-01	1.000000e+00	6.437728e-01	CONTROL 1 PHASE 1
48	-1.000000e+00	-6.021995e-01	1.111111e-02	6.366198e-01	CONTROL 2 PHASE 1
49	-1.000000e+00	1.954132e-01	1.000000e+00	6.437728e-01	CONTROL 1 PHASE 1
50	-1.000000e+00	-5.941917e-01	1.111111e-02	6.366198e-01	CONTROL 2 PHASE 1
51	-1.000000e+00	1.958416e-01	1.000000e+00	6.437728e-01	CONTROL 1 PHASE 1
52	-1.000000e+00	-5.773175e-01	1.111111e-02	6.366198e-01	CONTROL 2 PHASE 1
53	-1.000000e+00	1.962826e-01	1.000000e+00	6.437728e-01	CONTROL 1 PHASE 1
54	-1.000000e+00	-5.602702e-01	1.111111e-02	6.366198e-01	CONTROL 2 PHASE 1
55	-1.000000e+00	1.964772e-01	1.000000e+00	6.437728e-01	CONTROL 1 PHASE 1
56	-1.000000e+00	-5.443550e-01	1.111111e-02	6.366198e-01	CONTROL 2 PHASE 1
57	-1.000000e+00	1.964115e-01	1.000000e+00	6.437728e-01	CONTROL 1 PHASE 1
58	-1.000000e+00	-5.371502e-01	1.111111e-02	6.366198e-01	CONTROL 2 PHASE 1
59	-1.000000e+00	1.962902e-01	1.000000e+00	6.437728e-01	CONTROL 1 PHASE 1
60	-1.000000e+00	-5.302788e-01	1.111111e-02	6.366198e-01	CONTROL 2 PHASE 1
61	-1.000000e+00	1.958093e-01	1.000000e+00	6.437728e-01	CONTROL 1 PHASE 1
62	-1.000000e+00	-5.176875e-01	1.111111e-02	6.366198e-01	CONTROL 2 PHASE 1
63	-1.000000e+00	1.953646e-01	1.000000e+00	6.437728e-01	CONTROL 1 PHASE 1
64	-1.000000e+00	-5.051277e-01	1.111111e-02	6.366198e-01	CONTROL 2 PHASE 1
65	-1.000000e+00	1.953066e-01	1.000000e+00	6.437728e-01	CONTROL 1 PHASE 1
66	-1.000000e+00	-4.910179e-01	1.111111e-02	6.366198e-01	CONTROL 2 PHASE 1
67	-1.000000e+00	1.956360e-01	1.000000e+00	6.437728e-01	CONTROL 1 PHASE 1
68	-1.000000e+00	-4.752551e-01	1.111111e-02	6.366198e-01	CONTROL 2 PHASE 1
69	-1.000000e+00	1.960928e-01	1.000000e+00	6.437728e-01	CONTROL 1 PHASE 1
70	-1.000000e+00	-4.588640e-01	1.111111e-02	6.366198e-01	CONTROL 2 PHASE 1
71	-1.000000e+00	1.963408e-01	1.000000e+00	6.437728e-01	CONTROL 1 PHASE 1
72	-1.000000e+00	-4.431406e-01	1.111111e-02	6.366198e-01	CONTROL 2 PHASE 1
73	-1.000000e+00	1.961711e-01	1.000000e+00	6.437728e-01	CONTROL 1 PHASE 1
74	-1.000000e+00	-4.288746e-01	1.111111e-02	6.366198e-01	CONTROL 2 PHASE 1
75	-1.000000e+00	1.957199e-01	1.000000e+00	6.437728e-01	CONTROL 1 PHASE 1
76	-1.000000e+00	-4.156812e-01	1.111111e-02	6.366198e-01	CONTROL 2 PHASE 1
77	-1.000000e+00	1.954034e-01	1.000000e+00	6.437728e-01	CONTROL 1 PHASE 1
78	-1.000000e+00	-4.022243e-01	1.111111e-02	6.366198e-01	CONTROL 2 PHASE 1
79	-1.000000e+00	1.954893e-01	1.000000e+00	6.437728e-01	CONTROL 1 PHASE 1
80	-1.000000e+00	-3.875787e-01	1.111111e-02	6.366198e-01	CONTROL 2 PHASE 1
81	-1.000000e+00	1.958542e-01	1.000000e+00	6.437728e-01	CONTROL 1 PHASE 1
82	-1.000000e+00	-3.720368e-01	1.111111e-02	6.366198e-01	CONTROL 2 PHASE 1
83	-1.000000e+00	1.961447e-01	1.000000e+00	6.437728e-01	CONTROL 1 PHASE 1
84	-1.000000e+00	-3.566005e-01	1.111111e-02	6.366198e-01	CONTROL 2 PHASE 1
85	-1.000000e+00	1.960872e-01	1.000000e+00	6.437728e-01	CONTROL 1 PHASE 1
86	-1.000000e+00	-3.420546e-01	1.111111e-02	6.366198e-01	CONTROL 2 PHASE 1
87	-1.000000e+00	1.957502e-01	1.000000e+00	6.437728e-01	CONTROL 1 PHASE 1
88	-1.000000e+00	-3.283064e-01	1.111111e-02	6.366198e-01	CONTROL 2 PHASE 1
89	-1.000000e+00	1.954899e-01	1.000000e+00	6.437728e-01	CONTROL 1 PHASE 1
90	-1.000000e+00	-3.145222e-01	1.111111e-02	6.366198e-01	CONTROL 2 PHASE 1
91	-1.000000e+00	1.955469e-01	1.000000e+00	6.437728e-01	CONTROL 1 PHASE 1
92	-1.000000e+00	-3.000777e-01	1.111111e-02	6.366198e-01	CONTROL 2 PHASE 1
93	-1.000000e+00	1.958041e-01	1.000000e+00	6.437728e-01	CONTROL 1 PHASE 1
94	-1.000000e+00	-2.851546e-01	1.111111e-02	6.366198e-01	CONTROL 2 PHASE 1
95	-1.000000e+00	1.959601e-01	1.000000e+00	6.437728e-01	CONTROL 1 PHASE 1
96	-1.000000e+00	-2.703700e-01	1.111111e-02	6.366198e-01	CONTROL 2 PHASE 1
97	-1.000000e+00	1.958567e-01	1.000000e+00	6.437728e-01	CONTROL 1 PHASE 1
98	-1.000000e+00	-2.560959e-01	1.111111e-02	6.366198e-01	CONTROL 2 PHASE 1
99	-1.000000e+00	1.956304e-01	1.000000e+00	6.437728e-01	CONTROL 1 PHASE 1
100	-1.000000e+00	-2.421610e-01	1.111111e-02	6.366198e-01	CONTROL 2 PHASE 1
101	-1.000000e+00	1.955158e-01	1.000000e+00	6.437728e-01	CONTROL 1 PHASE 1
102	-1.000000e+00	-2.281607e-01	1.111111e-02	6.366198e-01	CONTROL 2 PHASE 1
103	-1.000000e+00	1.955584e-01	1.000000e+00	6.437728e-01	CONTROL 1 PHASE 1
104	-1.000000e+00	-2.139338e-01	1.111111e-02	6.366198e-01	CONTROL 2 PHASE 1
105	-1.000000e+00	1.956253e-01	1.000000e+00	6.437728e-01	CONTROL 1 PHASE 1
106	-1.000000e+00	-1.996100e-01	1.111111e-02	6.366198e-01	CONTROL 2 PHASE 1
107	-1.000000e+00	1.956284e-01	1.000000e+00	6.437728e-01	CONTROL 1 PHASE 1
108	-1.000000e+00	-1.853488e-01	1.111111e-02	6.366198e-01	CONTROL 2 PHASE 1
109	-1.000000e+00	1.956041e-01	1.000000e+00	6.437728e-01	CONTROL 1 PHASE 1
110	-1.000000e+00	-1.712280e-01	1.111111e-02	6.366198e-01	CONTROL 2 PHASE 1
111	-1.000000e+00	1.955395e-01	1.000000e+00	6.437728e-01	CONTROL 1 PHASE 1
112	-1.000000e+00	-1.573229e-01	1.111111e-02	6.366198e-01	CONTROL 2 PHASE 1
113	-1.000000e+00	1.952801e-01	1.000000e+00	6.437728e-01	CONTROL 1 PHASE 1
114	-1.000000e+00	-1.436560e-01	1.111111e-02	6.366198e-01	CONTROL 2 PHASE 1
115	-1.000000e+00	1.948194e-01	1.000000e+00	6.437728e-01	CONTROL 1 PHASE 1
116	-1.000000e+00	-1.299624e-01	1.111111e-02	6.366198e-01	CONTROL 2 PHASE 1
117	-1.000000e+00	1.946237e-01	1.000000e+00	6.437728e-01	CONTROL 1 PHASE 1
118	-1.000000e+00	-1.157290e-01	1.111111e-02	6.366198e-01	CONTROL 2 PHASE 1
119	-1.000000e+00	1.952202e-01	1.000000e+00	6.437728e-01	CONTROL 1 PHASE 1
120	-1.000000e+00	-1.008179e-01	1.111111e-02	6.366198e-01	CONTROL 2 PHASE 1
121	-1.000000e+00	1.960105e-01	1.000000e+00	6.437728e-01	CONTROL 1 PHASE 1
122	-1.000000e+00	-8.607305e-02	1.111111e-02	6.366198e-01	CONTROL 2 PHASE 1
123	-1.000000e+00	1.958722e-01	1.000000e+00	6.437728e-01	CONTROL 1 PHASE 1
124	-1.000000e+00	-7.914804e-02	1.111111e-02	6.366198e-01	CONTROL 2 PHASE 1
125	-1.000000e+00	1.947848e-01	1.000000e+00	6.437728e-01	CONTROL 1 PHASE 1
126	-1.000000e+00	-7.188996e-02	1.111111e-02	6.366198e-01	CONTROL 2 PHASE 1
127	-1.000000e+00	1.935026e-01	1.000000e+00	6.437728e-01	CONTROL 1 PHASE 1
128	-1.000000e+00	-6.690115e-02	1.111111e-02	6.366198e-01	CONTROL 2 PHASE 1
129	-1.000000e+00	1.917747e-01	1.000000e+00	6.437728e-01	CONTROL 1 PHASE 1
130	-1.000000e+00	-6.162533e-02	1.111111e-02	6.366198e-01	CONTROL 2 PHASE 1
131	-1.000000e+00	1.896721e-01	1.000000e+00	6.437728e-01	CONTROL 1 PHASE 1
132	-1.000000e+00	-5.591778e-02	1.111111e-02	6.366198e-01	CONTROL 2 PHASE 1
133	-1.000000e+00	1.867535e-01	1.000000e+00	6.437728e-01	CONTROL 1 PHASE 1
134	-1.000000e+00	-4.583612e-02	1.111111e-02	6.366198e-01	CONTROL 2 PHASE 1
135	-1.000000e+00	1.858572e-01	1.000000e+00	6.437728e-01	CONTROL 1 PHASE 1
136	-1.000000e+00	-3.996663e-02	1.111111e-02	6.366198e-01	CONTROL 2 PHASE 1
137	-1.000000e+00	1.854804e-01	1.000000e+00	6.437728e-01	CONTROL 1 PHASE 1
138	-1.000000e+00	-3.347253e-02	1.111111e-02	6.366198e-01	CONTROL 2 PHASE 1
139	-1.000000e+00	1.860273e-01	1.000000e+00	6.437728e-01	CONTROL 1 PHASE 1
140	-1.000000e+00	-2.603586e-02	1.111111e-02	6.366198e-01	CONTROL 2 PHASE 1
141	-1.000000e+00	1.878168e-01	1.000000e+00	6.437728e-01	CONTROL 1 PHASE 1
142	-1.000000e+00	-1.827631e-02	1.111111e-02	6.366198e-01	CONTROL 2 PHASE 1
143	-1.000000e+00	1.898644e-01	1.000000e+00	6.437728e-01	CONTROL 1 PHASE 1
144	-1.000000e+00	-1.386328e-02	1.111111e-02	6.366198e-01	CONTROL 2 PHASE 1
145	-1.000000e+00	1.926223e-01	1.000000e+00	6.437728e-01	CONTROL 1 PHASE 1
146	-1.000000e+00	-9.205101e-03	1.111111e-02	6.366198e-01	CONTROL 2 PHASE 1
147	-1.000000e+00	1.961659e-01	1.000000e+00	6.437728e-01	CONTROL 1 PHASE 1
148	-1.000000e+00	-6.357027e-03	1.111111e-02	6.366198e-01	CONTROL 2 PHASE 1
149	0.000000e+00	8.666667e-01	1.000000e+00	3.333333e-06	STATE 1 PHASE 1
150	-1.000000e+00	-8.368367e-01	1.000000e+00	1.273240e+00	STATE 2 PHASE 1
151	-1.000000e+00	-1.629767e-18	1.000000e+00	6.437728e-01	STATE 3 PHASE 1
152	2.500000e-02	6.400000e-01	1.000000e+00	2.500000e-05	STATE 4 PHASE 1
153	-1.000000e+00	-1.123596e-02	1.000000e+00	6.437728e-01	STATE 5 PHASE 1
154	-1.000000e+00	5.000000e-01	1.000000e+00	3.183099e-01	STATE 6 PHASE 1
155	0.000000e+00	8.162450e-01	1.000000e+00	3.333333e-06	STATE 1 PHASE 1
156	-1.000000e+00	-7.844145e-01	1.000000e+00	1.273240e+00	STATE 2 PHASE 1
157	-1.000000e+00	3.836734e-05	1.000000e+00	6.437728e-01	STATE 3 PHASE 1
158	2.500000e-02	6.393263e-01	1.000000e+00	2.500000e-05	STATE 4 PHASE 1
159	-1.000000e+00	-1.106723e-02	1.000000e+00	6.437728e-01	STATE 5 PHASE 1
160	-1.000000e+00	4.989697e-01	1.000000e+00	3.183099e-01	STATE 6 PHASE 1
161	0.000000e+00	7.675875e-01	1.000000e+00	3.333333e-06	STATE 1 PHASE 1
162	-1.000000e+00	-7.320480e-01	1.000000e+00	1.273240e+00	STATE 2 PHASE 1
163	-1.000000e+00	1.957622e-04	1.000000e+00	6.437728e-01	STATE 3 PHASE 1
164	2.500000e-02	6.376514e-01	1.000000e+00	2.500000e-05	STATE 4 PHASE 1
165	-1.000000e+00	-1.044666e-02	1.000000e+00	6.437728e-01	STATE 5 PHASE 1
166	-1.000000e+00	4.970516e-01	1.000000e+00	3.183099e-01	STATE 6 PHASE 1
167	0.000000e+00	7.234980e-01	1.000000e+00	3.333333e-06	STATE 1 PHASE 1
168	-1.000000e+00	-6.798520e-01	1.000000e+00	1.273240e+00	STATE 2 PHASE 1
169	-1.000000e+00	5.690092e-04	1.000000e+00	6.437728e-01	STATE 3 PHASE 1
170	2.500000e-02	6.342727e-01	1.000000e+00	2.500000e-05	STATE 4 PHASE 1
171	-1.000000e+00	-9.052691e-03	1.000000e+00	6.437728e-01	STATE 5 PHASE 1
172	-1.000000e+00	4.936337e-01	1.000000e+00	3.183099e-01	STATE 6 PHASE 1
173	0.000000e+00	6.882768e-01	1.000000e+00	3.333333e-06	STATE 1 PHASE 1
174	-1.000000e+00	-6.280136e-01	1.000000e+00	1.273240e+00	STATE 2 PHASE 1
175	-1.000000e+00	1.306109e-03	1.000000e+00	6.437728e-01	STATE 3 PHASE 1
176	2.500000e-02	6.284493e-01	1.000000e+00	2.500000e-05	STATE 4 PHASE 1
177	-1.000000e+00	-6.568073e-03	1.000000e+00	6.437728e-01	STATE 5 PHASE 1
178	-1.000000e+00	4.880665e-01	1.000000e+00	3.183099e-01	STATE 6 PHASE 1
179	0.000000e+00	6.667824e-01	1.000000e+00	3.333333e-06	STATE 1 PHASE 1
180	-1.000000e+00	-5.767804e-01	1.000000e+00	1.273240e+00	STATE 2 PHASE 1
181	-1.000000e+00	2.582491e-03	1.000000e+00	6.437728e-01	STATE 3 PHASE 1
182	2.500000e-02	6.200765e-01	1.000000e+00	2.500000e-05	STATE 4 PHASE 1
183	-1.000000e+00	-3.066606e-03	1.000000e+00	6.437728e-01	STATE 5 PHASE 1
184	-1.000000e+00	4.802542e-01	1.000000e+00	3.183099e-01	STATE 6 PHASE 1
185	0.000000e+00	6.616289e-01	1.000000e+00	3.333333e-06	STATE 1 PHASE 1
186	-1.000000e+00	-5.263762e-01	1.000000e+00	1.273240e+00	STATE 2 PHASE 1
187	-1.000000e+00	4.524442e-03	1.000000e+00	6.437728e-01	STATE 3 PHASE 1
188	2.500000e-02	6.103273e-01	1.000000e+00	2.500000e-05	STATE 4 PHASE 1
189	-1.000000e+00	6.319360e-04	1.000000e+00	6.437728e-01	STATE 5 PHASE 1
190	-1.000000e+00	4.712483e-01	1.000000e+00	3.183099e-01	STATE 6 PHASE 1
191	0.000000e+00	6.706647e-01	1.000000e+00	3.333333e-06	STATE 1 PHASE 1
192	-1.000000e+00	-4.768885e-01	1.000000e+00	1.273240e+00	STATE 2 PHASE 1
193	-1.000000e+00	7.135503e-03	1.000000e+00	6.437728e-01	STATE 3 PHASE 1
194	2.500000e-02	6.010377e-01	1.000000e+00	2.500000e-05	STATE 4 PHASE 1
195	-1.000000e+00	3.371652e-03	1.000000e+00	6.437728e-01	STATE 5 PHASE 1
196	-1.000000e+00	4.627358e-01	1.000000e+00	3.183099e-01	STATE 6 PHASE 1
197	0.000000e+00	6.786776e-01	1.000000e+00	3.333333e-06	STATE 1 PHASE 1
198	-1.000000e+00	-4.524700e-01	1.000000e+00	1.273240e+00	STATE 2 PHASE 1
199	-1.000000e+00	8.661447e-03	1.000000e+00	6.437728e-01	STATE 3 PHASE 1
200	2.500000e-02	5.969658e-01	1.000000e+00	2.500000e-05	STATE 4 PHASE 1
201	-1.000000e+00	4.148280e-03	1.000000e+00	6.437728e-01	STATE 5 PHASE 1
202	-1.000000e+00	4.590408e-01	1.000000e+00	3.183099e-01	STATE 6 PHASE 1
203	0.000000e+00	6.878266e-01	1.000000e+00	3.333333e-06	STATE 1 PHASE 1
204	-1.000000e+00	-4.282448e-01	1.000000e+00	1.273240e+00	STATE 2 PHASE 1
205	-1.000000e+00	1.031128e-02	1.000000e+00	6.437728e-01	STATE 3 PHASE 1
206	2.500000e-02	5.933415e-01	1.000000e+00	2.500000e-05	STATE 4 PHASE 1
207	-1.000000e+00	4.504998e-03	1.000000e+00	6.437728e-01	STATE 5 PHASE 1
208	-1.000000e+00	4.557827e-01	1.000000e+00	3.183099e-01	STATE 6 PHASE 1
209	0.000000e+00	7.061937e-01	1.000000e+00	3.333333e-06	STATE 1 PHASE 1
210	-1.000000e+00	-3.802945e-01	1.000000e+00	1.273240e+00	STATE 2 PHASE 1
211	-1.000000e+00	1.391631e-02	1.000000e+00	6.437728e-01	STATE 3 PHASE 1
212	2.500000e-02	5.873164e-01	1.000000e+00	2.500000e-05	STATE 4 PHASE 1
213	-1.000000e+00	4.093656e-03	1.000000e+00	6.437728e-01	STATE 5 PHASE 1
214	-1.000000e+00	4.504597e-01	1.000000e+00	3.183099e-01	STATE 6 PHASE 1
215	0.000000e+00	7.201884e-01	1.000000e+00	3.333333e-06	STATE 1 PHASE 1
216	-1.000000e+00	-3.328938e-01	1.000000e+00	1.273240e+00	STATE 2 PHASE 1
217	-1.000000e+00	1.784084e-02	1.000000e+00	6.437728e-01	STATE 3 PHASE 1
218	2.500000e-02	5.825187e-01	1.000000e+00	2.500000e-05	STATE 4 PHASE 1
219	-1.000000e+00	2.540876e-03	1.000000e+00	6.437728e-01	STATE 5 PHASE 1
220	-1.000000e+00	4.463286e-01	1.000000e+00	3.183099e-01	STATE 6 PHASE 1
221	0.000000e+00	7.261805e-01	1.000000e+00	3.333333e-06	STATE 1 PHASE 1
222	-1.000000e+00	-2.859423e-01	1.000000e+00	1.273240e+00	STATE 2 PHASE 1
223	-1.000000e+00	2.201546e-02	1.000000e+00	6.437728e-01	STATE 3 PHASE 1
224	2.500000e-02	5.784202e-01	1.000000e+00	2.500000e-05	STATE 4 PHASE 1
225	-1.000000e+00	3.091945e-04	1.000000e+00	6.437728e-01	STATE 5 PHASE 1
226	-1.000000e+00	4.428688e-01	1.000000e+00	3.183099e-01	STATE 6 PHASE 1
227	0.000000e+00	7.224363e-01	1.000000e+00	3.333333e-06	STATE 1 PHASE 1
228	-1.000000e+00	-2.393891e-01	1.000000e+00	1.273240e+00	STATE 2 PHASE 1
229	-1.000000e+00	2.640750e-02	1.000000e+00	6.437728e-01	STATE 3 PHASE 1
230	2.500000e-02	5.745246e-01	1.000000e+00	2.500000e-05	STATE 4 PHASE 1
231	-1.000000e+00	-2.154964e-03	1.000000e+00	6.437728e-01	STATE 5 PHASE 1
232	-1.000000e+00	4.396015e-01	1.000000e+00	3.183099e-01	STATE 6 PHASE 1
233	0.000000e+00	7.090922e-01	1.000000e+00	3.333333e-06	STATE 1 PHASE 1
234	-1.000000e+00	-1.932349e-01	1.000000e+00	1.273240e+00	STATE 2 PHASE 1
235	-1.000000e+00	3.101635e-02	1.000000e+00	6.437728e-01	STATE 3 PHASE 1
236	2.500000e-02	5.703193e-01	1.000000e+00	2.500000e-05	STATE 4 PHASE 1
237	-1.000000e+00	-4.373368e-03	1.000000e+00	6.437728e-01	STATE 5 PHASE 1
238	-1.000000e+00	4.360517e-01	1.000000e+00	3.183099e-01	STATE 6 PHASE 1
239	0.000000e+00	6.884160e-01	1.000000e+00	3.333333e-06	STATE 1 PHASE 1
240	-1.000000e+00	-1.475404e-01	1.000000e+00	1.273240e+00	STATE 2 PHASE 1
241	-1.000000e+00	3.587296e-02	1.000000e+00	6.437728e-01	STATE 3 PHASE 1
242	2.500000e-02	5.651996e-01	1.000000e+00	2.500000e-05	STATE 4 PHASE 1
243	-1.000000e+00	-5.763292e-03	1.000000e+00	6.437728e-01	STATE 5 PHASE 1
244	-1.000000e+00	4.316813e-01	1.000000e+00	3.183099e-01	STATE 6 PHASE 1
245	0.000000e+00	6.767208e-01	1.000000e+00	3.333333e-06	STATE 1 PHASE 1
246	-1.000000e+00	-1.249044e-01	1.000000e+00	1.273240e+00	STATE 2 PHASE 1
247	-1.000000e+00	3.841284e-02	1.000000e+00	6.437728e-01	STATE 3 PHASE 1
248	2.500000e-02	5.620842e-01	1.000000e+00	2.500000e-05	STATE 4 PHASE 1
249	-1.000000e+00	-5.938777e-03	1.000000e+00	6.437728e-01	STATE 5 PHASE 1
250	-1.000000e+00	4.290039e-01	1.000000e+00	3.183099e-01	STATE 6 PHASE 1
251	0.000000e+00	6.651765e-01	1.000000e+00	3.333333e-06	STATE 1 PHASE 1
252	-1.000000e+00	-1.024398e-01	1.000000e+00	1.273240e+00	STATE 2 PHASE 1
253	-1.000000e+00	4.104072e-02	1.000000e+00	6.437728e-01	STATE 3 PHASE 1
254	2.500000e-02	5.584984e-01	1.000000e+00	2.500000e-05	STATE 4 PHASE 1
255	-1.000000e+00	-5.670813e-03	1.000000e+00	6.437728e-01	STATE 5 PHASE 1
256	-1.000000e+00	4.259133e-01	1.000000e+00	3.183099e-01	STATE 6 PHASE 1
257	0.000000e+00	6.461762e-01	1.000000e+00	3.333333e-06	STATE 1 PHASE 1
258	-1.000000e+00	-5.813758e-02	1.000000e+00	1.273240e+00	STATE 2 PHASE 1
259	-1.000000e+00	4.660531e-02	1.000000e+00	6.437728e-01	STATE 3 PHASE 1
260	2.500000e-02	5.498404e-01	1.000000e+00	2.500000e-05	STATE 4 PHASE 1
261	-1.000000e+00	-3.764939e-03	1.000000e+00	6.437728e-01	STATE 5 PHASE 1
262	-1.000000e+00	4.184402e-01	1.000000e+00	3.183099e-01	STATE 6 PHASE 1
263	0.000000e+00	6.374093e-01	1.000000e+00	3.333333e-06	STATE 1 PHASE 1
264	-1.000000e+00	-1.484638e-02	1.000000e+00	1.273240e+00	STATE 2 PHASE 1
265	-1.000000e+00	5.263718e-02	1.000000e+00	6.437728e-01	STATE 3 PHASE 1
266	2.500000e-02	5.397442e-01	1.000000e+00	2.500000e-05	STATE 4 PHASE 1
267	-1.000000e+00	-7.280440e-04	1.000000e+00	6.437728e-01	STATE 5 PHASE 1
268	-1.000000e+00	4.097582e-01	1.000000e+00	3.183099e-01	STATE 6 PHASE 1
269	0.000000e+00	6.398171e-01	1.000000e+00	3.333333e-06	STATE 1 PHASE 1
270	-1.000000e+00	2.732638e-02	1.000000e+00	1.273240e+00	STATE 2 PHASE 1
271	-1.000000e+00	5.914330e-02	1.000000e+00	6.437728e-01	STATE 3 PHASE 1
272	2.500000e-02	5.295702e-01	1.000000e+00	2.500000e-05	STATE 4 PHASE 1
273	-1.000000e+00	1.786531e-03	1.000000e+00	6.437728e-01	STATE 5 PHASE 1
274	-1.000000e+00	4.011270e-01	1.000000e+00	3.183099e-01	STATE 6 PHASE 1
275	0.000000e+00	6.437776e-01	1.000000e+00	3.333333e-06	STATE 1 PHASE 1
276	-1.000000e+00	4.800423e-02	1.000000e+00	1.273240e+00	STATE 2 PHASE 1
277	-1.000000e+00	6.255658e-02	1.000000e+00	6.437728e-01	STATE 3 PHASE 1
278	2.500000e-02	5.248377e-01	1.000000e+00	2.500000e-05	STATE 4 PHASE 1
279	-1.000000e+00	2.390330e-03	1.000000e+00	6.437728e-01	STATE 5 PHASE 1
280	-1.000000e+00	3.971852e-01	1.000000e+00	3.183099e-01	STATE 6 PHASE 1
281	0.000000e+00	6.483335e-01	1.000000e+00	3.333333e-06	STATE 1 PHASE 1
282	-1.000000e+00	6.843084e-02	1.000000e+00	1.273240e+00	STATE 2 PHASE 1
283	-1.000000e+00	6.606234e-02	1.000000e+00	6.437728e-01	STATE 3 PHASE 1
284	2.500000e-02	5.204260e-01	1.000000e+00	2.500000e-05	STATE 4 PHASE 1
285	-1.000000e+00	2.468522e-03	1.000000e+00	6.437728e-01	STATE 5 PHASE 1
286	-1.000000e+00	3.935687e-01	1.000000e+00	3.183099e-01	STATE 6 PHASE 1
287	0.000000e+00	6.525348e-01	1.000000e+00	3.333333e-06	STATE 1 PHASE 1
288	-1.000000e+00	8.862506e-02	1.000000e+00	1.273240e+00	STATE 2 PHASE 1
289	-1.000000e+00	6.964989e-02	1.000000e+00	6.437728e-01	STATE 3 PHASE 1
290	2.500000e-02	5.163219e-01	1.000000e+00	2.500000e-05	STATE 4 PHASE 1
291	-1.000000e+00	2.052760e-03	1.000000e+00	6.437728e-01	STATE 5 PHASE 1
292	-1.000000e+00	3.902610e-01	1.000000e+00	3.183099e-01	STATE 6 PHASE 1
293	0.000000e+00	6.555651e-01	1.000000e+00	3.333333e-06	STATE 1 PHASE 1
294	-1.000000e+00	1.086041e-01	1.000000e+00	1.273240e+00	STATE 2 PHASE 1
295	-1.000000e+00	7.331012e-02	1.000000e+00	6.437728e-01	STATE 3 PHASE 1
296	2.500000e-02	5.124705e-01	1.000000e+00	2.500000e-05	STATE 4 PHASE 1
297	-1.000000e+00	1.229864e-03	1.000000e+00	6.437728e-01	STATE 5 PHASE 1
298	-1.000000e+00	3.872064e-01	1.000000e+00	3.183099e-01	STATE 6 PHASE 1
299	0.000000e+00	6.559215e-01	1.000000e+00	3.333333e-06	STATE 1 PHASE 1
300	-1.000000e+00	1.479658e-01	1.000000e+00	1.273240e+00	STATE 2 PHASE 1
301	-1.000000e+00	8.082301e-02	1.000000e+00	6.437728e-01	STATE 3 PHASE 1
302	2.500000e-02	5.051923e-01	1.000000e+00	2.500000e-05	STATE 4 PHASE 1
303	-1.000000e+00	-1.133370e-03	1.000000e+00	6.437728e-01	STATE 5 PHASE 1
304	-1.000000e+00	3.815294e-01	1.000000e+00	3.183099e-01	STATE 6 PHASE 1
305	0.000000e+00	6.475920e-01	1.000000e+00	3.333333e-06	STATE 1 PHASE 1
306	-1.000000e+00	1.865588e-01	1.000000e+00	1.273240e+00	STATE 2 PHASE 1
307	-1.000000e+00	8.857279e-02	1.000000e+00	6.437728e-01	STATE 3 PHASE 1
308	2.500000e-02	4.978271e-01	1.000000e+00	2.500000e-05	STATE 4 PHASE 1
309	-1.000000e+00	-3.476262e-03	1.000000e+00	6.437728e-01	STATE 5 PHASE 1
310	-1.000000e+00	3.758105e-01	1.000000e+00	3.183099e-01	STATE 6 PHASE 1
311	0.000000e+00	6.330234e-01	1.000000e+00	3.333333e-06	STATE 1 PHASE 1
312	-1.000000e+00	2.243293e-01	1.000000e+00	1.273240e+00	STATE 2 PHASE 1
313	-1.000000e+00	9.656444e-02	1.000000e+00	6.437728e-01	STATE 3 PHASE 1
314	2.500000e-02	4.895763e-01	1.000000e+00	2.500000e-05	STATE 4 PHASE 1
315	-1.000000e+00	-4.606411e-03	1.000000e+00	6.437728e-01	STATE 5 PHASE 1
316	-1.000000e+00	3.693245e-01	1.000000e+00	3.183099e-01	STATE 6 PHASE 1
317	0.000000e+00	6.251802e-01	1.000000e+00	3.333333e-06	STATE 1 PHASE 1
318	-1.000000e+00	2.428641e-01	1.000000e+00	1.273240e+00	STATE 2 PHASE 1
319	-1.000000e+00	1.006588e-01	1.000000e+00	6.437728e-01	STATE 3 PHASE 1
320	2.500000e-02	4.849272e-01	1.000000e+00	2.500000e-05	STATE 4 PHASE 1
321	-1.000000e+00	-4.436801e-03	1.000000e+00	6.437728e-01	STATE 5 PHASE 1
322	-1.000000e+00	3.656277e-01	1.000000e+00	3.183099e-01	STATE 6 PHASE 1
323	0.000000e+00	6.181439e-01	1.000000e+00	3.333333e-06	STATE 1 PHASE 1
324	-1.000000e+00	2.611358e-01	1.000000e+00	1.273240e+00	STATE 2 PHASE 1
325	-1.000000e+00	1.048239e-01	1.000000e+00	6.437728e-01	STATE 3 PHASE 1
326	2.500000e-02	4.799053e-01	1.000000e+00	2.500000e-05	STATE 4 PHASE 1
327	-1.000000e+00	-3.756985e-03	1.000000e+00	6.437728e-01	STATE 5 PHASE 1
328	-1.000000e+00	3.616114e-01	1.000000e+00	3.183099e-01	STATE 6 PHASE 1
329	0.000000e+00	6.092693e-01	1.000000e+00	3.333333e-06	STATE 1 PHASE 1
330	-1.000000e+00	2.968089e-01	1.000000e+00	1.273240e+00	STATE 2 PHASE 1
331	-1.000000e+00	1.133733e-01	1.000000e+00	6.437728e-01	STATE 3 PHASE 1
332	2.500000e-02	4.690389e-01	1.000000e+00	2.500000e-05	STATE 4 PHASE 1
333	-1.000000e+00	-1.418667e-03	1.000000e+00	6.437728e-01	STATE 5 PHASE 1
334	-1.000000e+00	3.528984e-01	1.000000e+00	3.183099e-01	STATE 6 PHASE 1
335	0.000000e+00	6.083200e-01	1.000000e+00	3.333333e-06	STATE 1 PHASE 1
336	-1.000000e+00	3.312570e-01	1.000000e+00	1.273240e+00	STATE 2 PHASE 1
337	-1.000000e+00	1.222031e-01	1.000000e+00	6.437728e-01	STATE 3 PHASE 1
338	2.500000e-02	4.579695e-01	1.000000e+00	2.500000e-05	STATE 4 PHASE 1
339	-1.000000e+00	6.357579e-04	1.000000e+00	6.437728e-01	STATE 5 PHASE 1
340	-1.000000e+00	3.441001e-01	1.000000e+00	3.183099e-01	STATE 6 PHASE 1
341	0.000000e+00	6.112981e-01	1.000000e+00	3.333333e-06	STATE 1 PHASE 1
342	-1.000000e+00	3.645186e-01	1.000000e+00	1.273240e+00	STATE 2 PHASE 1
343	-1.000000e+00	1.312701e-01	1.000000e+00	6.437728e-01	STATE 3 PHASE 1
344	2.500000e-02	4.475775e-01	1.000000e+00	2.500000e-05	STATE 4 PHASE 1
345	-1.000000e+00	8.849397e-04	1.000000e+00	6.437728e-01	STATE 5 PHASE 1
346	-1.000000e+00	3.360144e-01	1.000000e+00	3.183099e-01	STATE 6 PHASE 1
347	0.000000e+00	6.119761e-01	1.000000e+00	3.333333e-06	STATE 1 PHASE 1
348	-1.000000e+00	3.966990e-01	1.000000e+00	1.273240e+00	STATE 2 PHASE 1
349	-1.000000e+00	1.405235e-01	1.000000e+00	6.437728e-01	STATE 3 PHASE 1
350	2.500000e-02	4.379411e-01	1.000000e+00	2.500000e-05	STATE 4 PHASE 1
351	-1.000000e+00	-6.778357e-04	1.000000e+00	6.437728e-01	STATE 5 PHASE 1
352	-1.000000e+00	3.286852e-01	1.000000e+00	3.183099e-01	STATE 6 PHASE 1
353	0.000000e+00	6.065612e-01	1.000000e+00	3.333333e-06	STATE 1 PHASE 1
354	-1.000000e+00	4.278713e-01	1.000000e+00	1.273240e+00	STATE 2 PHASE 1
355	-1.000000e+00	1.499272e-01	1.000000e+00	6.437728e-01	STATE 3 PHASE 1
356	2.500000e-02	4.285021e-01	1.000000e+00	2.500000e-05	STATE 4 PHASE 1
357	-1.000000e+00	-2.841524e-03	1.000000e+00	6.437728e-01	STATE 5 PHASE 1
358	-1.000000e+00	3.215711e-01	1.000000e+00	3.183099e-01	STATE 6 PHASE 1
359	0.000000e+00	5.958597e-01	1.000000e+00	3.333333e-06	STATE 1 PHASE 1
360	-1.000000e+00	4.580216e-01	1.000000e+00	1.273240e+00	STATE 2 PHASE 1
361	-1.000000e+00	1.594641e-01	1.000000e+00	6.437728e-01	STATE 3 PHASE 1
362	2.500000e-02	4.185206e-01	1.000000e+00	2.500000e-05	STATE 4 PHASE 1
363	-1.000000e+00	-4.062983e-03	1.000000e+00	6.437728e-01	STATE 5 PHASE 1
364	-1.000000e+00	3.139901e-01	1.000000e+00	3.183099e-01	STATE 6 PHASE 1
365	0.000000e+00	5.844822e-01	1.000000e+00	3.333333e-06	STATE 1 PHASE 1
366	-1.000000e+00	4.870552e-01	1.000000e+00	1.273240e+00	STATE 2 PHASE 1
367	-1.000000e+00	1.691268e-01	1.000000e+00	6.437728e-01	STATE 3 PHASE 1
368	2.500000e-02	4.075403e-01	1.000000e+00	2.500000e-05	STATE 4 PHASE 1
369	-1.000000e+00	-3.444644e-03	1.000000e+00	6.437728e-01	STATE 5 PHASE 1
370	-1.000000e+00	3.055428e-01	1.000000e+00	3.183099e-01	STATE 6 PHASE 1
371	0.000000e+00	5.772075e-01	1.000000e+00	3.333333e-06	STATE 1 PHASE 1
372	-1.000000e+00	5.148607e-01	1.000000e+00	1.273240e+00	STATE 2 PHASE 1
373	-1.000000e+00	1.789027e-01	1.000000e+00	6.437728e-01	STATE 3 PHASE 1
374	2.500000e-02	3.957897e-01	1.000000e+00	2.500000e-05	STATE 4 PHASE 1
375	-1.000000e+00	-1.625834e-03	1.000000e+00	6.437728e-01	STATE 5 PHASE 1
376	-1.000000e+00	2.964487e-01	1.000000e+00	3.183099e-01	STATE 6 PHASE 1
377	0.000000e+00	5.747445e-01	1.000000e+00	3.333333e-06	STATE 1 PHASE 1
378	-1.000000e+00	5.413948e-01	1.000000e+00	1.273240e+00	STATE 2 PHASE 1
379	-1.000000e+00	1.887649e-01	1.000000e+00	6.437728e-01	STATE 3 PHASE 1
380	2.500000e-02	3.840115e-01	1.000000e+00	2.500000e-05	STATE 4 PHASE 1
381	-1.000000e+00	-3.979831e-04	1.000000e+00	6.437728e-01	STATE 5 PHASE 1
382	-1.000000e+00	2.873781e-01	1.000000e+00	3.183099e-01	STATE 6 PHASE 1
383	0.000000e+00	5.734080e-01	1.000000e+00	3.333333e-06	STATE 1 PHASE 1
384	-1.000000e+00	5.667015e-01	1.000000e+00	1.273240e+00	STATE 2 PHASE 1
385	-1.000000e+00	1.986788e-01	1.000000e+00	6.437728e-01	STATE 3 PHASE 1
386	2.500000e-02	3.727044e-01	1.000000e+00	2.500000e-05	STATE 4 PHASE 1
387	-1.000000e+00	-8.933686e-04	1.000000e+00	6.437728e-01	STATE 5 PHASE 1
388	-1.000000e+00	2.787661e-01	1.000000e+00	3.183099e-01	STATE 6 PHASE 1
389	0.000000e+00	5.690133e-01	1.000000e+00	3.333333e-06	STATE 1 PHASE 1
390	-1.000000e+00	5.908482e-01	1.000000e+00	1.273240e+00	STATE 2 PHASE 1
391	-1.000000e+00	2.086126e-01	1.000000e+00	6.437728e-01	STATE 3 PHASE 1
392	2.500000e-02	3.617255e-01	1.000000e+00	2.500000e-05	STATE 4 PHASE 1
393	-1.000000e+00	-2.592892e-03	1.000000e+00	6.437728e-01	STATE 5 PHASE 1
394	-1.000000e+00	2.704576e-01	1.000000e+00	3.183099e-01	STATE 6 PHASE 1
395	0.000000e+00	5.605261e-01	1.000000e+00	3.333333e-06	STATE 1 PHASE 1
396	-1.000000e+00	6.138557e-01	1.000000e+00	1.273240e+00	STATE 2 PHASE 1
397	-1.000000e+00	2.185409e-01	1.000000e+00	6.437728e-01	STATE 3 PHASE 1
398	2.500000e-02	3.505481e-01	1.000000e+00	2.500000e-05	STATE 4 PHASE 1
399	-1.000000e+00	-3.997773e-03	1.000000e+00	6.437728e-01	STATE 5 PHASE 1
400	-1.000000e+00	2.619620e-01	1.000000e+00	3.183099e-01	STATE 6 PHASE 1
401	0.000000e+00	5.505309e-01	1.000000e+00	3.333333e-06	STATE 1 PHASE 1
402	-1.000000e+00	6.356819e-01	1.000000e+00	1.273240e+00	STATE 2 PHASE 1
403	-1.000000e+00	2.284400e-01	1.000000e+00	6.437728e-01	STATE 3 PHASE 1
404	2.500000e-02	3.387503e-01	1.000000e+00	2.500000e-05	STATE 4 PHASE 1
405	-1.000000e+00	-3.965833e-03	1.000000e+00	6.437728e-01	STATE 5 PHASE 1
406	-1.000000e+00	2.529050e-01	1.000000e+00	3.183099e-01	STATE 6 PHASE 1
407	0.000000e+00	5.424971e-01	1.000000e+00	3.333333e-06	STATE 1 PHASE 1
408	-1.000000e+00	6.562635e-01	1.000000e+00	1.273240e+00	STATE 2 PHASE 1
409	-1.000000e+00	2.382820e-01	1.000000e+00	6.437728e-01	STATE 3 PHASE 1
410	2.500000e-02	3.263956e-01	1.000000e+00	2.500000e-05	STATE 4 PHASE 1
411	-1.000000e+00	-2.804693e-03	1.000000e+00	6.437728e-01	STATE 5 PHASE 1
412	-1.000000e+00	2.433511e-01	1.000000e+00	3.183099e-01	STATE 6 PHASE 1
413	0.000000e+00	5.372703e-01	1.000000e+00	3.333333e-06	STATE 1 PHASE 1
414	-1.000000e+00	6.755753e-01	1.000000e+00	1.273240e+00	STATE 2 PHASE 1
415	-1.000000e+00	2.480358e-01	1.000000e+00	6.437728e-01	STATE 3 PHASE 1
416	2.500000e-02	3.139470e-01	1.000000e+00	2.500000e-05	STATE 4 PHASE 1
417	-1.000000e+00	-2.005322e-03	1.000000e+00	6.437728e-01	STATE 5 PHASE 1
418	-1.000000e+00	2.337096e-01	1.000000e+00	3.183099e-01	STATE 6 PHASE 1
419	0.000000e+00	5.325495e-01	1.000000e+00	3.333333e-06	STATE 1 PHASE 1
420	-1.000000e+00	6.936473e-01	1.000000e+00	1.273240e+00	STATE 2 PHASE 1
421	-1.000000e+00	2.576720e-01	1.000000e+00	6.437728e-01	STATE 3 PHASE 1
422	2.500000e-02	3.017406e-01	1.000000e+00	2.500000e-05	STATE 4 PHASE 1
423	-1.000000e+00	-2.575970e-03	1.000000e+00	6.437728e-01	STATE 5 PHASE 1
424	-1.000000e+00	2.242633e-01	1.000000e+00	3.183099e-01	STATE 6 PHASE 1
425	0.000000e+00	5.257138e-01	1.000000e+00	3.333333e-06	STATE 1 PHASE 1
426	-1.000000e+00	7.105238e-01	1.000000e+00	1.273240e+00	STATE 2 PHASE 1
427	-1.000000e+00	2.671647e-01	1.000000e+00	6.437728e-01	STATE 3 PHASE 1
428	2.500000e-02	2.896779e-01	1.000000e+00	2.500000e-05	STATE 4 PHASE 1
429	-1.000000e+00	-4.030635e-03	1.000000e+00	6.437728e-01	STATE 5 PHASE 1
430	-1.000000e+00	2.149055e-01	1.000000e+00	3.183099e-01	STATE 6 PHASE 1
431	0.000000e+00	5.164582e-01	1.000000e+00	3.333333e-06	STATE 1 PHASE 1
432	-1.000000e+00	7.262214e-01	1.000000e+00	1.273240e+00	STATE 2 PHASE 1
433	-1.000000e+00	2.764877e-01	1.000000e+00	6.437728e-01	STATE 3 PHASE 1
434	2.500000e-02	2.774190e-01	1.000000e+00	2.500000e-05	STATE 4 PHASE 1
435	-1.000000e+00	-5.071866e-03	1.000000e+00	6.437728e-01	STATE 5 PHASE 1
436	-1.000000e+00	2.053291e-01	1.000000e+00	3.183099e-01	STATE 6 PHASE 1
437	0.000000e+00	5.066721e-01	1.000000e+00	3.333333e-06	STATE 1 PHASE 1
438	-1.000000e+00	7.407266e-01	1.000000e+00	1.273240e+00	STATE 2 PHASE 1
439	-1.000000e+00	2.856104e-01	1.000000e+00	6.437728e-01	STATE 3 PHASE 1
440	2.500000e-02	2.647649e-01	1.000000e+00	2.500000e-05	STATE 4 PHASE 1
441	-1.000000e+00	-5.001216e-03	1.000000e+00	6.437728e-01	STATE 5 PHASE 1
442	-1.000000e+00	1.953672e-01	1.000000e+00	3.183099e-01	STATE 6 PHASE 1
443	0.000000e+00	4.980780e-01	1.000000e+00	3.333333e-06	STATE 1 PHASE 1
444	-1.000000e+00	7.540272e-01	1.000000e+00	1.273240e+00	STATE 2 PHASE 1
445	-1.000000e+00	2.945002e-01	1.000000e+00	6.437728e-01	STATE 3 PHASE 1
446	2.500000e-02	2.518525e-01	1.000000e+00	2.500000e-05	STATE 4 PHASE 1
447	-1.000000e+00	-4.463270e-03	1.000000e+00	6.437728e-01	STATE 5 PHASE 1
448	-1.000000e+00	1.851459e-01	1.000000e+00	3.183099e-01	STATE 6 PHASE 1
449	0.000000e+00	4.903591e-01	1.000000e+00	3.333333e-06	STATE 1 PHASE 1
450	-1.000000e+00	7.661413e-01	1.000000e+00	1.273240e+00	STATE 2 PHASE 1
451	-1.000000e+00	3.031270e-01	1.000000e+00	6.437728e-01	STATE 3 PHASE 1
452	2.500000e-02	2.389629e-01	1.000000e+00	2.500000e-05	STATE 4 PHASE 1
453	-1.000000e+00	-4.646468e-03	1.000000e+00	6.437728e-01	STATE 5 PHASE 1
454	-1.000000e+00	1.749021e-01	1.000000e+00	3.183099e-01	STATE 6 PHASE 1
455	0.000000e+00	4.818487e-01	1.000000e+00	3.333333e-06	STATE 1 PHASE 1
456	-1.000000e+00	7.771106e-01	1.000000e+00	1.273240e+00	STATE 2 PHASE 1
457	-1.000000e+00	3.114662e-01	1.000000e+00	6.437728e-01	STATE 3 PHASE 1
458	2.500000e-02	2.261963e-01	1.000000e+00	2.500000e-05	STATE 4 PHASE 1
459	-1.000000e+00	-5.871984e-03	1.000000e+00	6.437728e-01	STATE 5 PHASE 1
460	-1.000000e+00	1.647058e-01	1.000000e+00	3.183099e-01	STATE 6 PHASE 1
461	0.000000e+00	4.715802e-01	1.000000e+00	3.333333e-06	STATE 1 PHASE 1
462	-1.000000e+00	7.869763e-01	1.000000e+00	1.273240e+00	STATE 2 PHASE 1
463	-1.000000e+00	3.194942e-01	1.000000e+00	6.437728e-01	STATE 3 PHASE 1
464	2.500000e-02	2.134142e-01	1.000000e+00	2.500000e-05	STATE 4 PHASE 1
465	-1.000000e+00	-7.344678e-03	1.000000e+00	6.437728e-01	STATE 5 PHASE 1
466	-1.000000e+00	1.544308e-01	1.000000e+00	3.183099e-01	STATE 6 PHASE 1
467	0.000000e+00	4.601560e-01	1.000000e+00	3.333333e-06	STATE 1 PHASE 1
468	-1.000000e+00	7.957670e-01	1.000000e+00	1.273240e+00	STATE 2 PHASE 1
469	-1.000000e+00	3.271844e-01	1.000000e+00	6.437728e-01	STATE 3 PHASE 1
470	2.500000e-02	2.004503e-01	1.000000e+00	2.500000e-05	STATE 4 PHASE 1
471	-1.000000e+00	-8.197119e-03	1.000000e+00	6.437728e-01	STATE 5 PHASE 1
472	-1.000000e+00	1.439501e-01	1.000000e+00	3.183099e-01	STATE 6 PHASE 1
473	0.000000e+00	4.487095e-01	1.000000e+00	3.333333e-06	STATE 1 PHASE 1
474	-1.000000e+00	8.035098e-01	1.000000e+00	1.273240e+00	STATE 2 PHASE 1
475	-1.000000e+00	3.345076e-01	1.000000e+00	6.437728e-01	STATE 3 PHASE 1
476	2.500000e-02	1.873130e-01	1.000000e+00	2.500000e-05	STATE 4 PHASE 1
477	-1.000000e+00	-8.544051e-03	1.000000e+00	6.437728e-01	STATE 5 PHASE 1
478	-1.000000e+00	1.332963e-01	1.000000e+00	3.183099e-01	STATE 6 PHASE 1
479	0.000000e+00	4.374086e-01	1.000000e+00	3.333333e-06	STATE 1 PHASE 1
480	-1.000000e+00	8.102469e-01	1.000000e+00	1.273240e+00	STATE 2 PHASE 1
481	-1.000000e+00	3.414376e-01	1.000000e+00	6.437728e-01	STATE 3 PHASE 1
482	2.500000e-02	1.741682e-01	1.000000e+00	2.500000e-05	STATE 4 PHASE 1
483	-1.000000e+00	-9.370443e-03	1.000000e+00	6.437728e-01	STATE 5 PHASE 1
484	-1.000000e+00	1.226177e-01	1.000000e+00	3.183099e-01	STATE 6 PHASE 1
485	0.000000e+00	4.252767e-01	1.000000e+00	3.333333e-06	STATE 1 PHASE 1
486	-1.000000e+00	8.160377e-01	1.000000e+00	1.273240e+00	STATE 2 PHASE 1
487	-1.000000e+00	3.479545e-01	1.000000e+00	6.437728e-01	STATE 3 PHASE 1
488	2.500000e-02	1.611509e-01	1.000000e+00	2.500000e-05	STATE 4 PHASE 1
489	-1.000000e+00	-1.138816e-02	1.000000e+00	6.437728e-01	STATE 5 PHASE 1
490	-1.000000e+00	1.120092e-01	1.000000e+00	3.183099e-01	STATE 6 PHASE 1
491	0.000000e+00	4.113597e-01	1.000000e+00	3.333333e-06	STATE 1 PHASE 1
492	-1.000000e+00	8.209480e-01	1.000000e+00	1.273240e+00	STATE 2 PHASE 1
493	-1.000000e+00	3.540424e-01	1.000000e+00	6.437728e-01	STATE 3 PHASE 1
494	2.500000e-02	1.482421e-01	1.000000e+00	2.500000e-05	STATE 4 PHASE 1
495	-1.000000e+00	-1.424036e-02	1.000000e+00	6.437728e-01	STATE 5 PHASE 1
496	-1.000000e+00	1.014444e-01	1.000000e+00	3.183099e-01	STATE 6 PHASE 1
497	0.000000e+00	3.957684e-01	1.000000e+00	3.333333e-06	STATE 1 PHASE 1
498	-1.000000e+00	8.250414e-01	1.000000e+00	1.273240e+00	STATE 2 PHASE 1
499	-1.000000e+00	3.596845e-01	1.000000e+00	6.437728e-01	STATE 3 PHASE 1
500	2.500000e-02	1.353233e-01	1.000000e+00	2.500000e-05	STATE 4 PHASE 1
501	-1.000000e+00	-1.690299e-02	1.000000e+00	6.437728e-01	STATE 5 PHASE 1
502	-1.000000e+00	9.087887e-02	1.000000e+00	3.183099e-01	STATE 6 PHASE 1
503	0.000000e+00	3.794826e-01	1.000000e+00	3.333333e-06	STATE 1 PHASE 1
504	-1.000000e+00	8.283822e-01	1.000000e+00	1.273240e+00	STATE 2 PHASE 1
505	-1.000000e+00	3.648620e-01	1.000000e+00	6.437728e-01	STATE 3 PHASE 1
506	2.500000e-02	1.223381e-01	1.000000e+00	2.500000e-05	STATE 4 PHASE 1
507	-1.000000e+00	-1.895197e-02	1.000000e+00	6.437728e-01	STATE 5 PHASE 1
508	-1.000000e+00	8.039700e-02	1.000000e+00	3.183099e-01	STATE 6 PHASE 1
509	0.000000e+00	3.630008e-01	1.000000e+00	3.333333e-06	STATE 1 PHASE 1
510	-1.000000e+00	8.310451e-01	1.000000e+00	1.273240e+00	STATE 2 PHASE 1
511	-1.000000e+00	3.695583e-01	1.000000e+00	6.437728e-01	STATE 3 PHASE 1
512	2.500000e-02	1.094392e-01	1.000000e+00	2.500000e-05	STATE 4 PHASE 1
513	-1.000000e+00	-2.182205e-02	1.000000e+00	6.437728e-01	STATE 5 PHASE 1
514	-1.000000e+00	7.024148e-02	1.000000e+00	3.183099e-01	STATE 6 PHASE 1
515	0.000000e+00	3.543532e-01	1.000000e+00	3.333333e-06	STATE 1 PHASE 1
516	-1.000000e+00	8.321500e-01	1.000000e+00	1.273240e+00	STATE 2 PHASE 1
517	-1.000000e+00	3.717239e-01	1.000000e+00	6.437728e-01	STATE 3 PHASE 1
518	2.500000e-02	1.031339e-01	1.000000e+00	2.500000e-05	STATE 4 PHASE 1
519	-1.000000e+00	-2.457077e-02	1.000000e+00	6.437728e-01	STATE 5 PHASE 1
520	-1.000000e+00	6.539278e-02	1.000000e+00	3.183099e-01	STATE 6 PHASE 1
521	0.000000e+00	3.450102e-01	1.000000e+00	3.333333e-06	STATE 1 PHASE 1
522	-1.000000e+00	8.331201e-01	1.000000e+00	1.273240e+00	STATE 2 PHASE 1
523	-1.000000e+00	3.737688e-01	1.000000e+00	6.437728e-01	STATE 3 PHASE 1
524	2.500000e-02	9.699020e-02	1.000000e+00	2.500000e-05	STATE 4 PHASE 1
525	-1.000000e+00	-2.872819e-02	1.000000e+00	6.437728e-01	STATE 5 PHASE 1
526	-1.000000e+00	6.073706e-02	1.000000e+00	3.183099e-01	STATE 6 PHASE 1
527	0.000000e+00	3.382044e-01	1.000000e+00	3.333333e-06	STATE 1 PHASE 1
528	-1.000000e+00	8.336983e-01	1.000000e+00	1.273240e+00	STATE 2 PHASE 1
529	-1.000000e+00	3.750660e-01	1.000000e+00	6.437728e-01	STATE 3 PHASE 1
530	2.500000e-02	9.300444e-02	1.000000e+00	2.500000e-05	STATE 4 PHASE 1
531	-1.000000e+00	-3.241245e-02	1.000000e+00	6.437728e-01	STATE 5 PHASE 1
532	-1.000000e+00	5.776585e-02	1.000000e+00	3.183099e-01	STATE 6 PHASE 1
533	0.000000e+00	3.308167e-01	1.000000e+00	3.333333e-06	STATE 1 PHASE 1
534	-1.000000e+00	8.342262e-01	1.000000e+00	1.273240e+00	STATE 2 PHASE 1
535	-1.000000e+00	3.763112e-01	1.000000e+00	6.437728e-01	STATE 3 PHASE 1
536	2.500000e-02	8.911236e-02	1.000000e+00	2.500000e-05	STATE 4 PHASE 1
537	-1.000000e+00	-3.681125e-02	1.000000e+00	6.437728e-01	STATE 5 PHASE 1
538	-1.000000e+00	5.491310e-02	1.000000e+00	3.183099e-01	STATE 6 PHASE 1
539	0.000000e+00	3.227779e-01	1.000000e+00	3.333333e-06	STATE 1 PHASE 1
540	-1.000000e+00	8.347075e-01	1.000000e+00	1.273240e+00	STATE 2 PHASE 1
541	-1.000000e+00	3.775052e-01	1.000000e+00	6.437728e-01	STATE 3 PHASE 1
542	2.500000e-02	8.531052e-02	1.000000e+00	2.500000e-05	STATE 4 PHASE 1
543	-1.000000e+00	-4.180957e-02	1.000000e+00	6.437728e-01	STATE 5 PHASE 1
544	-1.000000e+00	5.220146e-02	1.000000e+00	3.183099e-01	STATE 6 PHASE 1
545	0.000000e+00	3.094853e-01	1.000000e+00	3.333333e-06	STATE 1 PHASE 1
546	-1.000000e+00	8.353502e-01	1.000000e+00	1.273240e+00	STATE 2 PHASE 1
547	-1.000000e+00	3.792019e-01	1.000000e+00	6.437728e-01	STATE 3 PHASE 1
548	2.500000e-02	7.973662e-02	1.000000e+00	2.500000e-05	STATE 4 PHASE 1
549	-1.000000e+00	-4.975863e-02	1.000000e+00	6.437728e-01	STATE 5 PHASE 1
550	-1.000000e+00	4.847336e-02	1.000000e+00	3.183099e-01	STATE 6 PHASE 1
551	0.000000e+00	3.023565e-01	1.000000e+00	3.333333e-06	STATE 1 PHASE 1
552	-1.000000e+00	8.356395e-01	1.000000e+00	1.273240e+00	STATE 2 PHASE 1
553	-1.000000e+00	3.800081e-01	1.000000e+00	6.437728e-01	STATE 3 PHASE 1
554	2.500000e-02	7.698030e-02	1.000000e+00	2.500000e-05	STATE 4 PHASE 1
555	-1.000000e+00	-5.352813e-02	1.000000e+00	6.437728e-01	STATE 5 PHASE 1
556	-1.000000e+00	4.680086e-02	1.000000e+00	3.183099e-01	STATE 6 PHASE 1
557	0.000000e+00	2.950114e-01	1.000000e+00	3.333333e-06	STATE 1 PHASE 1
558	-1.000000e+00	8.359094e-01	1.000000e+00	1.273240e+00	STATE 2 PHASE 1
559	-1.000000e+00	3.807863e-01	1.000000e+00	6.437728e-01	STATE 3 PHASE 1
560	2.500000e-02	7.421576e-02	1.000000e+00	2.500000e-05	STATE 4 PHASE 1
561	-1.000000e+00	-5.674295e-02	1.000000e+00	6.437728e-01	STATE 5 PHASE 1
562	-1.000000e+00	4.530003e-02	1.000000e+00	3.183099e-01	STATE 6 PHASE 1
563	0.000000e+00	2.875801e-01	1.000000e+00	3.333333e-06	STATE 1 PHASE 1
564	-1.000000e+00	8.361617e-01	1.000000e+00	1.273240e+00	STATE 2 PHASE 1
565	-1.000000e+00	3.815361e-01	1.000000e+00	6.437728e-01	STATE 3 PHASE 1
566	2.500000e-02	7.141648e-02	1.000000e+00	2.500000e-05	STATE 4 PHASE 1
567	-1.000000e+00	-5.902537e-02	1.000000e+00	6.437728e-01	STATE 5 PHASE 1
568	-1.000000e+00	4.401543e-02	1.000000e+00	3.183099e-01	STATE 6 PHASE 1
569	0.000000e+00	2.802356e-01	1.000000e+00	3.333333e-06	STATE 1 PHASE 1
570	-1.000000e+00	8.363981e-01	1.000000e+00	1.273240e+00	STATE 2 PHASE 1
571	-1.000000e+00	3.822571e-01	1.000000e+00	6.437728e-01	STATE 3 PHASE 1
572	2.500000e-02	6.855165e-02	1.000000e+00	2.500000e-05	STATE 4 PHASE 1
573	-1.000000e+00	-5.994709e-02	1.000000e+00	6.437728e-01	STATE 5 PHASE 1
574	-1.000000e+00	4.300334e-02	1.000000e+00	3.183099e-01	STATE 6 PHASE 1
575	0.000000e+00	2.754900e-01	1.000000e+00	3.333333e-06	STATE 1 PHASE 1
576	-1.000000e+00	8.365478e-01	1.000000e+00	1.273240e+00	STATE 2 PHASE 1
577	-1.000000e+00	3.827213e-01	1.000000e+00	6.437728e-01	STATE 3 PHASE 1
578	2.500000e-02	6.658958e-02	1.000000e+00	2.500000e-05	STATE 4 PHASE 1
579	-1.000000e+00	-5.960225e-02	1.000000e+00	6.437728e-01	STATE 5 PHASE 1
580	-1.000000e+00	4.249228e-02	1.000000e+00	3.183099e-01	STATE 6 PHASE 1
581	0.000000e+00	2.709440e-01	1.000000e+00	3.333333e-06	STATE 1 PHASE 1
582	-1.000000e+00	8.366917e-01	1.000000e+00	1.273240e+00	STATE 2 PHASE 1
583	-1.000000e+00	3.831720e-01	1.000000e+00	6.437728e-01	STATE 3 PHASE 1
584	2.500000e-02	6.457490e-02	1.000000e+00	2.500000e-05	STATE 4 PHASE 1
585	-1.000000e+00	-5.836571e-02	1.000000e+00	6.437728e-01	STATE 5 PHASE 1
586	-1.000000e+00	4.213133e-02	1.000000e+00	3.183099e-01	STATE 6 PHASE 1
587	0.000000e+00	2.666667e-01	1.000000e+00	3.333333e-06	STATE 1 PHASE 1
588	-1.000000e+00	8.368304e-01	1.000000e+00	1.273240e+00	STATE 2 PHASE 1
589	-1.000000e+00	3.836089e-01	1.000000e+00	6.437728e-01	STATE 3 PHASE 1
590	2.500000e-02	6.250000e-02	1.000000e+00	2.500000e-05	STATE 4 PHASE 1
591	-1.000000e+00	-5.617978e-02	1.000000e+00	6.437728e-01	STATE 5 PHASE 1
592	-1.000000e+00	4.201512e-02	1.000000e+00	3.183099e-01	STATE 6 PHASE 1
593	-1.000000e+00	1.958228e-01	1.000000e+00	6.437728e-01	MIDPOINT CONTROL 1 PHASE 1
594	-1.000000e+00	-8.226601e-01	1.111111e-02	6.366198e-01	MIDPOINT CONTROL 2 PHASE 1
595	-1.000000e+00	1.960783e-01	1.000000e+00	6.437728e-01	MIDPOINT CONTROL 1 PHASE 1
596	-1.000000e+00	-8.151498e-01	1.111111e-02	6.366198e-01	MIDPOINT CONTROL 2 PHASE 1
597	-1.000000e+00	1.961717e-01	1.000000e+00	6.437728e-01	MIDPOINT CONTROL 1 PHASE 1
598	-1.000000e+00	-8.077702e-01	1.111111e-02	6.366198e-01	MIDPOINT CONTROL 2 PHASE 1
599	-1.000000e+00	1.960850e-01	1.000000e+00	6.437728e-01	MIDPOINT CONTROL 1 PHASE 1
600	-1.000000e+00	-8.010787e-01	1.111111e-02	6.366198e-01	MIDPOINT CONTROL 2 PHASE 1
601	-1.000000e+00	1.958303e-01	1.000000e+00	6.437728e-01	MIDPOINT CONTROL 1 PHASE 1
602	-1.000000e+00	-7.952768e-01	1.111111e-02	6.366198e-01	MIDPOINT CONTROL 2 PHASE 1
603	-1.000000e+00	1.954808e-01	1.000000e+00	6.437728e-01	MIDPOINT CONTROL 1 PHASE 1
604	-1.000000e+00	-7.897517e-01	1.111111e-02	6.366198e-01	MIDPOINT CONTROL 2 PHASE 1
605	-1.000000e+00	1.951630e-01	1.000000e+00	6.437728e-01	MIDPOINT CONTROL 1 PHASE 1
606	-1.000000e+00	-7.830587e-01	1.111111e-02	6.366198e-01	MIDPOINT CONTROL 2 PHASE 1
607	-1.000000e+00	1.949934e-01	1.000000e+00	6.437728e-01	MIDPOINT CONTROL 1 PHASE 1
608	-1.000000e+00	-7.765390e-01	1.111111e-02	6.366198e-01	MIDPOINT CONTROL 2 PHASE 1
609	-1.000000e+00	1.949495e-01	1.000000e+00	6.437728e-01	MIDPOINT CONTROL 1 PHASE 1
610	-1.000000e+00	-7.712196e-01	1.111111e-02	6.366198e-01	MIDPOINT CONTROL 2 PHASE 1
611	-1.000000e+00	1.949872e-01	1.000000e+00	6.437728e-01	MIDPOINT CONTROL 1 PHASE 1
612	-1.000000e+00	-7.618628e-01	1.111111e-02	6.366198e-01	MIDPOINT CONTROL 2 PHASE 1
613	-1.000000e+00	1.951555e-01	1.000000e+00	6.437728e-01	MIDPOINT CONTROL 1 PHASE 1
614	-1.000000e+00	-7.475755e-01	1.111111e-02	6.366198e-01	MIDPOINT CONTROL 2 PHASE 1
615	-1.000000e+00	1.954397e-01	1.000000e+00	6.437728e-01	MIDPOINT CONTROL 1 PHASE 1
616	-1.000000e+00	-7.316834e-01	1.111111e-02	6.366198e-01	MIDPOINT CONTROL 2 PHASE 1
617	-1.000000e+00	1.957857e-01	1.000000e+00	6.437728e-01	MIDPOINT CONTROL 1 PHASE 1
618	-1.000000e+00	-7.148995e-01	1.111111e-02	6.366198e-01	MIDPOINT CONTROL 2 PHASE 1
619	-1.000000e+00	1.961324e-01	1.000000e+00	6.437728e-01	MIDPOINT CONTROL 1 PHASE 1
620	-1.000000e+00	-6.978694e-01	1.111111e-02	6.366198e-01	MIDPOINT CONTROL 2 PHASE 1
621	-1.000000e+00	1.964034e-01	1.000000e+00	6.437728e-01	MIDPOINT CONTROL 1 PHASE 1
622	-1.000000e+00	-6.812080e-01	1.111111e-02	6.366198e-01	MIDPOINT CONTROL 2 PHASE 1
623	-1.000000e+00	1.965231e-01	1.000000e+00	6.437728e-01	MIDPOINT CONTROL 1 PHASE 1
624	-1.000000e+00	-6.693708e-01	1.111111e-02	6.366198e-01	MIDPOINT CONTROL 2 PHASE 1
625	-1.000000e+00	1.965164e-01	1.000000e+00	6.437728e-01	MIDPOINT CONTROL 1 PHASE 1
626	-1.000000e+00	-6.620440e-01	1.111111e-02	6.366198e-01	MIDPOINT CONTROL 2 PHASE 1
627	-1.000000e+00	1.963507e-01	1.000000e+00	6.437728e-01	MIDPOINT CONTROL 1 PHASE 1
628	-1.000000e+00	-6.520874e-01	1.111111e-02	6.366198e-01	MIDPOINT CONTROL 2 PHASE 1
629	-1.000000e+00	1.959592e-01	1.000000e+00	6.437728e-01	MIDPOINT CONTROL 1 PHASE 1
630	-1.000000e+00	-6.402811e-01	1.111111e-02	6.366198e-01	MIDPOINT CONTROL 2 PHASE 1
631	-1.000000e+00	1.955125e-01	1.000000e+00	6.437728e-01	MIDPOINT CONTROL 1 PHASE 1
632	-1.000000e+00	-6.290688e-01	1.111111e-02	6.366198e-01	MIDPOINT CONTROL 2 PHASE 1
633	-1.000000e+00	1.952694e-01	1.000000e+00	6.437728e-01	MIDPOINT CONTROL 1 PHASE 1
634	-1.000000e+00	-6.200130e-01	1.111111e-02	6.366198e-01	MIDPOINT CONTROL 2 PHASE 1
635	-1.000000e+00	1.952156e-01	1.000000e+00	6.437728e-01	MIDPOINT CONTROL 1 PHASE 1
636	-1.000000e+00	-6.133023e-01	1.111111e-02	6.366198e-01	MIDPOINT CONTROL 2 PHASE 1
637	-1.000000e+00	1.952465e-01	1.000000e+00	6.437728e-01	MIDPOINT CONTROL 1 PHASE 1
638	-1.000000e+00	-6.060332e-01	1.111111e-02	6.366198e-01	MIDPOINT CONTROL 2 PHASE 1
639	-1.000000e+00	1.953535e-01	1.000000e+00	6.437728e-01	MIDPOINT CONTROL 1 PHASE 1
640	-1.000000e+00	-5.982649e-01	1.111111e-02	6.366198e-01	MIDPOINT CONTROL 2 PHASE 1
641	-1.000000e+00	1.956240e-01	1.000000e+00	6.437728e-01	MIDPOINT CONTROL 1 PHASE 1
642	-1.000000e+00	-5.858839e-01	1.111111e-02	6.366198e-01	MIDPOINT CONTROL 2 PHASE 1
643	-1.000000e+00	1.960397e-01	1.000000e+00	6.437728e-01	MIDPOINT CONTROL 1 PHASE 1
644	-1.000000e+00	-5.689023e-01	1.111111e-02	6.366198e-01	MIDPOINT CONTROL 2 PHASE 1
645	-1.000000e+00	1.963481e-01	1.000000e+00	6.437728e-01	MIDPOINT CONTROL 1 PHASE 1
646	-1.000000e+00	-5.523927e-01	1.111111e-02	6.366198e-01	MIDPOINT CONTROL 2 PHASE 1
647	-1.000000e+00	1.964190e-01	1.000000e+00	6.437728e-01	MIDPOINT CONTROL 1 PHASE 1
648	-1.000000e+00	-5.408620e-01	1.111111e-02	6.366198e-01	MIDPOINT CONTROL 2 PHASE 1
649	-1.000000e+00	1.963345e-01	1.000000e+00	6.437728e-01	MIDPOINT CONTROL 1 PHASE 1
650	-1.000000e+00	-5.338065e-01	1.111111e-02	6.366198e-01	MIDPOINT CONTROL 2 PHASE 1
651	-1.000000e+00	1.960464e-01	1.000000e+00	6.437728e-01	MIDPOINT CONTROL 1 PHASE 1
652	-1.000000e+00	-5.240534e-01	1.111111e-02	6.366198e-01	MIDPOINT CONTROL 2 PHASE 1
653	-1.000000e+00	1.956061e-01	1.000000e+00	6.437728e-01	MIDPOINT CONTROL 1 PHASE 1
654	-1.000000e+00	-5.115623e-01	1.111111e-02	6.366198e-01	MIDPOINT CONTROL 2 PHASE 1
655	-1.000000e+00	1.953699e-01	1.000000e+00	6.437728e-01	MIDPOINT CONTROL 1 PHASE 1
656	-1.000000e+00	-4.982675e-01	1.111111e-02	6.366198e-01	MIDPOINT CONTROL 2 PHASE 1
657	-1.000000e+00	1.954932e-01	1.000000e+00	6.437728e-01	MIDPOINT CONTROL 1 PHASE 1
658	-1.000000e+00	-4.833251e-01	1.111111e-02	6.366198e-01	MIDPOINT CONTROL 2 PHASE 1
659	-1.000000e+00	1.958620e-01	1.000000e+00	6.437728e-01	MIDPOINT CONTROL 1 PHASE 1
660	-1.000000e+00	-4.672363e-01	1.111111e-02	6.366198e-01	MIDPOINT CONTROL 2 PHASE 1
661	-1.000000e+00	1.961973e-01	1.000000e+00	6.437728e-01	MIDPOINT CONTROL 1 PHASE 1
662	-1.000000e+00	-4.511779e-01	1.111111e-02	6.366198e-01	MIDPOINT CONTROL 2 PHASE 1
663	-1.000000e+00	1.962402e-01	1.000000e+00	6.437728e-01	MIDPOINT CONTROL 1 PHASE 1
664	-1.000000e+00	-4.361827e-01	1.111111e-02	6.366198e-01	MIDPOINT CONTROL 2 PHASE 1
665	-1.000000e+00	1.959545e-01	1.000000e+00	6.437728e-01	MIDPOINT CONTROL 1 PHASE 1
666	-1.000000e+00	-4.224704e-01	1.111111e-02	6.366198e-01	MIDPOINT CONTROL 2 PHASE 1
667	-1.000000e+00	1.955933e-01	1.000000e+00	6.437728e-01	MIDPOINT CONTROL 1 PHASE 1
668	-1.000000e+00	-4.091868e-01	1.111111e-02	6.366198e-01	MIDPOINT CONTROL 2 PHASE 1
669	-1.000000e+00	1.954829e-01	1.000000e+00	6.437728e-01	MIDPOINT CONTROL 1 PHASE 1
670	-1.000000e+00	-3.951529e-01	1.111111e-02	6.366198e-01	MIDPOINT CONTROL 2 PHASE 1
671	-1.000000e+00	1.956940e-01	1.000000e+00	6.437728e-01	MIDPOINT CONTROL 1 PHASE 1
672	-1.000000e+00	-3.800509e-01	1.111111e-02	6.366198e-01	MIDPOINT CONTROL 2 PHASE 1
673	-1.000000e+00	1.960066e-01	1.000000e+00	6.437728e-01	MIDPOINT CONTROL 1 PHASE 1
674	-1.000000e+00	-3.645571e-01	1.111111e-02	6.366198e-01	MIDPOINT CONTROL 2 PHASE 1
675	-1.000000e+00	1.961253e-01	1.000000e+00	6.437728e-01	MIDPOINT CONTROL 1 PHASE 1
676	-1.000000e+00	-3.495729e-01	1.111111e-02	6.366198e-01	MIDPOINT CONTROL 2 PHASE 1
677	-1.000000e+00	1.959477e-01	1.000000e+00	6.437728e-01	MIDPOINT CONTROL 1 PHASE 1
678	-1.000000e+00	-3.354472e-01	1.111111e-02	6.366198e-01	MIDPOINT CONTROL 2 PHASE 1
679	-1.000000e+00	1.956695e-01	1.000000e+00	6.437728e-01	MIDPOINT CONTROL 1 PHASE 1
680	-1.000000e+00	-3.217064e-01	1.111111e-02	6.366198e-01	MIDPOINT CONTROL 2 PHASE 1
681	-1.000000e+00	1.955740e-01	1.000000e+00	6.437728e-01	MIDPOINT CONTROL 1 PHASE 1
682	-1.000000e+00	-3.076010e-01	1.111111e-02	6.366198e-01	MIDPOINT CONTROL 2 PHASE 1
683	-1.000000e+00	1.957236e-01	1.000000e+00	6.437728e-01	MIDPOINT CONTROL 1 PHASE 1
684	-1.000000e+00	-2.929179e-01	1.111111e-02	6.366198e-01	MIDPOINT CONTROL 2 PHASE 1
685	-1.000000e+00	1.959259e-01	1.000000e+00	6.437728e-01	MIDPOINT CONTROL 1 PHASE 1
686	-1.000000e+00	-2.780686e-01	1.111111e-02	6.366198e-01	MIDPOINT CONTROL 2 PHASE 1
687	-1.000000e+00	1.959631e-01	1.000000e+00	6.437728e-01	MIDPOINT CONTROL 1 PHASE 1
688	-1.000000e+00	-2.635527e-01	1.111111e-02	6.366198e-01	MIDPOINT CONTROL 2 PHASE 1
689	-1.000000e+00	1.958208e-01	1.000000e+00	6.437728e-01	MIDPOINT CONTROL 1 PHASE 1
690	-1.000000e+00	-2.494737e-01	1.111111e-02	6.366198e-01	MIDPOINT CONTROL 2 PHASE 1
691	-1.000000e+00	1.956711e-01	1.000000e+00	6.437728e-01	MIDPOINT CONTROL 1 PHASE 1
692	-1.000000e+00	-2.355400e-01	1.111111e-02	6.366198e-01	MIDPOINT CONTROL 2 PHASE 1
693	-1.000000e+00	1.956439e-01	1.000000e+00	6.437728e-01	MIDPOINT CONTROL 1 PHASE 1
694	-1.000000e+00	-2.214632e-01	1.111111e-02	6.366198e-01	MIDPOINT CONTROL 2 PHASE 1
695	-1.000000e+00	1.957020e-01	1.000000e+00	6.437728e-01	MIDPOINT CONTROL 1 PHASE 1
696	-1.000000e+00	-2.072282e-01	1.111111e-02	6.366198e-01	MIDPOINT CONTROL 2 PHASE 1
697	-1.000000e+00	1.957475e-01	1.000000e+00	6.437728e-01	MIDPOINT CONTROL 1 PHASE 1
698	-1.000000e+00	-1.929804e-01	1.111111e-02	6.366198e-01	MIDPOINT CONTROL 2 PHASE 1
699	-1.000000e+00	1.957665e-01	1.000000e+00	6.437728e-01	MIDPOINT CONTROL 1 PHASE 1
700	-1.000000e+00	-1.788362e-01	1.111111e-02	6.366198e-01	MIDPOINT CONTROL 2 PHASE 1
701	-1.000000e+00	1.957699e-01	1.000000e+00	6.437728e-01	MIDPOINT CONTROL 1 PHASE 1
702	-1.000000e+00	-1.648653e-01	1.111111e-02	6.366198e-01	MIDPOINT CONTROL 2 PHASE 1
703	-1.000000e+00	1.956594e-01	1.000000e+00	6.437728e-01	MIDPOINT CONTROL 1 PHASE 1
704	-1.000000e+00	-1.511175e-01	1.111111e-02	6.366198e-01	MIDPOINT CONTROL 2 PHASE 1
705	-1.000000e+00	1.953320e-01	1.000000e+00	6.437728e-01	MIDPOINT CONTROL 1 PHASE 1
706	-1.000000e+00	-1.374866e-01	1.111111e-02	6.366198e-01	MIDPOINT CONTROL 2 PHASE 1
707	-1.000000e+00	1.950094e-01	1.000000e+00	6.437728e-01	MIDPOINT CONTROL 1 PHASE 1
708	-1.000000e+00	-1.235911e-01	1.111111e-02	6.366198e-01	MIDPOINT CONTROL 2 PHASE 1
709	-1.000000e+00	1.952324e-01	1.000000e+00	6.437728e-01	MIDPOINT CONTROL 1 PHASE 1
710	-1.000000e+00	-1.090911e-01	1.111111e-02	6.366198e-01	MIDPOINT CONTROL 2 PHASE 1
711	-1.000000e+00	1.960555e-01	1.000000e+00	6.437728e-01	MIDPOINT CONTROL 1 PHASE 1
712	-1.000000e+00	-9.426550e-02	1.111111e-02	6.366198e-01	MIDPOINT CONTROL 2 PHASE 1
713	-1.000000e+00	1.961709e-01	1.000000e+00	6.437728e-01	MIDPOINT CONTROL 1 PHASE 1
714	-1.000000e+00	-8.300174e-02	1.111111e-02	6.366198e-01	MIDPOINT CONTROL 2 PHASE 1
715	-1.000000e+00	1.955347e-01	1.000000e+00	6.437728e-01	MIDPOINT CONTROL 1 PHASE 1
716	-1.000000e+00	-7.575173e-02	1.111111e-02	6.366198e-01	MIDPOINT CONTROL 2 PHASE 1
717	-1.000000e+00	1.942666e-01	1.000000e+00	6.437728e-01	MIDPOINT CONTROL 1 PHASE 1
718	-1.000000e+00	-6.948247e-02	1.111111e-02	6.366198e-01	MIDPOINT CONTROL 2 PHASE 1
719	-1.000000e+00	1.927639e-01	1.000000e+00	6.437728e-01	MIDPOINT CONTROL 1 PHASE 1
720	-1.000000e+00	-6.439975e-02	1.111111e-02	6.366198e-01	MIDPOINT CONTROL 2 PHASE 1
721	-1.000000e+00	1.908965e-01	1.000000e+00	6.437728e-01	MIDPOINT CONTROL 1 PHASE 1
722	-1.000000e+00	-5.887805e-02	1.111111e-02	6.366198e-01	MIDPOINT CONTROL 2 PHASE 1
723	-1.000000e+00	1.884351e-01	1.000000e+00	6.437728e-01	MIDPOINT CONTROL 1 PHASE 1
724	-1.000000e+00	-5.100770e-02	1.111111e-02	6.366198e-01	MIDPOINT CONTROL 2 PHASE 1
725	-1.000000e+00	1.864249e-01	1.000000e+00	6.437728e-01	MIDPOINT CONTROL 1 PHASE 1
726	-1.000000e+00	-4.304898e-02	1.111111e-02	6.366198e-01	MIDPOINT CONTROL 2 PHASE 1
727	-1.000000e+00	1.857106e-01	1.000000e+00	6.437728e-01	MIDPOINT CONTROL 1 PHASE 1
728	-1.000000e+00	-3.678052e-02	1.111111e-02	6.366198e-01	MIDPOINT CONTROL 2 PHASE 1
729	-1.000000e+00	1.857737e-01	1.000000e+00	6.437728e-01	MIDPOINT CONTROL 1 PHASE 1
730	-1.000000e+00	-2.982371e-02	1.111111e-02	6.366198e-01	MIDPOINT CONTROL 2 PHASE 1
731	-1.000000e+00	1.869009e-01	1.000000e+00	6.437728e-01	MIDPOINT CONTROL 1 PHASE 1
732	-1.000000e+00	-2.212310e-02	1.111111e-02	6.366198e-01	MIDPOINT CONTROL 2 PHASE 1
733	-1.000000e+00	1.888483e-01	1.000000e+00	6.437728e-01	MIDPOINT CONTROL 1 PHASE 1
734	-1.000000e+00	-1.584295e-02	1.111111e-02	6.366198e-01	MIDPOINT CONTROL 2 PHASE 1
735	-1.000000e+00	1.912163e-01	1.000000e+00	6.437728e-01	MIDPOINT CONTROL 1 PHASE 1
736	-1.000000e+00	-1.051097e-02	1.111111e-02	6.366198e-01	MIDPOINT CONTROL 2 PHASE 1
737	-1.000000e+00	1.943740e-01	1.000000e+00	6.437728e-01	MIDPOINT CONTROL 1 PHASE 1
738	-1.000000e+00	-1.621501e-03	1.111111e-02	6.366198e-01	MIDPOINT CONTROL 2 PHASE 1
739	0.000000e+00	0.000000e+00	0.000000e+00	6.437728e-01	MIDPOINT CONTROL 1 PHASE 1
740	2.500000e-02	5.021460e-01	1.000000e+00	6.366198e-01	MIDPOINT CONTROL 2 PHASE 1
739	0.000000e+00	0.000000e+00	0.000000e+00	2.500000e-04	t0 PHASE 1
740	2.500000e-02	5.021460e-01	1.000000e+00	2.500000e-04	tf PHASE 1