
***** Phase 1 differential defect constraints *****
LOWER		G(X)		UPPER		SCALING
0.000000e+00	2.011583e-08	0.000000e+00	5.000000e-01 ***
0.000000e+00	-2.857854e-08	0.000000e+00	5.000000e-01 ***
0.000000e+00	-9.309775e-13	0.000000e+00	5.000000e-01 ***
0.000000e+00	-3.530509e-14	0.000000e+00	5.000000e-01 ***
0.000000e+00	-5.079936e-11	0.000000e+00	5.000000e-01 ***
0.000000e+00	1.811333e-10	0.000000e+00	5.000000e-01 ***
0.000000e+00	-1.337017e-10	0.000000e+00	5.000000e-01 ***
0.000000e+00	5.525926e-11	0.000000e+00	5.000000e-01 ***
0.000000e+00	4.700795e-11	0.000000e+00	5.000000e-01 ***
0.000000e+00	6.143841e-11	0.000000e+00	5.000000e-01 ***
0.000000e+00	-7.170645e-11	0.000000e+00	5.000000e-01 ***
0.000000e+00	3.073013e-11	0.000000e+00	5.000000e-01 ***
0.000000e+00	-1.589329e-10	0.000000e+00	5.000000e-01 ***
0.000000e+00	2.561764e-10	0.000000e+00	5.000000e-01 ***
0.000000e+00	-1.296732e-10	0.000000e+00	5.000000e-01 ***
0.000000e+00	5.566709e-11	0.000000e+00	5.000000e-01 ***
0.000000e+00	-7.166689e-11	0.000000e+00	5.000000e-01 ***
0.000000e+00	1.559441e-10	0.000000e+00	5.000000e-01 ***
0.000000e+00	-8.696113e-11	0.000000e+00	5.000000e-01 ***
0.000000e+00	3.873298e-11	0.000000e+00	5.000000e-01 ***
0.000000e+00	-2.337546e-10	0.000000e+00	5.000000e-01 ***
0.000000e+00	3.343286e-10	0.000000e+00	5.000000e-01 ***
0.000000e+00	-1.326059e-10	0.000000e+00	5.000000e-01 ***
0.000000e+00	5.830107e-11	0.000000e+00	5.000000e-01 ***
0.000000e+00	-1.233552e-10	0.000000e+00	5.000000e-01 ***
0.000000e+00	2.001852e-10	0.000000e+00	5.000000e-01 ***
0.000000e+00	-8.973577e-11	0.000000e+00	5.000000e-01 ***
0.000000e+00	4.113164e-11	0.000000e+00	5.000000e-01 ***
0.000000e+00	-2.358800e-10	0.000000e+00	5.000000e-01 ***
0.000000e+00	3.177643e-10	0.000000e+00	5.000000e-01 ***
0.000000e+00	-1.255002e-10	0.000000e+00	5.000000e-01 ***
0.000000e+00	5.604592e-11	0.000000e+00	5.000000e-01 ***
0.000000e+00	-5.191991e-11	0.000000e+00	5.000000e-01 ***
0.000000e+00	8.733247e-11	0.000000e+00	5.000000e-01 ***
0.000000e+00	-7.173528e-11	0.000000e+00	5.000000e-01 ***
0.000000e+00	3.386025e-11	0.000000e+00	5.000000e-01 ***
0.000000e+00	-9.470391e-11	0.000000e+00	5.000000e-01 ***
0.000000e+00	1.061556e-10	0.000000e+00	5.000000e-01 ***
0.000000e+00	-1.008980e-10	0.000000e+00	5.000000e-01 ***
0.000000e+00	4.552014e-11	0.000000e+00	5.000000e-01 ***
0.000000e+00	1.148517e-10	0.000000e+00	5.000000e-01 ***
0.000000e+00	-1.448383e-10	0.000000e+00	5.000000e-01 ***
0.000000e+00	-3.162670e-11	0.000000e+00	5.000000e-01 ***
0.000000e+00	1.631437e-11	0.000000e+00	5.000000e-01 ***
0.000000e+00	7.045167e-11	0.000000e+00	5.000000e-01 ***
0.000000e+00	-1.434015e-10	0.000000e+00	5.000000e-01 ***
0.000000e+00	-6.900613e-11	0.000000e+00	5.000000e-01 ***
0.000000e+00	3.041101e-11	0.000000e+00	5.000000e-01 ***
0.000000e+00	2.309043e-10	0.000000e+00	5.000000e-01 ***
0.000000e+00	-2.801546e-10	0.000000e+00	5.000000e-01 ***
0.000000e+00	2.590272e-11	0.000000e+00	5.000000e-01 ***
0.000000e+00	-9.472340e-12	0.000000e+00	5.000000e-01 ***
0.000000e+00	1.436797e-10	0.000000e+00	5.000000e-01 ***
0.000000e+00	-2.975845e-10	0.000000e+00	5.000000e-01 ***
0.000000e+00	-5.752310e-11	0.000000e+00	5.000000e-01 ***
0.000000e+00	2.199343e-11	0.000000e+00	5.000000e-01 ***
0.000000e+00	2.457957e-09	0.000000e+00	5.000000e-01 ***
0.000000e+00	-2.298209e-09	0.000000e+00	5.000000e-01 ***
0.000000e+00	2.970298e-10	0.000000e+00	5.000000e-01 ***
0.000000e+00	-1.197273e-10	0.000000e+00	5.000000e-01 ***
0.000000e+00	-8.353653e-10	0.000000e+00	5.000000e-01 ***
0.000000e+00	5.052916e-10	0.000000e+00	5.000000e-01 ***
0.000000e+00	3.201137e-10	0.000000e+00	5.000000e-01 ***
0.000000e+00	-1.206500e-10	0.000000e+00	5.000000e-01 ***
0.000000e+00	6.675827e-11	0.000000e+00	5.000000e-01 ***
0.000000e+00	-6.129941e-11	0.000000e+00	5.000000e-01 ***
0.000000e+00	2.600986e-11	0.000000e+00	5.000000e-01 ***
0.000000e+00	-2.198720e-12	0.000000e+00	5.000000e-01 ***
0.000000e+00	4.458167e-11	0.000000e+00	5.000000e-01 ***
0.000000e+00	-3.058487e-11	0.000000e+00	5.000000e-01 ***
0.000000e+00	7.866541e-11	0.000000e+00	5.000000e-01 ***
0.000000e+00	-1.910255e-11	0.000000e+00	5.000000e-01 ***
0.000000e+00	7.390832e-11	0.000000e+00	5.000000e-01 ***
0.000000e+00	-4.190959e-11	0.000000e+00	5.000000e-01 ***
0.000000e+00	1.852291e-11	0.000000e+00	5.000000e-01 ***
0.000000e+00	6.023210e-12	0.000000e+00	5.000000e-01 ***
0.000000e+00	1.027175e-10	0.000000e+00	5.000000e-01 ***
0.000000e+00	-3.623002e-11	0.000000e+00	5.000000e-01 ***
0.000000e+00	3.039073e-11	0.000000e+00	5.000000e-01 ***
0.000000e+00	9.011236e-12	0.000000e+00	5.000000e-01 ***
0.000000e+00	-2.246675e-10	0.000000e+00	5.000000e-01 ***
0.000000e+00	-6.454071e-11	0.000000e+00	5.000000e-01 ***
0.000000e+00	1.229396e-11	0.000000e+00	5.000000e-01 ***
0.000000e+00	9.968470e-12	0.000000e+00	5.000000e-01 ***
0.000000e+00	-1.747348e-11	0.000000e+00	5.000000e-01 ***
0.000000e+00	-2.167178e-11	0.000000e+00	5.000000e-01 ***
0.000000e+00	4.393283e-11	0.000000e+00	5.000000e-01 ***
0.000000e+00	-1.319689e-11	0.000000e+00	5.000000e-01 ***
0.000000e+00	-2.068392e-11	0.000000e+00	5.000000e-01 ***
0.000000e+00	-3.258049e-11	0.000000e+00	5.000000e-01 ***
0.000000e+00	2.900091e-11	0.000000e+00	5.000000e-01 ***
0.000000e+00	-5.411505e-12	0.000000e+00	5.000000e-01 ***
0.000000e+00	-4.463707e-12	0.000000e+00	5.000000e-01 ***
0.000000e+00	-2.741007e-11	0.000000e+00	5.000000e-01 ***
0.000000e+00	3.873707e-11	0.000000e+00	5.000000e-01 ***
0.000000e+00	-1.163031e-11	0.000000e+00	5.000000e-01 ***
0.000000e+00	3.943734e-12	0.000000e+00	5.000000e-01 ***
0.000000e+00	-4.328360e-11	0.000000e+00	5.000000e-01 ***
0.000000e+00	3.328565e-11	0.000000e+00	5.000000e-01 ***
0.000000e+00	-8.662959e-12	0.000000e+00	5.000000e-01 ***
0.000000e+00	1.527746e-11	0.000000e+00	5.000000e-01 ***
0.000000e+00	-4.567069e-11	0.000000e+00	5.000000e-01 ***
0.000000e+00	3.181949e-11	0.000000e+00	5.000000e-01 ***
0.000000e+00	-9.647061e-12	0.000000e+00	5.000000e-01 ***
0.000000e+00	5.258721e-11	0.000000e+00	5.000000e-01 ***
0.000000e+00	-9.604384e-11	0.000000e+00	5.000000e-01 ***
0.000000e+00	3.615452e-11	0.000000e+00	5.000000e-01 ***
0.000000e+00	-1.150330e-11	0.000000e+00	5.000000e-01 ***
0.000000e+00	9.004303e-11	0.000000e+00	5.000000e-01 ***
0.000000e+00	-1.316566e-10	0.000000e+00	5.000000e-01 ***
0.000000e+00	1.679845e-11	0.000000e+00	5.000000e-01 ***
0.000000e+00	-5.132783e-12	0.000000e+00	5.000000e-01 ***
0.000000e+00	3.246698e-10	0.000000e+00	5.000000e-01 ***
0.000000e+00	-4.455607e-10	0.000000e+00	5.000000e-01 ***
0.000000e+00	3.555622e-11	0.000000e+00	5.000000e-01 ***
0.000000e+00	-1.334510e-11	0.000000e+00	5.000000e-01 ***
0.000000e+00	4.793705e-10	0.000000e+00	5.000000e-01 ***
0.000000e+00	-6.510941e-10	0.000000e+00	5.000000e-01 ***
0.000000e+00	-5.140754e-11	0.000000e+00	5.000000e-01 ***
0.000000e+00	2.106076e-11	0.000000e+00	5.000000e-01 ***
0.000000e+00	-5.357246e-09	0.000000e+00	5.000000e-01 ***
0.000000e+00	7.109594e-09	0.000000e+00	5.000000e-01 ***
0.000000e+00	1.595744e-10	0.000000e+00	5.000000e-01 ***
0.000000e+00	-6.604517e-11	0.000000e+00	5.000000e-01 ***
0.000000e+00	1.399499e-08	0.000000e+00	5.000000e-01 ***
0.000000e+00	-1.856075e-08	0.000000e+00	5.000000e-01 ***
0.000000e+00	5.445933e-11	0.000000e+00	5.000000e-01 ***
0.000000e+00	-2.329681e-11	0.000000e+00	5.000000e-01 ***
0.000000e+00	-2.110533e-09	0.000000e+00	5.000000e-01 ***
0.000000e+00	2.609227e-09	0.000000e+00	5.000000e-01 ***
0.000000e+00	-3.584513e-10	0.000000e+00	5.000000e-01 ***
0.000000e+00	1.489597e-10	0.000000e+00	5.000000e-01 ***
0.000000e+00	-1.696402e-09	0.000000e+00	5.000000e-01 ***
0.000000e+00	2.203992e-09	0.000000e+00	5.000000e-01 ***
0.000000e+00	-2.174538e-10	0.000000e+00	5.000000e-01 ***
0.000000e+00	9.124812e-11	0.000000e+00	5.000000e-01 ***
0.000000e+00	-1.620880e-09	0.000000e+00	5.000000e-01 ***
0.000000e+00	2.062018e-09	0.000000e+00	5.000000e-01 ***
0.000000e+00	-3.053521e-10	0.000000e+00	5.000000e-01 ***
0.000000e+00	1.286694e-10	0.000000e+00	5.000000e-01 ***
0.000000e+00	-1.306108e-09	0.000000e+00	5.000000e-01 ***
0.000000e+00	1.708755e-09	0.000000e+00	5.000000e-01 ***
0.000000e+00	-2.054555e-10	0.000000e+00	5.000000e-01 ***
0.000000e+00	8.712689e-11	0.000000e+00	5.000000e-01 ***
0.000000e+00	-1.407549e-09	0.000000e+00	5.000000e-01 ***
0.000000e+00	1.809245e-09	0.000000e+00	5.000000e-01 ***
0.000000e+00	-2.654729e-10	0.000000e+00	5.000000e-01 ***
0.000000e+00	1.122389e-10	0.000000e+00	5.000000e-01 ***
0.000000e+00	-1.275900e-09	0.000000e+00	5.000000e-01 ***
0.000000e+00	1.696879e-09	0.000000e+00	5.000000e-01 ***
0.000000e+00	-1.486120e-10	0.000000e+00	5.000000e-01 ***
0.000000e+00	6.298576e-11	0.000000e+00	5.000000e-01 ***
0.000000e+00	-1.658037e-09	0.000000e+00	5.000000e-01 ***
0.000000e+00	2.137110e-09	0.000000e+00	5.000000e-01 ***
0.000000e+00	-2.213868e-10	0.000000e+00	5.000000e-01 ***
0.000000e+00	9.366528e-11	0.000000e+00	5.000000e-01 ***
0.000000e+00	-3.320137e-08	0.000000e+00	5.000000e-01 ***
0.000000e+00	4.557041e-08	0.000000e+00	5.000000e-01 ***
0.000000e+00	4.263256e-14	0.000000e+00	5.000000e-01 ***
0.000000e+00	4.547474e-13	0.000000e+00	5.000000e-01 ***
***** Phase 1 path constraints *****
LOWER		G(X)		UPPER		SCALING
***** Phase 1 event constraints *****
LOWER		G(X)		UPPER		SCALING
0.000000e+00	0.000000e+00	0.000000e+00	5.000000e-01
0.000000e+00	0.000000e+00	0.000000e+00	5.000000e-01
2.500000e-01	2.500000e-01	2.500000e-01	5.000000e-01
0.000000e+00	0.000000e+00	0.000000e+00	5.000000e-01
0.000000e+00	-3.460087e-22	0.000000e+00	5.000000e-01 ***
0.000000e+00	0.000000e+00	0.000000e+00	5.000000e-01
2.500000e-01	2.500000e-01	2.500000e-01	5.000000e-01
2.610000e-01	2.610000e-01	2.610000e-01	5.000000e-01
***** Phase 1 tf >= t0 constraint *****
LOWER		G(X)		UPPER		SCALING
-7.071068e-01	-2.113303e-01	0.000000e+00	7.071068e-01
***** Phase linkage constraints *****
LOWER		G(X)		UPPER		SCALING
***** Scaled Decision Variables ******************************
J	LOWER		X(J)		UPPER		SCALING		DESCRIPTION
1	-1.000000e+00	9.994865e-01	1.000000e+00	1.000000e+00	CONTROL 1 PHASE 1
2	-1.000000e+00	8.839969e-01	1.000000e+00	1.000000e+00	CONTROL 2 PHASE 1
3	-1.000000e+00	9.999892e-01	1.000000e+00	1.000000e+00	CONTROL 1 PHASE 1
4	-1.000000e+00	9.999977e-01	1.000000e+00	1.000000e+00	CONTROL 2 PHASE 1
5	-1.000000e+00	9.999940e-01	1.000000e+00	1.000000e+00	CONTROL 1 PHASE 1
6	-1.000000e+00	9.999972e-01	1.000000e+00	1.000000e+00	CONTROL 2 PHASE 1
7	-1.000000e+00	9.999956e-01	1.000000e+00	1.000000e+00	CONTROL 1 PHASE 1
8	-1.000000e+00	9.999990e-01	1.000000e+00	1.000000e+00	CONTROL 2 PHASE 1
9	-1.000000e+00	9.999966e-01	1.000000e+00	1.000000e+00	CONTROL 1 PHASE 1
10	-1.000000e+00	9.999986e-01	1.000000e+00	1.000000e+00	CONTROL 2 PHASE 1
11	-1.000000e+00	9.999972e-01	1.000000e+00	1.000000e+00	CONTROL 1 PHASE 1
12	-1.000000e+00	9.999993e-01	1.000000e+00	1.000000e+00	CONTROL 2 PHASE 1
13	-1.000000e+00	9.999977e-01	1.000000e+00	1.000000e+00	CONTROL 1 PHASE 1
14	-1.000000e+00	9.999990e-01	1.000000e+00	1.000000e+00	CONTROL 2 PHASE 1
15	-1.000000e+00	9.999980e-01	1.000000e+00	1.000000e+00	CONTROL 1 PHASE 1
16	-1.000000e+00	9.999994e-01	1.000000e+00	1.000000e+00	CONTROL 2 PHASE 1
17	-1.000000e+00	9.999983e-01	1.000000e+00	1.000000e+00	CONTROL 1 PHASE 1
18	-1.000000e+00	9.999990e-01	1.000000e+00	1.000000e+00	CONTROL 2 PHASE 1
19	-1.000000e+00	9.999985e-01	1.000000e+00	1.000000e+00	CONTROL 1 PHASE 1
20	-1.000000e+00	9.999993e-01	1.000000e+00	1.000000e+00	CONTROL 2 PHASE 1
21	-1.000000e+00	9.999986e-01	1.000000e+00	1.000000e+00	CONTROL 1 PHASE 1
22	-1.000000e+00	9.999987e-01	1.000000e+00	1.000000e+00	CONTROL 2 PHASE 1
23	-1.000000e+00	9.999988e-01	1.000000e+00	1.000000e+00	CONTROL 1 PHASE 1
24	-1.000000e+00	9.999990e-01	1.000000e+00	1.000000e+00	CONTROL 2 PHASE 1
25	-1.000000e+00	9.999988e-01	1.000000e+00	1.000000e+00	CONTROL 1 PHASE 1
26	-1.000000e+00	9.999976e-01	1.000000e+00	1.000000e+00	CONTROL 2 PHASE 1
27	-1.000000e+00	9.999989e-01	1.000000e+00	1.000000e+00	CONTROL 1 PHASE 1
28	-1.000000e+00	9.999979e-01	1.000000e+00	1.000000e+00	CONTROL 2 PHASE 1
29	-1.000000e+00	9.999989e-01	1.000000e+00	1.000000e+00	CONTROL 1 PHASE 1
30	-1.000000e+00	7.907795e-01	1.000000e+00	1.000000e+00	CONTROL 2 PHASE 1
31	-1.000000e+00	9.999988e-01	1.000000e+00	1.000000e+00	CONTROL 1 PHASE 1
32	-1.000000e+00	-2.369707e-01	1.000000e+00	1.000000e+00	CONTROL 2 PHASE 1
33	-1.000000e+00	9.999986e-01	1.000000e+00	1.000000e+00	CONTROL 1 PHASE 1
34	-1.000000e+00	-9.999971e-01	1.000000e+00	1.000000e+00	CONTROL 2 PHASE 1
35	-1.000000e+00	9.999980e-01	1.000000e+00	1.000000e+00	CONTROL 1 PHASE 1
36	-1.000000e+00	-9.999973e-01	1.000000e+00	1.000000e+00	CONTROL 2 PHASE 1
37	-1.000000e+00	9.999977e-01	1.000000e+00	1.000000e+00	CONTROL 1 PHASE 1
38	-1.000000e+00	-9.999983e-01	1.000000e+00	1.000000e+00	CONTROL 2 PHASE 1
39	-1.000000e+00	4.957980e-01	1.000000e+00	1.000000e+00	CONTROL 1 PHASE 1
40	-1.000000e+00	-9.999984e-01	1.000000e+00	1.000000e+00	CONTROL 2 PHASE 1
41	-1.000000e+00	-4.957802e-01	1.000000e+00	1.000000e+00	CONTROL 1 PHASE 1
42	-1.000000e+00	-9.999986e-01	1.000000e+00	1.000000e+00	CONTROL 2 PHASE 1
43	-1.000000e+00	-9.999983e-01	1.000000e+00	1.000000e+00	CONTROL 1 PHASE 1
44	-1.000000e+00	-9.999987e-01	1.000000e+00	1.000000e+00	CONTROL 2 PHASE 1
45	-1.000000e+00	-9.999979e-01	1.000000e+00	1.000000e+00	CONTROL 1 PHASE 1
46	-1.000000e+00	-9.999986e-01	1.000000e+00	1.000000e+00	CONTROL 2 PHASE 1
47	-1.000000e+00	-9.999991e-01	1.000000e+00	1.000000e+00	CONTROL 1 PHASE 1
48	-1.000000e+00	-9.999986e-01	1.000000e+00	1.000000e+00	CONTROL 2 PHASE 1
49	-1.000000e+00	-9.999989e-01	1.000000e+00	1.000000e+00	CONTROL 1 PHASE 1
50	-1.000000e+00	-9.999983e-01	1.000000e+00	1.000000e+00	CONTROL 2 PHASE 1
51	-1.000000e+00	-9.999994e-01	1.000000e+00	1.000000e+00	CONTROL 1 PHASE 1
52	-1.000000e+00	-9.999983e-01	1.000000e+00	1.000000e+00	CONTROL 2 PHASE 1
53	-1.000000e+00	-9.999992e-01	1.000000e+00	1.000000e+00	CONTROL 1 PHASE 1
54	-1.000000e+00	-9.999975e-01	1.000000e+00	1.000000e+00	CONTROL 2 PHASE 1
55	-1.000000e+00	-9.999994e-01	1.000000e+00	1.000000e+00	CONTROL 1 PHASE 1
56	-1.000000e+00	-9.999975e-01	1.000000e+00	1.000000e+00	CONTROL 2 PHASE 1
57	-1.000000e+00	-9.999993e-01	1.000000e+00	1.000000e+00	CONTROL 1 PHASE 1
58	-1.000000e+00	-9.999948e-01	1.000000e+00	1.000000e+00	CONTROL 2 PHASE 1
59	-1.000000e+00	-9.999995e-01	1.000000e+00	1.000000e+00	CONTROL 1 PHASE 1
60	-1.000000e+00	-9.999948e-01	1.000000e+00	1.000000e+00	CONTROL 2 PHASE 1
61	-1.000000e+00	-9.999993e-01	1.000000e+00	1.000000e+00	CONTROL 1 PHASE 1
62	-1.000000e+00	-3.857515e-01	1.000000e+00	1.000000e+00	CONTROL 2 PHASE 1
63	-1.000000e+00	-9.999994e-01	1.000000e+00	1.000000e+00	CONTROL 1 PHASE 1
64	-1.000000e+00	6.056654e-01	1.000000e+00	1.000000e+00	CONTROL 2 PHASE 1
65	-1.000000e+00	-9.999992e-01	1.000000e+00	1.000000e+00	CONTROL 1 PHASE 1
66	-1.000000e+00	9.999938e-01	1.000000e+00	1.000000e+00	CONTROL 2 PHASE 1
67	-1.000000e+00	-9.999994e-01	1.000000e+00	1.000000e+00	CONTROL 1 PHASE 1
68	-1.000000e+00	9.999926e-01	1.000000e+00	1.000000e+00	CONTROL 2 PHASE 1
69	-1.000000e+00	-9.999990e-01	1.000000e+00	1.000000e+00	CONTROL 1 PHASE 1
70	-1.000000e+00	9.999959e-01	1.000000e+00	1.000000e+00	CONTROL 2 PHASE 1
71	-1.000000e+00	-9.999992e-01	1.000000e+00	1.000000e+00	CONTROL 1 PHASE 1
72	-1.000000e+00	9.999938e-01	1.000000e+00	1.000000e+00	CONTROL 2 PHASE 1
73	-1.000000e+00	-9.999985e-01	1.000000e+00	1.000000e+00	CONTROL 1 PHASE 1
74	-1.000000e+00	9.999953e-01	1.000000e+00	1.000000e+00	CONTROL 2 PHASE 1
75	-1.000000e+00	-9.999986e-01	1.000000e+00	1.000000e+00	CONTROL 1 PHASE 1
76	-1.000000e+00	9.999898e-01	1.000000e+00	1.000000e+00	CONTROL 2 PHASE 1
77	-1.000000e+00	-9.999958e-01	1.000000e+00	1.000000e+00	CONTROL 1 PHASE 1
78	-1.000000e+00	9.999902e-01	1.000000e+00	1.000000e+00	CONTROL 2 PHASE 1
79	-1.000000e+00	-9.999889e-01	1.000000e+00	1.000000e+00	CONTROL 1 PHASE 1
80	-1.000000e+00	9.996121e-01	1.000000e+00	1.000000e+00	CONTROL 2 PHASE 1
81	-1.000000e+00	0.000000e+00	1.000000e+00	5.000000e-01	STATE 1 PHASE 1
82	-1.000000e+00	0.000000e+00	1.000000e+00	5.000000e-01	STATE 2 PHASE 1
83	-1.000000e+00	2.500000e-01	1.000000e+00	5.000000e-01	STATE 3 PHASE 1
84	-1.000000e+00	0.000000e+00	1.000000e+00	5.000000e-01	STATE 4 PHASE 1
85	-1.000000e+00	-3.055428e-03	1.000000e+00	5.000000e-01	STATE 1 PHASE 1
86	-1.000000e+00	5.534119e-03	1.000000e+00	5.000000e-01	STATE 2 PHASE 1
87	-1.000000e+00	2.500291e-01	1.000000e+00	5.000000e-01	STATE 3 PHASE 1
88	-1.000000e+00	-1.028761e-05	1.000000e+00	5.000000e-01	STATE 4 PHASE 1
89	-1.000000e+00	-1.107022e-02	1.000000e+00	5.000000e-01	STATE 1 PHASE 1
90	-1.000000e+00	1.968644e-02	1.000000e+00	5.000000e-01	STATE 2 PHASE 1
91	-1.000000e+00	2.503539e-01	1.000000e+00	5.000000e-01	STATE 3 PHASE 1
92	-1.000000e+00	-1.269264e-04	1.000000e+00	5.000000e-01	STATE 4 PHASE 1
93	-1.000000e+00	-2.317377e-02	1.000000e+00	5.000000e-01	STATE 1 PHASE 1
94	-1.000000e+00	4.123692e-02	1.000000e+00	5.000000e-01	STATE 2 PHASE 1
95	-1.000000e+00	2.515812e-01	1.000000e+00	5.000000e-01	STATE 3 PHASE 1
96	-1.000000e+00	-5.685613e-04	1.000000e+00	5.000000e-01	STATE 4 PHASE 1
97	-1.000000e+00	-3.956658e-02	1.000000e+00	5.000000e-01	STATE 1 PHASE 1
98	-1.000000e+00	7.047021e-02	1.000000e+00	5.000000e-01	STATE 2 PHASE 1
99	-1.000000e+00	2.546302e-01	1.000000e+00	5.000000e-01	STATE 3 PHASE 1
100	-1.000000e+00	-1.665390e-03	1.000000e+00	5.000000e-01	STATE 4 PHASE 1
101	-1.000000e+00	-5.917223e-02	1.000000e+00	5.000000e-01	STATE 1 PHASE 1
102	-1.000000e+00	1.059435e-01	1.000000e+00	5.000000e-01	STATE 2 PHASE 1
103	-1.000000e+00	2.606689e-01	1.000000e+00	5.000000e-01	STATE 3 PHASE 1
104	-1.000000e+00	-3.833136e-03	1.000000e+00	5.000000e-01	STATE 4 PHASE 1
105	-1.000000e+00	-8.131386e-02	1.000000e+00	5.000000e-01	STATE 1 PHASE 1
106	-1.000000e+00	1.468455e-01	1.000000e+00	5.000000e-01	STATE 2 PHASE 1
107	-1.000000e+00	2.710068e-01	1.000000e+00	5.000000e-01	STATE 3 PHASE 1
108	-1.000000e+00	-7.527849e-03	1.000000e+00	5.000000e-01	STATE 4 PHASE 1
109	-1.000000e+00	-1.039800e-01	1.000000e+00	5.000000e-01	STATE 1 PHASE 1
110	-1.000000e+00	1.906091e-01	1.000000e+00	5.000000e-01	STATE 2 PHASE 1
111	-1.000000e+00	2.869299e-01	1.000000e+00	5.000000e-01	STATE 3 PHASE 1
112	-1.000000e+00	-1.317565e-02	1.000000e+00	5.000000e-01	STATE 4 PHASE 1
113	-1.000000e+00	-1.255641e-01	1.000000e+00	5.000000e-01	STATE 1 PHASE 1
114	-1.000000e+00	2.353800e-01	1.000000e+00	5.000000e-01	STATE 2 PHASE 1
115	-1.000000e+00	3.095086e-01	1.000000e+00	5.000000e-01	STATE 3 PHASE 1
116	-1.000000e+00	-2.108856e-02	1.000000e+00	5.000000e-01	STATE 4 PHASE 1
117	-1.000000e+00	-1.435069e-01	1.000000e+00	5.000000e-01	STATE 1 PHASE 1
118	-1.000000e+00	2.781054e-01	1.000000e+00	5.000000e-01	STATE 2 PHASE 1
119	-1.000000e+00	3.394034e-01	1.000000e+00	5.000000e-01	STATE 3 PHASE 1
120	-1.000000e+00	-3.137798e-02	1.000000e+00	5.000000e-01	STATE 4 PHASE 1
121	-1.000000e+00	-1.564725e-01	1.000000e+00	5.000000e-01	STATE 1 PHASE 1
122	-1.000000e+00	3.176374e-01	1.000000e+00	5.000000e-01	STATE 2 PHASE 1
123	-1.000000e+00	3.767644e-01	1.000000e+00	5.000000e-01	STATE 3 PHASE 1
124	-1.000000e+00	-4.390547e-02	1.000000e+00	5.000000e-01	STATE 4 PHASE 1
125	-1.000000e+00	-1.627466e-01	1.000000e+00	5.000000e-01	STATE 1 PHASE 1
126	-1.000000e+00	3.524202e-01	1.000000e+00	5.000000e-01	STATE 2 PHASE 1
127	-1.000000e+00	4.212263e-01	1.000000e+00	5.000000e-01	STATE 3 PHASE 1
128	-1.000000e+00	-5.827254e-02	1.000000e+00	5.000000e-01	STATE 4 PHASE 1
129	-1.000000e+00	-1.624901e-01	1.000000e+00	5.000000e-01	STATE 1 PHASE 1
130	-1.000000e+00	3.838379e-01	1.000000e+00	5.000000e-01	STATE 2 PHASE 1
131	-1.000000e+00	4.720579e-01	1.000000e+00	5.000000e-01	STATE 3 PHASE 1
132	-1.000000e+00	-7.387287e-02	1.000000e+00	5.000000e-01	STATE 4 PHASE 1
133	-1.000000e+00	-1.548803e-01	1.000000e+00	5.000000e-01	STATE 1 PHASE 1
134	-1.000000e+00	4.120622e-01	1.000000e+00	5.000000e-01	STATE 2 PHASE 1
135	-1.000000e+00	5.283014e-01	1.000000e+00	5.000000e-01	STATE 3 PHASE 1
136	-1.000000e+00	-8.993834e-02	1.000000e+00	5.000000e-01	STATE 4 PHASE 1
137	-1.000000e+00	-1.387313e-01	1.000000e+00	5.000000e-01	STATE 1 PHASE 1
138	-1.000000e+00	4.371393e-01	1.000000e+00	5.000000e-01	STATE 2 PHASE 1
139	-1.000000e+00	5.888399e-01	1.000000e+00	5.000000e-01	STATE 3 PHASE 1
140	-1.000000e+00	-1.055524e-01	1.000000e+00	5.000000e-01	STATE 4 PHASE 1
141	-1.000000e+00	-9.652655e-02	1.000000e+00	5.000000e-01	STATE 1 PHASE 1
142	-1.000000e+00	4.320156e-01	1.000000e+00	5.000000e-01	STATE 2 PHASE 1
143	-1.000000e+00	6.501079e-01	1.000000e+00	5.000000e-01	STATE 3 PHASE 1
144	-1.000000e+00	-1.187605e-01	1.000000e+00	5.000000e-01	STATE 4 PHASE 1
145	-1.000000e+00	-2.498593e-02	1.000000e+00	5.000000e-01	STATE 1 PHASE 1
146	-1.000000e+00	3.841818e-01	1.000000e+00	5.000000e-01	STATE 2 PHASE 1
147	-1.000000e+00	7.034066e-01	1.000000e+00	5.000000e-01	STATE 3 PHASE 1
148	-1.000000e+00	-1.257507e-01	1.000000e+00	5.000000e-01	STATE 4 PHASE 1
149	-1.000000e+00	4.800717e-02	1.000000e+00	5.000000e-01	STATE 1 PHASE 1
150	-1.000000e+00	3.296192e-01	1.000000e+00	5.000000e-01	STATE 2 PHASE 1
151	-1.000000e+00	7.431225e-01	1.000000e+00	5.000000e-01	STATE 3 PHASE 1
152	-1.000000e+00	-1.243302e-01	1.000000e+00	5.000000e-01	STATE 4 PHASE 1
153	-1.000000e+00	1.142732e-01	1.000000e+00	5.000000e-01	STATE 1 PHASE 1
154	-1.000000e+00	2.798897e-01	1.000000e+00	5.000000e-01	STATE 2 PHASE 1
155	-1.000000e+00	7.692937e-01	1.000000e+00	5.000000e-01	STATE 3 PHASE 1
156	-1.000000e+00	-1.147514e-01	1.000000e+00	5.000000e-01	STATE 4 PHASE 1
157	-1.000000e+00	1.707858e-01	1.000000e+00	5.000000e-01	STATE 1 PHASE 1
158	-1.000000e+00	2.285949e-01	1.000000e+00	5.000000e-01	STATE 2 PHASE 1
159	-1.000000e+00	7.823774e-01	1.000000e+00	5.000000e-01	STATE 3 PHASE 1
160	-1.000000e+00	-9.769195e-02	1.000000e+00	5.000000e-01	STATE 4 PHASE 1
161	-1.000000e+00	2.025828e-01	1.000000e+00	5.000000e-01	STATE 1 PHASE 1
162	-1.000000e+00	1.744070e-01	1.000000e+00	5.000000e-01	STATE 2 PHASE 1
163	-1.000000e+00	7.838784e-01	1.000000e+00	5.000000e-01	STATE 3 PHASE 1
164	-1.000000e+00	-7.521542e-02	1.000000e+00	5.000000e-01	STATE 4 PHASE 1
165	-1.000000e+00	2.110023e-01	1.000000e+00	5.000000e-01	STATE 1 PHASE 1
166	-1.000000e+00	1.183327e-01	1.000000e+00	5.000000e-01	STATE 2 PHASE 1
167	-1.000000e+00	7.765832e-01	1.000000e+00	5.000000e-01	STATE 3 PHASE 1
168	-1.000000e+00	-5.057089e-02	1.000000e+00	5.000000e-01	STATE 4 PHASE 1
169	-1.000000e+00	2.130338e-01	1.000000e+00	5.000000e-01	STATE 1 PHASE 1
170	-1.000000e+00	6.242544e-02	1.000000e+00	5.000000e-01	STATE 2 PHASE 1
171	-1.000000e+00	7.623098e-01	1.000000e+00	5.000000e-01	STATE 3 PHASE 1
172	-1.000000e+00	-2.568911e-02	1.000000e+00	5.000000e-01	STATE 4 PHASE 1
173	-1.000000e+00	2.157039e-01	1.000000e+00	5.000000e-01	STATE 1 PHASE 1
174	-1.000000e+00	6.985381e-03	1.000000e+00	5.000000e-01	STATE 2 PHASE 1
175	-1.000000e+00	7.415749e-01	1.000000e+00	5.000000e-01	STATE 3 PHASE 1
176	-1.000000e+00	-9.420944e-04	1.000000e+00	5.000000e-01	STATE 4 PHASE 1
177	-1.000000e+00	2.197306e-01	1.000000e+00	5.000000e-01	STATE 1 PHASE 1
178	-1.000000e+00	-4.777775e-02	1.000000e+00	5.000000e-01	STATE 2 PHASE 1
179	-1.000000e+00	7.147257e-01	1.000000e+00	5.000000e-01	STATE 3 PHASE 1
180	-1.000000e+00	2.361318e-02	1.000000e+00	5.000000e-01	STATE 4 PHASE 1
181	-1.000000e+00	2.266185e-01	1.000000e+00	5.000000e-01	STATE 1 PHASE 1
182	-1.000000e+00	-1.023265e-01	1.000000e+00	5.000000e-01	STATE 2 PHASE 1
183	-1.000000e+00	6.820972e-01	1.000000e+00	5.000000e-01	STATE 3 PHASE 1
184	-1.000000e+00	4.803445e-02	1.000000e+00	5.000000e-01	STATE 4 PHASE 1
185	-1.000000e+00	2.373221e-01	1.000000e+00	5.000000e-01	STATE 1 PHASE 1
186	-1.000000e+00	-1.571458e-01	1.000000e+00	5.000000e-01	STATE 2 PHASE 1
187	-1.000000e+00	6.439825e-01	1.000000e+00	5.000000e-01	STATE 3 PHASE 1
188	-1.000000e+00	7.248037e-02	1.000000e+00	5.000000e-01	STATE 4 PHASE 1
189	-1.000000e+00	2.532582e-01	1.000000e+00	5.000000e-01	STATE 1 PHASE 1
190	-1.000000e+00	-2.137506e-01	1.000000e+00	5.000000e-01	STATE 2 PHASE 1
191	-1.000000e+00	6.006195e-01	1.000000e+00	5.000000e-01	STATE 3 PHASE 1
192	-1.000000e+00	9.717514e-02	1.000000e+00	5.000000e-01	STATE 4 PHASE 1
193	-1.000000e+00	2.752456e-01	1.000000e+00	5.000000e-01	STATE 1 PHASE 1
194	-1.000000e+00	-2.731025e-01	1.000000e+00	5.000000e-01	STATE 2 PHASE 1
195	-1.000000e+00	5.522154e-01	1.000000e+00	5.000000e-01	STATE 3 PHASE 1
196	-1.000000e+00	1.223697e-01	1.000000e+00	5.000000e-01	STATE 4 PHASE 1
197	-1.000000e+00	3.061050e-01	1.000000e+00	5.000000e-01	STATE 1 PHASE 1
198	-1.000000e+00	-3.393675e-01	1.000000e+00	5.000000e-01	STATE 2 PHASE 1
199	-1.000000e+00	4.988664e-01	1.000000e+00	5.000000e-01	STATE 3 PHASE 1
200	-1.000000e+00	1.483495e-01	1.000000e+00	5.000000e-01	STATE 4 PHASE 1
201	-1.000000e+00	3.362320e-01	1.000000e+00	5.000000e-01	STATE 1 PHASE 1
202	-1.000000e+00	-3.988304e-01	1.000000e+00	5.000000e-01	STATE 2 PHASE 1
203	-1.000000e+00	4.411814e-01	1.000000e+00	5.000000e-01	STATE 3 PHASE 1
204	-1.000000e+00	1.751638e-01	1.000000e+00	5.000000e-01	STATE 4 PHASE 1
205	-1.000000e+00	3.332249e-01	1.000000e+00	5.000000e-01	STATE 1 PHASE 1
206	-1.000000e+00	-4.071207e-01	1.000000e+00	5.000000e-01	STATE 2 PHASE 1
207	-1.000000e+00	3.842673e-01	1.000000e+00	5.000000e-01	STATE 3 PHASE 1
208	-1.000000e+00	2.009567e-01	1.000000e+00	5.000000e-01	STATE 4 PHASE 1
209	-1.000000e+00	2.915703e-01	1.000000e+00	5.000000e-01	STATE 1 PHASE 1
210	-1.000000e+00	-3.597393e-01	1.000000e+00	5.000000e-01	STATE 2 PHASE 1
211	-1.000000e+00	3.360274e-01	1.000000e+00	5.000000e-01	STATE 3 PHASE 1
212	-1.000000e+00	2.226025e-01	1.000000e+00	5.000000e-01	STATE 4 PHASE 1
213	-1.000000e+00	2.347884e-01	1.000000e+00	5.000000e-01	STATE 1 PHASE 1
214	-1.000000e+00	-2.909966e-01	1.000000e+00	5.000000e-01	STATE 2 PHASE 1
215	-1.000000e+00	3.000945e-01	1.000000e+00	5.000000e-01	STATE 3 PHASE 1
216	-1.000000e+00	2.386681e-01	1.000000e+00	5.000000e-01	STATE 4 PHASE 1
217	-1.000000e+00	1.752941e-01	1.000000e+00	5.000000e-01	STATE 1 PHASE 1
218	-1.000000e+00	-2.179122e-01	1.000000e+00	5.000000e-01	STATE 2 PHASE 1
219	-1.000000e+00	2.758846e-01	1.000000e+00	5.000000e-01	STATE 3 PHASE 1
220	-1.000000e+00	2.494700e-01	1.000000e+00	5.000000e-01	STATE 4 PHASE 1
221	-1.000000e+00	1.188261e-01	1.000000e+00	5.000000e-01	STATE 1 PHASE 1
222	-1.000000e+00	-1.479622e-01	1.000000e+00	5.000000e-01	STATE 2 PHASE 1
223	-1.000000e+00	2.613733e-01	1.000000e+00	5.000000e-01	STATE 3 PHASE 1
224	-1.000000e+00	2.559362e-01	1.000000e+00	5.000000e-01	STATE 4 PHASE 1
225	-1.000000e+00	7.065272e-02	1.000000e+00	5.000000e-01	STATE 1 PHASE 1
226	-1.000000e+00	-8.805197e-02	1.000000e+00	5.000000e-01	STATE 2 PHASE 1
227	-1.000000e+00	2.539283e-01	1.000000e+00	5.000000e-01	STATE 3 PHASE 1
228	-1.000000e+00	2.592514e-01	1.000000e+00	5.000000e-01	STATE 4 PHASE 1
229	-1.000000e+00	3.390707e-02	1.000000e+00	5.000000e-01	STATE 1 PHASE 1
230	-1.000000e+00	-4.227108e-02	1.000000e+00	5.000000e-01	STATE 2 PHASE 1
231	-1.000000e+00	2.508964e-01	1.000000e+00	5.000000e-01	STATE 3 PHASE 1
232	-1.000000e+00	2.606010e-01	1.000000e+00	5.000000e-01	STATE 4 PHASE 1
233	-1.000000e+00	1.015044e-02	1.000000e+00	5.000000e-01	STATE 1 PHASE 1
234	-1.000000e+00	-1.265545e-02	1.000000e+00	5.000000e-01	STATE 2 PHASE 1
235	-1.000000e+00	2.500801e-01	1.000000e+00	5.000000e-01	STATE 3 PHASE 1
236	-1.000000e+00	2.609643e-01	1.000000e+00	5.000000e-01	STATE 4 PHASE 1
237	-1.000000e+00	-3.460087e-22	1.000000e+00	5.000000e-01	STATE 1 PHASE 1
238	-1.000000e+00	0.000000e+00	1.000000e+00	5.000000e-01	STATE 2 PHASE 1
239	-1.000000e+00	2.500000e-01	1.000000e+00	5.000000e-01	STATE 3 PHASE 1
240	-1.000000e+00	2.610000e-01	1.000000e+00	5.000000e-01	STATE 4 PHASE 1
241	0.000000e+00	0.000000e+00	0.000000e+00	1.000000e-01	t0 PHASE 1
242	1.000000e-01	2.988662e-01	1.000000e+00	1.000000e-01	tf PHASE 1