
***** Phase 1 differential defect constraints *****
LOWER		G(X)		UPPER		SCALING
0.000000e+00	-1.654841e-11	0.000000e+00	5.000000e-02 ***
0.000000e+00	-3.126697e-07	0.000000e+00	5.000000e-02 ***
0.000000e+00	2.662154e-06	0.000000e+00	1.000000e+00 ***
0.000000e+00	-1.997807e-10	0.000000e+00	5.000000e-02 ***
0.000000e+00	-1.530619e-07	0.000000e+00	5.000000e-02 ***
0.000000e+00	8.330866e-07	0.000000e+00	1.000000e+00 ***
0.000000e+00	-2.635336e-10	0.000000e+00	5.000000e-02 ***
0.000000e+00	-7.474762e-09	0.000000e+00	5.000000e-02 ***
0.000000e+00	3.079905e-08	0.000000e+00	1.000000e+00 ***
0.000000e+00	-3.046103e-10	0.000000e+00	5.000000e-02 ***
0.000000e+00	-2.196212e-08	0.000000e+00	5.000000e-02 ***
0.000000e+00	1.025695e-07	0.000000e+00	1.000000e+00 ***
0.000000e+00	-3.392717e-10	0.000000e+00	5.000000e-02 ***
0.000000e+00	-5.093640e-09	0.000000e+00	5.000000e-02 ***
0.000000e+00	2.198532e-08	0.000000e+00	1.000000e+00 ***
0.000000e+00	-3.634015e-10	0.000000e+00	5.000000e-02 ***
0.000000e+00	-1.107061e-08	0.000000e+00	5.000000e-02 ***
0.000000e+00	4.721312e-08	0.000000e+00	1.000000e+00 ***
0.000000e+00	-3.942393e-10	0.000000e+00	5.000000e-02 ***
0.000000e+00	-4.378298e-09	0.000000e+00	5.000000e-02 ***
0.000000e+00	1.780802e-08	0.000000e+00	1.000000e+00 ***
0.000000e+00	-4.190890e-10	0.000000e+00	5.000000e-02 ***
0.000000e+00	-7.793575e-09	0.000000e+00	5.000000e-02 ***
0.000000e+00	3.081794e-08	0.000000e+00	1.000000e+00 ***
0.000000e+00	-4.469078e-10	0.000000e+00	5.000000e-02 ***
0.000000e+00	-4.124375e-09	0.000000e+00	5.000000e-02 ***
0.000000e+00	1.569310e-08	0.000000e+00	1.000000e+00 ***
0.000000e+00	-4.730151e-10	0.000000e+00	5.000000e-02 ***
0.000000e+00	-6.522451e-09	0.000000e+00	5.000000e-02 ***
0.000000e+00	2.403582e-08	0.000000e+00	1.000000e+00 ***
0.000000e+00	-5.017219e-10	0.000000e+00	5.000000e-02 ***
0.000000e+00	-4.198137e-09	0.000000e+00	5.000000e-02 ***
0.000000e+00	1.489605e-08	0.000000e+00	1.000000e+00 ***
0.000000e+00	-5.302232e-10	0.000000e+00	5.000000e-02 ***
0.000000e+00	-6.199176e-09	0.000000e+00	5.000000e-02 ***
0.000000e+00	2.129465e-08	0.000000e+00	1.000000e+00 ***
0.000000e+00	-5.626961e-10	0.000000e+00	5.000000e-02 ***
0.000000e+00	-4.717088e-09	0.000000e+00	5.000000e-02 ***
0.000000e+00	1.554536e-08	0.000000e+00	1.000000e+00 ***
0.000000e+00	-5.961042e-10	0.000000e+00	5.000000e-02 ***
0.000000e+00	-6.655066e-09	0.000000e+00	5.000000e-02 ***
0.000000e+00	2.120645e-08	0.000000e+00	1.000000e+00 ***
0.000000e+00	-6.359410e-10	0.000000e+00	5.000000e-02 ***
0.000000e+00	-6.126474e-09	0.000000e+00	5.000000e-02 ***
0.000000e+00	1.856642e-08	0.000000e+00	1.000000e+00 ***
0.000000e+00	-6.819395e-10	0.000000e+00	5.000000e-02 ***
0.000000e+00	-8.330264e-09	0.000000e+00	5.000000e-02 ***
0.000000e+00	2.429623e-08	0.000000e+00	1.000000e+00 ***
0.000000e+00	-7.393302e-10	0.000000e+00	5.000000e-02 ***
0.000000e+00	-1.065707e-08	0.000000e+00	5.000000e-02 ***
0.000000e+00	2.897975e-08	0.000000e+00	1.000000e+00 ***
0.000000e+00	-8.312828e-10	0.000000e+00	5.000000e-02 ***
0.000000e+00	-1.366708e-08	0.000000e+00	5.000000e-02 ***
0.000000e+00	3.502433e-08	0.000000e+00	1.000000e+00 ***
0.000000e+00	-7.847536e-10	0.000000e+00	5.000000e-02 ***
0.000000e+00	3.207935e-08	0.000000e+00	5.000000e-02 ***
0.000000e+00	-8.433610e-08	0.000000e+00	1.000000e+00 ***
0.000000e+00	-4.493672e-10	0.000000e+00	5.000000e-02 ***
0.000000e+00	3.209968e-08	0.000000e+00	5.000000e-02 ***
0.000000e+00	-1.184871e-07	0.000000e+00	1.000000e+00 ***
0.000000e+00	-2.533489e-10	0.000000e+00	5.000000e-02 ***
0.000000e+00	5.557324e-09	0.000000e+00	5.000000e-02 ***
0.000000e+00	-2.657450e-08	0.000000e+00	1.000000e+00 ***
0.000000e+00	-1.982376e-10	0.000000e+00	5.000000e-02 ***
0.000000e+00	4.223979e-09	0.000000e+00	5.000000e-02 ***
0.000000e+00	-2.195209e-08	0.000000e+00	1.000000e+00 ***
0.000000e+00	-1.416288e-10	0.000000e+00	5.000000e-02 ***
0.000000e+00	2.087557e-09	0.000000e+00	5.000000e-02 ***
0.000000e+00	-1.194753e-08	0.000000e+00	1.000000e+00 ***
0.000000e+00	-1.152822e-10	0.000000e+00	5.000000e-02 ***
0.000000e+00	1.679850e-09	0.000000e+00	5.000000e-02 ***
0.000000e+00	-9.942022e-09	0.000000e+00	1.000000e+00 ***
0.000000e+00	-8.516922e-11	0.000000e+00	5.000000e-02 ***
0.000000e+00	1.190771e-09	0.000000e+00	5.000000e-02 ***
0.000000e+00	-7.370513e-09	0.000000e+00	1.000000e+00 ***
0.000000e+00	-6.766842e-11	0.000000e+00	5.000000e-02 ***
0.000000e+00	9.617683e-10	0.000000e+00	5.000000e-02 ***
0.000000e+00	-6.076981e-09	0.000000e+00	1.000000e+00 ***
0.000000e+00	-4.812315e-11	0.000000e+00	5.000000e-02 ***
0.000000e+00	7.935485e-10	0.000000e+00	5.000000e-02 ***
0.000000e+00	-5.112660e-09	0.000000e+00	1.000000e+00 ***
0.000000e+00	-3.549798e-11	0.000000e+00	5.000000e-02 ***
0.000000e+00	6.469854e-10	0.000000e+00	5.000000e-02 ***
0.000000e+00	-4.226247e-09	0.000000e+00	1.000000e+00 ***
0.000000e+00	-2.152725e-11	0.000000e+00	5.000000e-02 ***
0.000000e+00	5.818010e-10	0.000000e+00	5.000000e-02 ***
0.000000e+00	-3.814944e-09	0.000000e+00	1.000000e+00 ***
0.000000e+00	-1.213474e-11	0.000000e+00	5.000000e-02 ***
0.000000e+00	4.780971e-10	0.000000e+00	5.000000e-02 ***
0.000000e+00	-3.168484e-09	0.000000e+00	1.000000e+00 ***
0.000000e+00	-1.780398e-12	0.000000e+00	5.000000e-02 ***
0.000000e+00	4.551182e-10	0.000000e+00	5.000000e-02 ***
0.000000e+00	-2.995228e-09	0.000000e+00	1.000000e+00 ***
0.000000e+00	5.041167e-12	0.000000e+00	5.000000e-02 ***
0.000000e+00	3.758307e-10	0.000000e+00	5.000000e-02 ***
0.000000e+00	-2.499750e-09	0.000000e+00	1.000000e+00 ***
0.000000e+00	1.294048e-11	0.000000e+00	5.000000e-02 ***
0.000000e+00	3.729944e-10	0.000000e+00	5.000000e-02 ***
0.000000e+00	-2.444099e-09	0.000000e+00	1.000000e+00 ***
0.000000e+00	1.816899e-11	0.000000e+00	5.000000e-02 ***
0.000000e+00	3.084154e-10	0.000000e+00	5.000000e-02 ***
0.000000e+00	-2.048705e-09	0.000000e+00	1.000000e+00 ***
0.000000e+00	2.401645e-11	0.000000e+00	5.000000e-02 ***
0.000000e+00	3.163914e-10	0.000000e+00	5.000000e-02 ***
0.000000e+00	-2.057300e-09	0.000000e+00	1.000000e+00 ***
0.000000e+00	2.785731e-11	0.000000e+00	5.000000e-02 ***
0.000000e+00	2.608471e-10	0.000000e+00	5.000000e-02 ***
0.000000e+00	-1.730895e-09	0.000000e+00	1.000000e+00 ***
0.000000e+00	3.195264e-11	0.000000e+00	5.000000e-02 ***
0.000000e+00	2.753425e-10	0.000000e+00	5.000000e-02 ***
0.000000e+00	-1.777821e-09	0.000000e+00	1.000000e+00 ***
0.000000e+00	3.440850e-11	0.000000e+00	5.000000e-02 ***
0.000000e+00	2.252080e-10	0.000000e+00	5.000000e-02 ***
0.000000e+00	-1.500271e-09	0.000000e+00	1.000000e+00 ***
0.000000e+00	3.731528e-11	0.000000e+00	5.000000e-02 ***
0.000000e+00	2.441553e-10	0.000000e+00	5.000000e-02 ***
0.000000e+00	-1.572233e-09	0.000000e+00	1.000000e+00 ***
0.000000e+00	3.866757e-11	0.000000e+00	5.000000e-02 ***
0.000000e+00	1.969241e-10	0.000000e+00	5.000000e-02 ***
0.000000e+00	-1.329856e-09	0.000000e+00	1.000000e+00 ***
0.000000e+00	4.006039e-11	0.000000e+00	5.000000e-02 ***
0.000000e+00	2.194104e-10	0.000000e+00	5.000000e-02 ***
0.000000e+00	-1.419999e-09	0.000000e+00	1.000000e+00 ***
0.000000e+00	4.071401e-11	0.000000e+00	5.000000e-02 ***
0.000000e+00	1.731869e-10	0.000000e+00	5.000000e-02 ***
0.000000e+00	-1.203052e-09	0.000000e+00	1.000000e+00 ***
0.000000e+00	4.089077e-11	0.000000e+00	5.000000e-02 ***
0.000000e+00	1.990186e-10	0.000000e+00	5.000000e-02 ***
0.000000e+00	-1.308117e-09	0.000000e+00	1.000000e+00 ***
0.000000e+00	4.045103e-11	0.000000e+00	5.000000e-02 ***
0.000000e+00	1.522481e-10	0.000000e+00	5.000000e-02 ***
0.000000e+00	-1.109325e-09	0.000000e+00	1.000000e+00 ***
0.000000e+00	3.974186e-11	0.000000e+00	5.000000e-02 ***
0.000000e+00	1.817055e-10	0.000000e+00	5.000000e-02 ***
0.000000e+00	-1.228304e-09	0.000000e+00	1.000000e+00 ***
0.000000e+00	3.837153e-11	0.000000e+00	5.000000e-02 ***
0.000000e+00	1.330360e-10	0.000000e+00	5.000000e-02 ***
0.000000e+00	-1.041966e-09	0.000000e+00	1.000000e+00 ***
0.000000e+00	3.696429e-11	0.000000e+00	5.000000e-02 ***
0.000000e+00	1.669469e-10	0.000000e+00	5.000000e-02 ***
0.000000e+00	-1.175467e-09	0.000000e+00	1.000000e+00 ***
0.000000e+00	3.495013e-11	0.000000e+00	5.000000e-02 ***
0.000000e+00	1.151187e-10	0.000000e+00	5.000000e-02 ***
0.000000e+00	-9.968389e-10	0.000000e+00	1.000000e+00 ***
0.000000e+00	3.237391e-11	0.000000e+00	5.000000e-02 ***
0.000000e+00	1.548669e-10	0.000000e+00	5.000000e-02 ***
0.000000e+00	-1.146916e-09	0.000000e+00	1.000000e+00 ***
0.000000e+00	2.986526e-11	0.000000e+00	5.000000e-02 ***
0.000000e+00	9.865952e-11	0.000000e+00	5.000000e-02 ***
0.000000e+00	-9.717532e-10	0.000000e+00	1.000000e+00 ***
0.000000e+00	2.684605e-11	0.000000e+00	5.000000e-02 ***
0.000000e+00	1.464383e-10	0.000000e+00	5.000000e-02 ***
0.000000e+00	-1.142019e-09	0.000000e+00	1.000000e+00 ***
0.000000e+00	2.383837e-11	0.000000e+00	5.000000e-02 ***
0.000000e+00	8.463242e-11	0.000000e+00	5.000000e-02 ***
0.000000e+00	-9.662227e-10	0.000000e+00	1.000000e+00 ***
0.000000e+00	2.073313e-11	0.000000e+00	5.000000e-02 ***
0.000000e+00	1.437620e-10	0.000000e+00	5.000000e-02 ***
0.000000e+00	-1.162310e-09	0.000000e+00	1.000000e+00 ***
0.000000e+00	1.704977e-11	0.000000e+00	5.000000e-02 ***
0.000000e+00	7.506727e-11	0.000000e+00	5.000000e-02 ***
0.000000e+00	-9.815548e-10	0.000000e+00	1.000000e+00 ***
0.000000e+00	1.370616e-11	0.000000e+00	5.000000e-02 ***
0.000000e+00	1.505847e-10	0.000000e+00	5.000000e-02 ***
0.000000e+00	-1.212108e-09	0.000000e+00	1.000000e+00 ***
0.000000e+00	1.014925e-11	0.000000e+00	5.000000e-02 ***
0.000000e+00	7.353085e-11	0.000000e+00	5.000000e-02 ***
0.000000e+00	-1.021398e-09	0.000000e+00	1.000000e+00 ***
0.000000e+00	7.136414e-12	0.000000e+00	5.000000e-02 ***
0.000000e+00	1.730870e-10	0.000000e+00	5.000000e-02 ***
0.000000e+00	-1.299857e-09	0.000000e+00	1.000000e+00 ***
0.000000e+00	4.199384e-12	0.000000e+00	5.000000e-02 ***
0.000000e+00	8.583533e-11	0.000000e+00	5.000000e-02 ***
0.000000e+00	-1.093005e-09	0.000000e+00	1.000000e+00 ***
0.000000e+00	9.447762e-13	0.000000e+00	5.000000e-02 ***
0.000000e+00	2.214945e-10	0.000000e+00	5.000000e-02 ***
0.000000e+00	-1.441327e-09	0.000000e+00	1.000000e+00 ***
0.000000e+00	-9.059982e-13	0.000000e+00	5.000000e-02 ***
0.000000e+00	1.213954e-10	0.000000e+00	5.000000e-02 ***
0.000000e+00	-1.210125e-09	0.000000e+00	1.000000e+00 ***
0.000000e+00	-3.617057e-12	0.000000e+00	5.000000e-02 ***
0.000000e+00	3.133056e-10	0.000000e+00	5.000000e-02 ***
0.000000e+00	-1.666633e-09	0.000000e+00	1.000000e+00 ***
0.000000e+00	-4.770454e-12	0.000000e+00	5.000000e-02 ***
0.000000e+00	1.964140e-10	0.000000e+00	5.000000e-02 ***
0.000000e+00	-1.400087e-09	0.000000e+00	1.000000e+00 ***
0.000000e+00	-6.341922e-12	0.000000e+00	5.000000e-02 ***
0.000000e+00	4.814242e-10	0.000000e+00	5.000000e-02 ***
0.000000e+00	-2.038190e-09	0.000000e+00	1.000000e+00 ***
0.000000e+00	-7.055840e-12	0.000000e+00	5.000000e-02 ***
0.000000e+00	3.425720e-10	0.000000e+00	5.000000e-02 ***
0.000000e+00	-1.723255e-09	0.000000e+00	1.000000e+00 ***
0.000000e+00	-6.348917e-12	0.000000e+00	5.000000e-02 ***
0.000000e+00	7.979092e-10	0.000000e+00	5.000000e-02 ***
0.000000e+00	-2.701992e-09	0.000000e+00	1.000000e+00 ***
0.000000e+00	-5.083918e-12	0.000000e+00	5.000000e-02 ***
0.000000e+00	6.390903e-10	0.000000e+00	5.000000e-02 ***
0.000000e+00	-2.342501e-09	0.000000e+00	1.000000e+00 ***
0.000000e+00	-3.909854e-12	0.000000e+00	5.000000e-02 ***
0.000000e+00	1.442343e-09	0.000000e+00	5.000000e-02 ***
0.000000e+00	-4.032788e-09	0.000000e+00	1.000000e+00 ***
0.000000e+00	-3.803849e-12	0.000000e+00	5.000000e-02 ***
0.000000e+00	1.390969e-09	0.000000e+00	5.000000e-02 ***
0.000000e+00	-3.904441e-09	0.000000e+00	1.000000e+00 ***
0.000000e+00	2.610914e-12	0.000000e+00	5.000000e-02 ***
0.000000e+00	1.679684e-10	0.000000e+00	5.000000e-02 ***
0.000000e+00	-1.218005e-09	0.000000e+00	1.000000e+00 ***
0.000000e+00	8.717058e-12	0.000000e+00	5.000000e-02 ***
0.000000e+00	7.717181e-09	0.000000e+00	5.000000e-02 ***
0.000000e+00	-1.725016e-08	0.000000e+00	1.000000e+00 ***
***** Phase 1 path constraints *****
LOWER		G(X)		UPPER		SCALING
***** Phase 1 event constraints *****
LOWER		G(X)		UPPER		SCALING
5.000000e-02	5.000000e-02	5.000000e-02	5.000000e-02
-3.915000e-02	-3.915000e-02	-3.915000e-02	5.000000e-02
1.000000e+00	1.000000e+00	1.000000e+00	1.000000e+00
0.000000e+00	0.000000e+00	0.000000e+00	5.000000e-02
0.000000e+00	2.028684e-17	0.000000e+00	5.000000e-02 ***
***** Phase 1 tf >= t0 constraint *****
LOWER		G(X)		UPPER		SCALING
-7.071068e-01	-9.877956e-04	0.000000e+00	7.071068e-01
***** Phase linkage constraints *****
LOWER		G(X)		UPPER		SCALING
***** Scaled Decision Variables ******************************
J	LOWER		X(J)		UPPER		SCALING		DESCRIPTION
1	0.000000e+00	5.495388e-06	1.000000e+00	8.149959e-01	CONTROL 1 PHASE 1
2	0.000000e+00	1.180849e-02	1.000000e+00	8.149959e-01	CONTROL 1 PHASE 1
3	0.000000e+00	2.233753e-03	1.000000e+00	8.149959e-01	CONTROL 1 PHASE 1
4	0.000000e+00	1.636551e-03	1.000000e+00	8.149959e-01	CONTROL 1 PHASE 1
5	0.000000e+00	9.068770e-04	1.000000e+00	8.149959e-01	CONTROL 1 PHASE 1
6	0.000000e+00	7.933447e-04	1.000000e+00	8.149959e-01	CONTROL 1 PHASE 1
7	0.000000e+00	5.736658e-04	1.000000e+00	8.149959e-01	CONTROL 1 PHASE 1
8	0.000000e+00	5.286894e-04	1.000000e+00	8.149959e-01	CONTROL 1 PHASE 1
9	0.000000e+00	4.429384e-04	1.000000e+00	8.149959e-01	CONTROL 1 PHASE 1
10	0.000000e+00	4.177175e-04	1.000000e+00	8.149959e-01	CONTROL 1 PHASE 1
11	0.000000e+00	3.925820e-04	1.000000e+00	8.149959e-01	CONTROL 1 PHASE 1
12	0.000000e+00	3.734830e-04	1.000000e+00	8.149959e-01	CONTROL 1 PHASE 1
13	0.000000e+00	3.952969e-04	1.000000e+00	8.149959e-01	CONTROL 1 PHASE 1
14	0.000000e+00	3.747502e-04	1.000000e+00	8.149959e-01	CONTROL 1 PHASE 1
15	0.000000e+00	4.682324e-04	1.000000e+00	8.149959e-01	CONTROL 1 PHASE 1
16	0.000000e+00	4.328157e-04	1.000000e+00	8.149959e-01	CONTROL 1 PHASE 1
17	0.000000e+00	7.675328e-04	1.000000e+00	8.149959e-01	CONTROL 1 PHASE 1
18	0.000000e+00	6.331974e-04	1.000000e+00	8.149959e-01	CONTROL 1 PHASE 1
19	0.000000e+00	1.875485e-01	1.000000e+00	8.149959e-01	CONTROL 1 PHASE 1
20	0.000000e+00	6.840876e-01	1.000000e+00	8.149959e-01	CONTROL 1 PHASE 1
21	0.000000e+00	9.994111e-01	1.000000e+00	8.149959e-01	CONTROL 1 PHASE 1
22	0.000000e+00	9.996400e-01	1.000000e+00	8.149959e-01	CONTROL 1 PHASE 1
23	0.000000e+00	9.997117e-01	1.000000e+00	8.149959e-01	CONTROL 1 PHASE 1
24	0.000000e+00	9.998366e-01	1.000000e+00	8.149959e-01	CONTROL 1 PHASE 1
25	0.000000e+00	9.998213e-01	1.000000e+00	8.149959e-01	CONTROL 1 PHASE 1
26	0.000000e+00	9.999001e-01	1.000000e+00	8.149959e-01	CONTROL 1 PHASE 1
27	0.000000e+00	9.998755e-01	1.000000e+00	8.149959e-01	CONTROL 1 PHASE 1
28	0.000000e+00	9.999306e-01	1.000000e+00	8.149959e-01	CONTROL 1 PHASE 1
29	0.000000e+00	9.999067e-01	1.000000e+00	8.149959e-01	CONTROL 1 PHASE 1
30	0.000000e+00	9.999480e-01	1.000000e+00	8.149959e-01	CONTROL 1 PHASE 1
31	0.000000e+00	9.999264e-01	1.000000e+00	8.149959e-01	CONTROL 1 PHASE 1
32	0.000000e+00	9.999591e-01	1.000000e+00	8.149959e-01	CONTROL 1 PHASE 1
33	0.000000e+00	9.999397e-01	1.000000e+00	8.149959e-01	CONTROL 1 PHASE 1
34	0.000000e+00	9.999666e-01	1.000000e+00	8.149959e-01	CONTROL 1 PHASE 1
35	0.000000e+00	9.999489e-01	1.000000e+00	8.149959e-01	CONTROL 1 PHASE 1
36	0.000000e+00	9.999719e-01	1.000000e+00	8.149959e-01	CONTROL 1 PHASE 1
37	0.000000e+00	9.999555e-01	1.000000e+00	8.149959e-01	CONTROL 1 PHASE 1
38	0.000000e+00	9.999758e-01	1.000000e+00	8.149959e-01	CONTROL 1 PHASE 1
39	0.000000e+00	9.999603e-01	1.000000e+00	8.149959e-01	CONTROL 1 PHASE 1
40	0.000000e+00	9.999787e-01	1.000000e+00	8.149959e-01	CONTROL 1 PHASE 1
41	0.000000e+00	9.999638e-01	1.000000e+00	8.149959e-01	CONTROL 1 PHASE 1
42	0.000000e+00	9.999808e-01	1.000000e+00	8.149959e-01	CONTROL 1 PHASE 1
43	0.000000e+00	9.999662e-01	1.000000e+00	8.149959e-01	CONTROL 1 PHASE 1
44	0.000000e+00	9.999825e-01	1.000000e+00	8.149959e-01	CONTROL 1 PHASE 1
45	0.000000e+00	9.999678e-01	1.000000e+00	8.149959e-01	CONTROL 1 PHASE 1
46	0.000000e+00	9.999837e-01	1.000000e+00	8.149959e-01	CONTROL 1 PHASE 1
47	0.000000e+00	9.999687e-01	1.000000e+00	8.149959e-01	CONTROL 1 PHASE 1
48	0.000000e+00	9.999846e-01	1.000000e+00	8.149959e-01	CONTROL 1 PHASE 1
49	0.000000e+00	9.999688e-01	1.000000e+00	8.149959e-01	CONTROL 1 PHASE 1
50	0.000000e+00	9.999851e-01	1.000000e+00	8.149959e-01	CONTROL 1 PHASE 1
51	0.000000e+00	9.999682e-01	1.000000e+00	8.149959e-01	CONTROL 1 PHASE 1
52	0.000000e+00	9.999854e-01	1.000000e+00	8.149959e-01	CONTROL 1 PHASE 1
53	0.000000e+00	9.999666e-01	1.000000e+00	8.149959e-01	CONTROL 1 PHASE 1
54	0.000000e+00	9.999854e-01	1.000000e+00	8.149959e-01	CONTROL 1 PHASE 1
55	0.000000e+00	9.999640e-01	1.000000e+00	8.149959e-01	CONTROL 1 PHASE 1
56	0.000000e+00	9.999851e-01	1.000000e+00	8.149959e-01	CONTROL 1 PHASE 1
57	0.000000e+00	9.999596e-01	1.000000e+00	8.149959e-01	CONTROL 1 PHASE 1
58	0.000000e+00	9.999844e-01	1.000000e+00	8.149959e-01	CONTROL 1 PHASE 1
59	0.000000e+00	9.999527e-01	1.000000e+00	8.149959e-01	CONTROL 1 PHASE 1
60	0.000000e+00	9.999832e-01	1.000000e+00	8.149959e-01	CONTROL 1 PHASE 1
61	0.000000e+00	9.999410e-01	1.000000e+00	8.149959e-01	CONTROL 1 PHASE 1
62	0.000000e+00	9.999812e-01	1.000000e+00	8.149959e-01	CONTROL 1 PHASE 1
63	0.000000e+00	9.999197e-01	1.000000e+00	8.149959e-01	CONTROL 1 PHASE 1
64	0.000000e+00	9.999777e-01	1.000000e+00	8.149959e-01	CONTROL 1 PHASE 1
65	0.000000e+00	9.998734e-01	1.000000e+00	8.149959e-01	CONTROL 1 PHASE 1
66	0.000000e+00	9.999712e-01	1.000000e+00	8.149959e-01	CONTROL 1 PHASE 1
67	0.000000e+00	9.997273e-01	1.000000e+00	8.149959e-01	CONTROL 1 PHASE 1
68	0.000000e+00	9.999550e-01	1.000000e+00	8.149959e-01	CONTROL 1 PHASE 1
69	0.000000e+00	9.981286e-01	1.000000e+00	8.149959e-01	CONTROL 1 PHASE 1
70	0.000000e+00	9.995972e-01	1.000000e+00	8.149959e-01	CONTROL 1 PHASE 1
71	-1.000000e+00	5.000000e-02	1.000000e+00	5.000000e-02	STATE 1 PHASE 1
72	-1.000000e+00	-3.915000e-02	1.000000e+00	5.000000e-02	STATE 2 PHASE 1
73	1.000000e-02	1.000000e+00	1.000000e+00	1.000000e+00	STATE 3 PHASE 1
74	-1.000000e+00	4.995842e-02	1.000000e+00	5.000000e-02	STATE 1 PHASE 1
75	-1.000000e+00	-3.920254e-02	1.000000e+00	5.000000e-02	STATE 2 PHASE 1
76	1.000000e-02	9.999955e-01	1.000000e+00	1.000000e+00	STATE 3 PHASE 1
77	-1.000000e+00	4.986048e-02	1.000000e+00	5.000000e-02	STATE 1 PHASE 1
78	-1.000000e+00	-3.932611e-02	1.000000e+00	5.000000e-02	STATE 2 PHASE 1
79	1.000000e-02	9.999857e-01	1.000000e+00	1.000000e+00	STATE 3 PHASE 1
80	-1.000000e+00	4.970615e-02	1.000000e+00	5.000000e-02	STATE 1 PHASE 1
81	-1.000000e+00	-3.952167e-02	1.000000e+00	5.000000e-02	STATE 2 PHASE 1
82	1.000000e-02	9.999843e-01	1.000000e+00	1.000000e+00	STATE 3 PHASE 1
83	-1.000000e+00	4.949494e-02	1.000000e+00	5.000000e-02	STATE 1 PHASE 1
84	-1.000000e+00	-3.978736e-02	1.000000e+00	5.000000e-02	STATE 2 PHASE 1
85	1.000000e-02	9.999790e-01	1.000000e+00	1.000000e+00	STATE 3 PHASE 1
86	-1.000000e+00	4.922616e-02	1.000000e+00	5.000000e-02	STATE 1 PHASE 1
87	-1.000000e+00	-4.012357e-02	1.000000e+00	5.000000e-02	STATE 2 PHASE 1
88	1.000000e-02	9.999777e-01	1.000000e+00	1.000000e+00	STATE 3 PHASE 1
89	-1.000000e+00	4.889894e-02	1.000000e+00	5.000000e-02	STATE 1 PHASE 1
90	-1.000000e+00	-4.052876e-02	1.000000e+00	5.000000e-02	STATE 2 PHASE 1
91	1.000000e-02	9.999733e-01	1.000000e+00	1.000000e+00	STATE 3 PHASE 1
92	-1.000000e+00	4.851229e-02	1.000000e+00	5.000000e-02	STATE 1 PHASE 1
93	-1.000000e+00	-4.100284e-02	1.000000e+00	5.000000e-02	STATE 2 PHASE 1
94	1.000000e-02	9.999720e-01	1.000000e+00	1.000000e+00	STATE 3 PHASE 1
95	-1.000000e+00	4.806506e-02	1.000000e+00	5.000000e-02	STATE 1 PHASE 1
96	-1.000000e+00	-4.154416e-02	1.000000e+00	5.000000e-02	STATE 2 PHASE 1
97	1.000000e-02	9.999680e-01	1.000000e+00	1.000000e+00	STATE 3 PHASE 1
98	-1.000000e+00	4.755599e-02	1.000000e+00	5.000000e-02	STATE 1 PHASE 1
99	-1.000000e+00	-4.215222e-02	1.000000e+00	5.000000e-02	STATE 2 PHASE 1
100	1.000000e-02	9.999664e-01	1.000000e+00	1.000000e+00	STATE 3 PHASE 1
101	-1.000000e+00	4.698371e-02	1.000000e+00	5.000000e-02	STATE 1 PHASE 1
102	-1.000000e+00	-4.282520e-02	1.000000e+00	5.000000e-02	STATE 2 PHASE 1
103	1.000000e-02	9.999626e-01	1.000000e+00	1.000000e+00	STATE 3 PHASE 1
104	-1.000000e+00	4.634680e-02	1.000000e+00	5.000000e-02	STATE 1 PHASE 1
105	-1.000000e+00	-4.356225e-02	1.000000e+00	5.000000e-02	STATE 2 PHASE 1
106	1.000000e-02	9.999605e-01	1.000000e+00	1.000000e+00	STATE 3 PHASE 1
107	-1.000000e+00	4.564376e-02	1.000000e+00	5.000000e-02	STATE 1 PHASE 1
108	-1.000000e+00	-4.436136e-02	1.000000e+00	5.000000e-02	STATE 2 PHASE 1
109	1.000000e-02	9.999565e-01	1.000000e+00	1.000000e+00	STATE 3 PHASE 1
110	-1.000000e+00	4.487309e-02	1.000000e+00	5.000000e-02	STATE 1 PHASE 1
111	-1.000000e+00	-4.522136e-02	1.000000e+00	5.000000e-02	STATE 2 PHASE 1
112	1.000000e-02	9.999538e-01	1.000000e+00	1.000000e+00	STATE 3 PHASE 1
113	-1.000000e+00	4.403328e-02	1.000000e+00	5.000000e-02	STATE 1 PHASE 1
114	-1.000000e+00	-4.613996e-02	1.000000e+00	5.000000e-02	STATE 2 PHASE 1
115	1.000000e-02	9.999489e-01	1.000000e+00	1.000000e+00	STATE 3 PHASE 1
116	-1.000000e+00	4.312284e-02	1.000000e+00	5.000000e-02	STATE 1 PHASE 1
117	-1.000000e+00	-4.711598e-02	1.000000e+00	5.000000e-02	STATE 2 PHASE 1
118	1.000000e-02	9.999463e-01	1.000000e+00	1.000000e+00	STATE 3 PHASE 1
119	-1.000000e+00	4.214037e-02	1.000000e+00	5.000000e-02	STATE 1 PHASE 1
120	-1.000000e+00	-4.814572e-02	1.000000e+00	5.000000e-02	STATE 2 PHASE 1
121	1.000000e-02	9.999332e-01	1.000000e+00	1.000000e+00	STATE 3 PHASE 1
122	-1.000000e+00	4.108451e-02	1.000000e+00	5.000000e-02	STATE 1 PHASE 1
123	-1.000000e+00	-4.923324e-02	1.000000e+00	5.000000e-02	STATE 2 PHASE 1
124	1.000000e-02	9.999600e-01	1.000000e+00	1.000000e+00	STATE 3 PHASE 1
125	-1.000000e+00	3.995456e-02	1.000000e+00	5.000000e-02	STATE 1 PHASE 1
126	-1.000000e+00	-5.027670e-02	1.000000e+00	5.000000e-02	STATE 2 PHASE 1
127	1.000000e-02	9.991815e-01	1.000000e+00	1.000000e+00	STATE 3 PHASE 1
128	-1.000000e+00	3.875643e-02	1.000000e+00	5.000000e-02	STATE 1 PHASE 1
129	-1.000000e+00	-5.083951e-02	1.000000e+00	5.000000e-02	STATE 2 PHASE 1
130	1.000000e-02	9.939147e-01	1.000000e+00	1.000000e+00	STATE 3 PHASE 1
131	-1.000000e+00	3.750668e-02	1.000000e+00	5.000000e-02	STATE 1 PHASE 1
132	-1.000000e+00	-5.072856e-02	1.000000e+00	5.000000e-02	STATE 2 PHASE 1
133	1.000000e-02	9.826366e-01	1.000000e+00	1.000000e+00	STATE 3 PHASE 1
134	-1.000000e+00	3.621954e-02	1.000000e+00	5.000000e-02	STATE 1 PHASE 1
135	-1.000000e+00	-5.038546e-02	1.000000e+00	5.000000e-02	STATE 2 PHASE 1
136	1.000000e-02	9.692085e-01	1.000000e+00	1.000000e+00	STATE 3 PHASE 1
137	-1.000000e+00	3.490018e-02	1.000000e+00	5.000000e-02	STATE 1 PHASE 1
138	-1.000000e+00	-5.003060e-02	1.000000e+00	5.000000e-02	STATE 2 PHASE 1
139	1.000000e-02	9.555358e-01	1.000000e+00	1.000000e+00	STATE 3 PHASE 1
140	-1.000000e+00	3.355266e-02	1.000000e+00	5.000000e-02	STATE 1 PHASE 1
141	-1.000000e+00	-4.963087e-02	1.000000e+00	5.000000e-02	STATE 2 PHASE 1
142	1.000000e-02	9.413897e-01	1.000000e+00	1.000000e+00	STATE 3 PHASE 1
143	-1.000000e+00	3.218137e-02	1.000000e+00	5.000000e-02	STATE 1 PHASE 1
144	-1.000000e+00	-4.919804e-02	1.000000e+00	5.000000e-02	STATE 2 PHASE 1
145	1.000000e-02	9.269119e-01	1.000000e+00	1.000000e+00	STATE 3 PHASE 1
146	-1.000000e+00	3.079074e-02	1.000000e+00	5.000000e-02	STATE 1 PHASE 1
147	-1.000000e+00	-4.872207e-02	1.000000e+00	5.000000e-02	STATE 2 PHASE 1
148	1.000000e-02	9.120684e-01	1.000000e+00	1.000000e+00	STATE 3 PHASE 1
149	-1.000000e+00	2.938540e-02	1.000000e+00	5.000000e-02	STATE 1 PHASE 1
150	-1.000000e+00	-4.820624e-02	1.000000e+00	5.000000e-02	STATE 2 PHASE 1
151	1.000000e-02	8.969312e-01	1.000000e+00	1.000000e+00	STATE 3 PHASE 1
152	-1.000000e+00	2.797003e-02	1.000000e+00	5.000000e-02	STATE 1 PHASE 1
153	-1.000000e+00	-4.764478e-02	1.000000e+00	5.000000e-02	STATE 2 PHASE 1
154	1.000000e-02	8.815018e-01	1.000000e+00	1.000000e+00	STATE 3 PHASE 1
155	-1.000000e+00	2.654942e-02	1.000000e+00	5.000000e-02	STATE 1 PHASE 1
156	-1.000000e+00	-4.703872e-02	1.000000e+00	5.000000e-02	STATE 2 PHASE 1
157	1.000000e-02	8.658340e-01	1.000000e+00	1.000000e+00	STATE 3 PHASE 1
158	-1.000000e+00	2.512842e-02	1.000000e+00	5.000000e-02	STATE 1 PHASE 1
159	-1.000000e+00	-4.638396e-02	1.000000e+00	5.000000e-02	STATE 2 PHASE 1
160	1.000000e-02	8.499425e-01	1.000000e+00	1.000000e+00	STATE 3 PHASE 1
161	-1.000000e+00	2.371190e-02	1.000000e+00	5.000000e-02	STATE 1 PHASE 1
162	-1.000000e+00	-4.568071e-02	1.000000e+00	5.000000e-02	STATE 2 PHASE 1
163	1.000000e-02	8.338737e-01	1.000000e+00	1.000000e+00	STATE 3 PHASE 1
164	-1.000000e+00	2.230475e-02	1.000000e+00	5.000000e-02	STATE 1 PHASE 1
165	-1.000000e+00	-4.492587e-02	1.000000e+00	5.000000e-02	STATE 2 PHASE 1
166	1.000000e-02	8.176490e-01	1.000000e+00	1.000000e+00	STATE 3 PHASE 1
167	-1.000000e+00	2.091182e-02	1.000000e+00	5.000000e-02	STATE 1 PHASE 1
168	-1.000000e+00	-4.411943e-02	1.000000e+00	5.000000e-02	STATE 2 PHASE 1
169	1.000000e-02	8.013112e-01	1.000000e+00	1.000000e+00	STATE 3 PHASE 1
170	-1.000000e+00	1.953793e-02	1.000000e+00	5.000000e-02	STATE 1 PHASE 1
171	-1.000000e+00	-4.325906e-02	1.000000e+00	5.000000e-02	STATE 2 PHASE 1
172	1.000000e-02	7.848855e-01	1.000000e+00	1.000000e+00	STATE 3 PHASE 1
173	-1.000000e+00	1.818779e-02	1.000000e+00	5.000000e-02	STATE 1 PHASE 1
174	-1.000000e+00	-4.234484e-02	1.000000e+00	5.000000e-02	STATE 2 PHASE 1
175	1.000000e-02	7.684125e-01	1.000000e+00	1.000000e+00	STATE 3 PHASE 1
176	-1.000000e+00	1.686601e-02	1.000000e+00	5.000000e-02	STATE 1 PHASE 1
177	-1.000000e+00	-4.137515e-02	1.000000e+00	5.000000e-02	STATE 2 PHASE 1
178	1.000000e-02	7.519197e-01	1.000000e+00	1.000000e+00	STATE 3 PHASE 1
179	-1.000000e+00	1.557702e-02	1.000000e+00	5.000000e-02	STATE 1 PHASE 1
180	-1.000000e+00	-4.035042e-02	1.000000e+00	5.000000e-02	STATE 2 PHASE 1
181	1.000000e-02	7.354463e-01	1.000000e+00	1.000000e+00	STATE 3 PHASE 1
182	-1.000000e+00	1.432507e-02	1.000000e+00	5.000000e-02	STATE 1 PHASE 1
183	-1.000000e+00	-3.926979e-02	1.000000e+00	5.000000e-02	STATE 2 PHASE 1
184	1.000000e-02	7.190210e-01	1.000000e+00	1.000000e+00	STATE 3 PHASE 1
185	-1.000000e+00	1.311420e-02	1.000000e+00	5.000000e-02	STATE 1 PHASE 1
186	-1.000000e+00	-3.813419e-02	1.000000e+00	5.000000e-02	STATE 2 PHASE 1
187	1.000000e-02	7.026818e-01	1.000000e+00	1.000000e+00	STATE 3 PHASE 1
188	-1.000000e+00	1.194814e-02	1.000000e+00	5.000000e-02	STATE 1 PHASE 1
189	-1.000000e+00	-3.694360e-02	1.000000e+00	5.000000e-02	STATE 2 PHASE 1
190	1.000000e-02	6.864582e-01	1.000000e+00	1.000000e+00	STATE 3 PHASE 1
191	-1.000000e+00	1.083036e-02	1.000000e+00	5.000000e-02	STATE 1 PHASE 1
192	-1.000000e+00	-3.569965e-02	1.000000e+00	5.000000e-02	STATE 2 PHASE 1
193	1.000000e-02	6.703869e-01	1.000000e+00	1.000000e+00	STATE 3 PHASE 1
194	-1.000000e+00	9.763971e-03	1.000000e+00	5.000000e-02	STATE 1 PHASE 1
195	-1.000000e+00	-3.440326e-02	1.000000e+00	5.000000e-02	STATE 2 PHASE 1
196	1.000000e-02	6.544973e-01	1.000000e+00	1.000000e+00	STATE 3 PHASE 1
197	-1.000000e+00	8.751712e-03	1.000000e+00	5.000000e-02	STATE 1 PHASE 1
198	-1.000000e+00	-3.305692e-02	1.000000e+00	5.000000e-02	STATE 2 PHASE 1
199	1.000000e-02	6.388251e-01	1.000000e+00	1.000000e+00	STATE 3 PHASE 1
200	-1.000000e+00	7.795928e-03	1.000000e+00	5.000000e-02	STATE 1 PHASE 1
201	-1.000000e+00	-3.166260e-02	1.000000e+00	5.000000e-02	STATE 2 PHASE 1
202	1.000000e-02	6.233994e-01	1.000000e+00	1.000000e+00	STATE 3 PHASE 1
203	-1.000000e+00	6.898529e-03	1.000000e+00	5.000000e-02	STATE 1 PHASE 1
204	-1.000000e+00	-3.022380e-02	1.000000e+00	5.000000e-02	STATE 2 PHASE 1
205	1.000000e-02	6.082543e-01	1.000000e+00	1.000000e+00	STATE 3 PHASE 1
206	-1.000000e+00	6.060969e-03	1.000000e+00	5.000000e-02	STATE 1 PHASE 1
207	-1.000000e+00	-2.874366e-02	1.000000e+00	5.000000e-02	STATE 2 PHASE 1
208	1.000000e-02	5.934185e-01	1.000000e+00	1.000000e+00	STATE 3 PHASE 1
209	-1.000000e+00	5.284223e-03	1.000000e+00	5.000000e-02	STATE 1 PHASE 1
210	-1.000000e+00	-2.722684e-02	1.000000e+00	5.000000e-02	STATE 2 PHASE 1
211	1.000000e-02	5.789243e-01	1.000000e+00	1.000000e+00	STATE 3 PHASE 1
212	-1.000000e+00	4.568772e-03	1.000000e+00	5.000000e-02	STATE 1 PHASE 1
213	-1.000000e+00	-2.567773e-02	1.000000e+00	5.000000e-02	STATE 2 PHASE 1
214	1.000000e-02	5.647995e-01	1.000000e+00	1.000000e+00	STATE 3 PHASE 1
215	-1.000000e+00	3.914592e-03	1.000000e+00	5.000000e-02	STATE 1 PHASE 1
216	-1.000000e+00	-2.410224e-02	1.000000e+00	5.000000e-02	STATE 2 PHASE 1
217	1.000000e-02	5.510746e-01	1.000000e+00	1.000000e+00	STATE 3 PHASE 1
218	-1.000000e+00	3.321146e-03	1.000000e+00	5.000000e-02	STATE 1 PHASE 1
219	-1.000000e+00	-2.250611e-02	1.000000e+00	5.000000e-02	STATE 2 PHASE 1
220	1.000000e-02	5.377761e-01	1.000000e+00	1.000000e+00	STATE 3 PHASE 1
221	-1.000000e+00	2.787391e-03	1.000000e+00	5.000000e-02	STATE 1 PHASE 1
222	-1.000000e+00	-2.089655e-02	1.000000e+00	5.000000e-02	STATE 2 PHASE 1
223	1.000000e-02	5.249327e-01	1.000000e+00	1.000000e+00	STATE 3 PHASE 1
224	-1.000000e+00	2.311783e-03	1.000000e+00	5.000000e-02	STATE 1 PHASE 1
225	-1.000000e+00	-1.928063e-02	1.000000e+00	5.000000e-02	STATE 2 PHASE 1
226	1.000000e-02	5.125691e-01	1.000000e+00	1.000000e+00	STATE 3 PHASE 1
227	-1.000000e+00	1.892297e-03	1.000000e+00	5.000000e-02	STATE 1 PHASE 1
228	-1.000000e+00	-1.766683e-02	1.000000e+00	5.000000e-02	STATE 2 PHASE 1
229	1.000000e-02	5.007121e-01	1.000000e+00	1.000000e+00	STATE 3 PHASE 1
230	-1.000000e+00	1.526450e-03	1.000000e+00	5.000000e-02	STATE 1 PHASE 1
231	-1.000000e+00	-1.606352e-02	1.000000e+00	5.000000e-02	STATE 2 PHASE 1
232	1.000000e-02	4.893845e-01	1.000000e+00	1.000000e+00	STATE 3 PHASE 1
233	-1.000000e+00	1.211340e-03	1.000000e+00	5.000000e-02	STATE 1 PHASE 1
234	-1.000000e+00	-1.448032e-02	1.000000e+00	5.000000e-02	STATE 2 PHASE 1
235	1.000000e-02	4.786107e-01	1.000000e+00	1.000000e+00	STATE 3 PHASE 1
236	-1.000000e+00	9.436833e-04	1.000000e+00	5.000000e-02	STATE 1 PHASE 1
237	-1.000000e+00	-1.292667e-02	1.000000e+00	5.000000e-02	STATE 2 PHASE 1
238	1.000000e-02	4.684114e-01	1.000000e+00	1.000000e+00	STATE 3 PHASE 1
239	-1.000000e+00	7.198695e-04	1.000000e+00	5.000000e-02	STATE 1 PHASE 1
240	-1.000000e+00	-1.141312e-02	1.000000e+00	5.000000e-02	STATE 2 PHASE 1
241	1.000000e-02	4.588089e-01	1.000000e+00	1.000000e+00	STATE 3 PHASE 1
242	-1.000000e+00	5.360199e-04	1.000000e+00	5.000000e-02	STATE 1 PHASE 1
243	-1.000000e+00	-9.949874e-03	1.000000e+00	5.000000e-02	STATE 2 PHASE 1
244	1.000000e-02	4.498214e-01	1.000000e+00	1.000000e+00	STATE 3 PHASE 1
245	-1.000000e+00	3.880561e-04	1.000000e+00	5.000000e-02	STATE 1 PHASE 1
246	-1.000000e+00	-8.548019e-03	1.000000e+00	5.000000e-02	STATE 2 PHASE 1
247	1.000000e-02	4.414686e-01	1.000000e+00	1.000000e+00	STATE 3 PHASE 1
248	-1.000000e+00	2.717722e-04	1.000000e+00	5.000000e-02	STATE 1 PHASE 1
249	-1.000000e+00	-7.218034e-03	1.000000e+00	5.000000e-02	STATE 2 PHASE 1
250	1.000000e-02	4.337662e-01	1.000000e+00	1.000000e+00	STATE 3 PHASE 1
251	-1.000000e+00	1.829160e-04	1.000000e+00	5.000000e-02	STATE 1 PHASE 1
252	-1.000000e+00	-5.971043e-03	1.000000e+00	5.000000e-02	STATE 2 PHASE 1
253	1.000000e-02	4.267313e-01	1.000000e+00	1.000000e+00	STATE 3 PHASE 1
254	-1.000000e+00	1.172708e-04	1.000000e+00	5.000000e-02	STATE 1 PHASE 1
255	-1.000000e+00	-4.817212e-03	1.000000e+00	5.000000e-02	STATE 2 PHASE 1
256	1.000000e-02	4.203770e-01	1.000000e+00	1.000000e+00	STATE 3 PHASE 1
257	-1.000000e+00	7.074278e-05	1.000000e+00	5.000000e-02	STATE 1 PHASE 1
258	-1.000000e+00	-3.767050e-03	1.000000e+00	5.000000e-02	STATE 2 PHASE 1
259	1.000000e-02	4.147175e-01	1.000000e+00	1.000000e+00	STATE 3 PHASE 1
260	-1.000000e+00	3.944512e-05	1.000000e+00	5.000000e-02	STATE 1 PHASE 1
261	-1.000000e+00	-2.829726e-03	1.000000e+00	5.000000e-02	STATE 2 PHASE 1
262	1.000000e-02	4.097631e-01	1.000000e+00	1.000000e+00	STATE 3 PHASE 1
263	-1.000000e+00	1.978344e-05	1.000000e+00	5.000000e-02	STATE 1 PHASE 1
264	-1.000000e+00	-2.014434e-03	1.000000e+00	5.000000e-02	STATE 2 PHASE 1
265	1.000000e-02	4.055253e-01	1.000000e+00	1.000000e+00	STATE 3 PHASE 1
266	-1.000000e+00	8.533809e-06	1.000000e+00	5.000000e-02	STATE 1 PHASE 1
267	-1.000000e+00	-1.328621e-03	1.000000e+00	5.000000e-02	STATE 2 PHASE 1
268	1.000000e-02	4.020113e-01	1.000000e+00	1.000000e+00	STATE 3 PHASE 1
269	-1.000000e+00	2.917196e-06	1.000000e+00	5.000000e-02	STATE 1 PHASE 1
270	-1.000000e+00	-7.794984e-04	1.000000e+00	5.000000e-02	STATE 2 PHASE 1
271	1.000000e-02	3.992299e-01	1.000000e+00	1.000000e+00	STATE 3 PHASE 1
272	-1.000000e+00	6.620968e-07	1.000000e+00	5.000000e-02	STATE 1 PHASE 1
273	-1.000000e+00	-3.721192e-04	1.000000e+00	5.000000e-02	STATE 2 PHASE 1
274	1.000000e-02	3.971851e-01	1.000000e+00	1.000000e+00	STATE 3 PHASE 1
275	-1.000000e+00	5.909163e-08	1.000000e+00	5.000000e-02	STATE 1 PHASE 1
276	-1.000000e+00	-1.112780e-04	1.000000e+00	5.000000e-02	STATE 2 PHASE 1
277	1.000000e-02	3.958834e-01	1.000000e+00	1.000000e+00	STATE 3 PHASE 1
278	-1.000000e+00	0.000000e+00	1.000000e+00	5.000000e-02	STATE 1 PHASE 1
279	-1.000000e+00	2.028684e-17	1.000000e+00	5.000000e-02	STATE 2 PHASE 1
280	1.000000e-02	3.953298e-01	1.000000e+00	1.000000e+00	STATE 3 PHASE 1
281	0.000000e+00	0.000000e+00	0.000000e+00	1.000000e-03	t0 PHASE 1
282	0.000000e+00	1.396954e-03	1.000000e+00	1.000000e-03	tf PHASE 1