
***** Phase 1 differential defect constraints *****
LOWER		G(X)		UPPER		SCALING
0.000000e+00	1.736285e-08	0.000000e+00	5.000000e-01 ***
0.000000e+00	-1.775819e-08	0.000000e+00	5.000000e-01 ***
0.000000e+00	1.605777e-08	0.000000e+00	5.000000e-01 ***
0.000000e+00	-1.662740e-08	0.000000e+00	5.000000e-01 ***
0.000000e+00	1.458832e-08	0.000000e+00	5.000000e-01 ***
0.000000e+00	-1.465789e-08	0.000000e+00	5.000000e-01 ***
0.000000e+00	1.237105e-08	0.000000e+00	5.000000e-01 ***
0.000000e+00	-1.183665e-08	0.000000e+00	5.000000e-01 ***
0.000000e+00	9.911898e-09	0.000000e+00	5.000000e-01 ***
0.000000e+00	-8.613763e-09	0.000000e+00	5.000000e-01 ***
0.000000e+00	7.382233e-09	0.000000e+00	5.000000e-01 ***
0.000000e+00	-5.306248e-09	0.000000e+00	5.000000e-01 ***
0.000000e+00	5.072661e-09	0.000000e+00	5.000000e-01 ***
0.000000e+00	-2.244333e-09	0.000000e+00	5.000000e-01 ***
0.000000e+00	3.072931e-09	0.000000e+00	5.000000e-01 ***
0.000000e+00	3.915261e-10	0.000000e+00	5.000000e-01 ***
0.000000e+00	1.477128e-09	0.000000e+00	5.000000e-01 ***
0.000000e+00	2.473907e-09	0.000000e+00	5.000000e-01 ***
0.000000e+00	2.507774e-10	0.000000e+00	5.000000e-01 ***
0.000000e+00	3.995427e-09	0.000000e+00	5.000000e-01 ***
0.000000e+00	-6.179859e-10	0.000000e+00	5.000000e-01 ***
0.000000e+00	4.964729e-09	0.000000e+00	5.000000e-01 ***
0.000000e+00	-1.213298e-09	0.000000e+00	5.000000e-01 ***
0.000000e+00	5.465897e-09	0.000000e+00	5.000000e-01 ***
0.000000e+00	-1.574029e-09	0.000000e+00	5.000000e-01 ***
0.000000e+00	5.555678e-09	0.000000e+00	5.000000e-01 ***
0.000000e+00	-1.776379e-09	0.000000e+00	5.000000e-01 ***
0.000000e+00	5.338248e-09	0.000000e+00	5.000000e-01 ***
0.000000e+00	-1.851465e-09	0.000000e+00	5.000000e-01 ***
0.000000e+00	4.869046e-09	0.000000e+00	5.000000e-01 ***
0.000000e+00	-1.850579e-09	0.000000e+00	5.000000e-01 ***
0.000000e+00	4.240733e-09	0.000000e+00	5.000000e-01 ***
0.000000e+00	-1.791708e-09	0.000000e+00	5.000000e-01 ***
0.000000e+00	3.491128e-09	0.000000e+00	5.000000e-01 ***
0.000000e+00	-1.703660e-09	0.000000e+00	5.000000e-01 ***
0.000000e+00	2.693476e-09	0.000000e+00	5.000000e-01 ***
0.000000e+00	-1.595858e-09	0.000000e+00	5.000000e-01 ***
0.000000e+00	1.866731e-09	0.000000e+00	5.000000e-01 ***
0.000000e+00	-1.481393e-09	0.000000e+00	5.000000e-01 ***
0.000000e+00	1.065626e-09	0.000000e+00	5.000000e-01 ***
0.000000e+00	-1.366192e-09	0.000000e+00	5.000000e-01 ***
0.000000e+00	2.935985e-10	0.000000e+00	5.000000e-01 ***
0.000000e+00	-1.253216e-09	0.000000e+00	5.000000e-01 ***
0.000000e+00	-4.100214e-10	0.000000e+00	5.000000e-01 ***
0.000000e+00	-1.148152e-09	0.000000e+00	5.000000e-01 ***
0.000000e+00	-1.053197e-09	0.000000e+00	5.000000e-01 ***
0.000000e+00	-1.047453e-09	0.000000e+00	5.000000e-01 ***
0.000000e+00	-1.608725e-09	0.000000e+00	5.000000e-01 ***
0.000000e+00	-9.581949e-10	0.000000e+00	5.000000e-01 ***
0.000000e+00	-2.092070e-09	0.000000e+00	5.000000e-01 ***
0.000000e+00	-8.724728e-10	0.000000e+00	5.000000e-01 ***
0.000000e+00	-2.485195e-09	0.000000e+00	5.000000e-01 ***
0.000000e+00	-7.993731e-10	0.000000e+00	5.000000e-01 ***
0.000000e+00	-2.807617e-09	0.000000e+00	5.000000e-01 ***
0.000000e+00	-7.278959e-10	0.000000e+00	5.000000e-01 ***
0.000000e+00	-3.047944e-09	0.000000e+00	5.000000e-01 ***
0.000000e+00	-6.692371e-10	0.000000e+00	5.000000e-01 ***
0.000000e+00	-3.226871e-09	0.000000e+00	5.000000e-01 ***
0.000000e+00	-6.100766e-10	0.000000e+00	5.000000e-01 ***
0.000000e+00	-3.337642e-09	0.000000e+00	5.000000e-01 ***
0.000000e+00	-5.635667e-10	0.000000e+00	5.000000e-01 ***
0.000000e+00	-3.399890e-09	0.000000e+00	5.000000e-01 ***
0.000000e+00	-5.145865e-10	0.000000e+00	5.000000e-01 ***
0.000000e+00	-3.410044e-09	0.000000e+00	5.000000e-01 ***
0.000000e+00	-4.780004e-10	0.000000e+00	5.000000e-01 ***
0.000000e+00	-3.385090e-09	0.000000e+00	5.000000e-01 ***
0.000000e+00	-4.372475e-10	0.000000e+00	5.000000e-01 ***
0.000000e+00	-3.323716e-09	0.000000e+00	5.000000e-01 ***
0.000000e+00	-4.086457e-10	0.000000e+00	5.000000e-01 ***
0.000000e+00	-3.239264e-09	0.000000e+00	5.000000e-01 ***
0.000000e+00	-3.744738e-10	0.000000e+00	5.000000e-01 ***
0.000000e+00	-3.132214e-09	0.000000e+00	5.000000e-01 ***
0.000000e+00	-3.522533e-10	0.000000e+00	5.000000e-01 ***
0.000000e+00	-3.011750e-09	0.000000e+00	5.000000e-01 ***
0.000000e+00	-3.233289e-10	0.000000e+00	5.000000e-01 ***
0.000000e+00	-2.880009e-09	0.000000e+00	5.000000e-01 ***
0.000000e+00	-3.061952e-10	0.000000e+00	5.000000e-01 ***
0.000000e+00	-2.741866e-09	0.000000e+00	5.000000e-01 ***
0.000000e+00	-2.814634e-10	0.000000e+00	5.000000e-01 ***
0.000000e+00	-2.601175e-09	0.000000e+00	5.000000e-01 ***
0.000000e+00	-2.683872e-10	0.000000e+00	5.000000e-01 ***
0.000000e+00	-2.458607e-09	0.000000e+00	5.000000e-01 ***
0.000000e+00	-2.470196e-10	0.000000e+00	5.000000e-01 ***
0.000000e+00	-2.319885e-09	0.000000e+00	5.000000e-01 ***
0.000000e+00	-2.371857e-10	0.000000e+00	5.000000e-01 ***
0.000000e+00	-2.181718e-09	0.000000e+00	5.000000e-01 ***
0.000000e+00	-2.185362e-10	0.000000e+00	5.000000e-01 ***
0.000000e+00	-2.051871e-09	0.000000e+00	5.000000e-01 ***
0.000000e+00	-2.112964e-10	0.000000e+00	5.000000e-01 ***
0.000000e+00	-1.923401e-09	0.000000e+00	5.000000e-01 ***
0.000000e+00	-1.948625e-10	0.000000e+00	5.000000e-01 ***
0.000000e+00	-1.806247e-09	0.000000e+00	5.000000e-01 ***
0.000000e+00	-1.897048e-10	0.000000e+00	5.000000e-01 ***
0.000000e+00	-1.690162e-09	0.000000e+00	5.000000e-01 ***
0.000000e+00	-1.750956e-10	0.000000e+00	5.000000e-01 ***
0.000000e+00	-1.587313e-09	0.000000e+00	5.000000e-01 ***
0.000000e+00	-1.716106e-10	0.000000e+00	5.000000e-01 ***
0.000000e+00	-1.484497e-09	0.000000e+00	5.000000e-01 ***
0.000000e+00	-1.585232e-10	0.000000e+00	5.000000e-01 ***
0.000000e+00	-1.396095e-09	0.000000e+00	5.000000e-01 ***
0.000000e+00	-1.563805e-10	0.000000e+00	5.000000e-01 ***
0.000000e+00	-1.306288e-09	0.000000e+00	5.000000e-01 ***
0.000000e+00	-1.445782e-10	0.000000e+00	5.000000e-01 ***
0.000000e+00	-1.231577e-09	0.000000e+00	5.000000e-01 ***
0.000000e+00	-1.435129e-10	0.000000e+00	5.000000e-01 ***
0.000000e+00	-1.153866e-09	0.000000e+00	5.000000e-01 ***
0.000000e+00	-1.328124e-10	0.000000e+00	5.000000e-01 ***
0.000000e+00	-1.091604e-09	0.000000e+00	5.000000e-01 ***
0.000000e+00	-1.326084e-10	0.000000e+00	5.000000e-01 ***
0.000000e+00	-1.024762e-09	0.000000e+00	5.000000e-01 ***
0.000000e+00	-1.228669e-10	0.000000e+00	5.000000e-01 ***
0.000000e+00	-9.735078e-10	0.000000e+00	5.000000e-01 ***
0.000000e+00	-1.233479e-10	0.000000e+00	5.000000e-01 ***
0.000000e+00	-9.162158e-10	0.000000e+00	5.000000e-01 ***
0.000000e+00	-1.144546e-10	0.000000e+00	5.000000e-01 ***
0.000000e+00	-8.745035e-10	0.000000e+00	5.000000e-01 ***
0.000000e+00	-1.154729e-10	0.000000e+00	5.000000e-01 ***
0.000000e+00	-8.254922e-10	0.000000e+00	5.000000e-01 ***
0.000000e+00	-1.073447e-10	0.000000e+00	5.000000e-01 ***
0.000000e+00	-7.919345e-10	0.000000e+00	5.000000e-01 ***
0.000000e+00	-1.087759e-10	0.000000e+00	5.000000e-01 ***
0.000000e+00	-7.500557e-10	0.000000e+00	5.000000e-01 ***
0.000000e+00	-1.013517e-10	0.000000e+00	5.000000e-01 ***
0.000000e+00	-7.233978e-10	0.000000e+00	5.000000e-01 ***
0.000000e+00	-1.030913e-10	0.000000e+00	5.000000e-01 ***
0.000000e+00	-6.876581e-10	0.000000e+00	5.000000e-01 ***
0.000000e+00	-9.632499e-11	0.000000e+00	5.000000e-01 ***
0.000000e+00	-6.667981e-10	0.000000e+00	5.000000e-01 ***
0.000000e+00	-9.828258e-11	0.000000e+00	5.000000e-01 ***
0.000000e+00	-6.363677e-10	0.000000e+00	5.000000e-01 ***
0.000000e+00	-9.214482e-11	0.000000e+00	5.000000e-01 ***
0.000000e+00	-6.203569e-10	0.000000e+00	5.000000e-01 ***
0.000000e+00	-9.424069e-11	0.000000e+00	5.000000e-01 ***
0.000000e+00	-5.945644e-10	0.000000e+00	5.000000e-01 ***
0.000000e+00	-8.871448e-11	0.000000e+00	5.000000e-01 ***
0.000000e+00	-5.825975e-10	0.000000e+00	5.000000e-01 ***
0.000000e+00	-9.087590e-11	0.000000e+00	5.000000e-01 ***
0.000000e+00	-5.609171e-10	0.000000e+00	5.000000e-01 ***
0.000000e+00	-8.595834e-11	0.000000e+00	5.000000e-01 ***
0.000000e+00	-5.523163e-10	0.000000e+00	5.000000e-01 ***
0.000000e+00	-8.811562e-11	0.000000e+00	5.000000e-01 ***
0.000000e+00	-5.343563e-10	0.000000e+00	5.000000e-01 ***
0.000000e+00	-8.381787e-11	0.000000e+00	5.000000e-01 ***
0.000000e+00	-5.285529e-10	0.000000e+00	5.000000e-01 ***
0.000000e+00	-8.590182e-11	0.000000e+00	5.000000e-01 ***
0.000000e+00	-5.140427e-10	0.000000e+00	5.000000e-01 ***
0.000000e+00	-8.216327e-11	0.000000e+00	5.000000e-01 ***
0.000000e+00	-5.107050e-10	0.000000e+00	5.000000e-01 ***
0.000000e+00	-8.480963e-11	0.000000e+00	5.000000e-01 ***
0.000000e+00	-4.983013e-10	0.000000e+00	5.000000e-01 ***
0.000000e+00	-7.980597e-11	0.000000e+00	5.000000e-01 ***
0.000000e+00	-5.001625e-10	0.000000e+00	5.000000e-01 ***
0.000000e+00	-8.572055e-11	0.000000e+00	5.000000e-01 ***
0.000000e+00	-4.850886e-10	0.000000e+00	5.000000e-01 ***
0.000000e+00	-7.513549e-11	0.000000e+00	5.000000e-01 ***
0.000000e+00	-4.992899e-10	0.000000e+00	5.000000e-01 ***
0.000000e+00	-9.622457e-11	0.000000e+00	5.000000e-01 ***
0.000000e+00	-4.611290e-10	0.000000e+00	5.000000e-01 ***
0.000000e+00	3.167504e-11	0.000000e+00	5.000000e-01 ***
0.000000e+00	-6.776858e-10	0.000000e+00	5.000000e-01 ***
***** Phase 1 path constraints *****
LOWER		G(X)		UPPER		SCALING
***** Phase 1 event constraints *****
LOWER		G(X)		UPPER		SCALING
***** Phase 1 tf >= t0 constraint *****
LOWER		G(X)		UPPER		SCALING
-7.071068e-01	-7.071068e-01	0.000000e+00	7.071068e-01
***** Phase linkage constraints *****
LOWER		G(X)		UPPER		SCALING
***** Scaled Decision Variables ******************************
J	LOWER		X(J)		UPPER		SCALING		DESCRIPTION
1	0.000000e+00	5.130803e-01	1.000000e+00	5.000000e-01	STATE 1 PHASE 1
2	0.000000e+00	1.435600e-07	1.000000e+00	5.000000e-01	STATE 2 PHASE 1
3	0.000000e+00	5.093097e-01	1.000000e+00	5.000000e-01	STATE 1 PHASE 1
4	0.000000e+00	3.281530e-03	1.000000e+00	5.000000e-01	STATE 2 PHASE 1
5	0.000000e+00	5.006607e-01	1.000000e+00	5.000000e-01	STATE 1 PHASE 1
6	0.000000e+00	1.075134e-02	1.000000e+00	5.000000e-01	STATE 2 PHASE 1
7	0.000000e+00	4.876600e-01	1.000000e+00	5.000000e-01	STATE 1 PHASE 1
8	0.000000e+00	2.182059e-02	1.000000e+00	5.000000e-01	STATE 2 PHASE 1
9	0.000000e+00	4.710096e-01	1.000000e+00	5.000000e-01	STATE 1 PHASE 1
10	0.000000e+00	3.569383e-02	1.000000e+00	5.000000e-01	STATE 2 PHASE 1
11	0.000000e+00	4.515249e-01	1.000000e+00	5.000000e-01	STATE 1 PHASE 1
12	0.000000e+00	5.144493e-02	1.000000e+00	5.000000e-01	STATE 2 PHASE 1
13	0.000000e+00	4.300484e-01	1.000000e+00	5.000000e-01	STATE 1 PHASE 1
14	0.000000e+00	6.811739e-02	1.000000e+00	5.000000e-01	STATE 2 PHASE 1
15	0.000000e+00	4.073760e-01	1.000000e+00	5.000000e-01	STATE 1 PHASE 1
16	0.000000e+00	8.481061e-02	1.000000e+00	5.000000e-01	STATE 2 PHASE 1
17	0.000000e+00	3.842077e-01	1.000000e+00	5.000000e-01	STATE 1 PHASE 1
18	0.000000e+00	1.007423e-01	1.000000e+00	5.000000e-01	STATE 2 PHASE 1
19	0.000000e+00	3.611201e-01	1.000000e+00	5.000000e-01	STATE 1 PHASE 1
20	0.000000e+00	1.152846e-01	1.000000e+00	5.000000e-01	STATE 2 PHASE 1
21	0.000000e+00	3.385603e-01	1.000000e+00	5.000000e-01	STATE 1 PHASE 1
22	0.000000e+00	1.279769e-01	1.000000e+00	5.000000e-01	STATE 2 PHASE 1
23	0.000000e+00	3.168531e-01	1.000000e+00	5.000000e-01	STATE 1 PHASE 1
24	0.000000e+00	1.385209e-01	1.000000e+00	5.000000e-01	STATE 2 PHASE 1
25	0.000000e+00	2.962170e-01	1.000000e+00	5.000000e-01	STATE 1 PHASE 1
26	0.000000e+00	1.467643e-01	1.000000e+00	5.000000e-01	STATE 2 PHASE 1
27	0.000000e+00	2.767827e-01	1.000000e+00	5.000000e-01	STATE 1 PHASE 1
28	0.000000e+00	1.526779e-01	1.000000e+00	5.000000e-01	STATE 2 PHASE 1
29	0.000000e+00	2.586129e-01	1.000000e+00	5.000000e-01	STATE 1 PHASE 1
30	0.000000e+00	1.563311e-01	1.000000e+00	5.000000e-01	STATE 2 PHASE 1
31	0.000000e+00	2.417194e-01	1.000000e+00	5.000000e-01	STATE 1 PHASE 1
32	0.000000e+00	1.578675e-01	1.000000e+00	5.000000e-01	STATE 2 PHASE 1
33	0.000000e+00	2.260778e-01	1.000000e+00	5.000000e-01	STATE 1 PHASE 1
34	0.000000e+00	1.574825e-01	1.000000e+00	5.000000e-01	STATE 2 PHASE 1
35	0.000000e+00	2.116393e-01	1.000000e+00	5.000000e-01	STATE 1 PHASE 1
36	0.000000e+00	1.554047e-01	1.000000e+00	5.000000e-01	STATE 2 PHASE 1
37	0.000000e+00	1.983399e-01	1.000000e+00	5.000000e-01	STATE 1 PHASE 1
38	0.000000e+00	1.518790e-01	1.000000e+00	5.000000e-01	STATE 2 PHASE 1
39	0.000000e+00	1.861071e-01	1.000000e+00	5.000000e-01	STATE 1 PHASE 1
40	0.000000e+00	1.471544e-01	1.000000e+00	5.000000e-01	STATE 2 PHASE 1
41	0.000000e+00	1.748648e-01	1.000000e+00	5.000000e-01	STATE 1 PHASE 1
42	0.000000e+00	1.414734e-01	1.000000e+00	5.000000e-01	STATE 2 PHASE 1
43	0.000000e+00	1.645367e-01	1.000000e+00	5.000000e-01	STATE 1 PHASE 1
44	0.000000e+00	1.350652e-01	1.000000e+00	5.000000e-01	STATE 2 PHASE 1
45	0.000000e+00	1.550486e-01	1.000000e+00	5.000000e-01	STATE 1 PHASE 1
46	0.000000e+00	1.281400e-01	1.000000e+00	5.000000e-01	STATE 2 PHASE 1
47	0.000000e+00	1.463298e-01	1.000000e+00	5.000000e-01	STATE 1 PHASE 1
48	0.000000e+00	1.208858e-01	1.000000e+00	5.000000e-01	STATE 2 PHASE 1
49	0.000000e+00	1.383137e-01	1.000000e+00	5.000000e-01	STATE 1 PHASE 1
50	0.000000e+00	1.134672e-01	1.000000e+00	5.000000e-01	STATE 2 PHASE 1
51	0.000000e+00	1.309387e-01	1.000000e+00	5.000000e-01	STATE 1 PHASE 1
52	0.000000e+00	1.060244e-01	1.000000e+00	5.000000e-01	STATE 2 PHASE 1
53	0.000000e+00	1.241481e-01	1.000000e+00	5.000000e-01	STATE 1 PHASE 1
54	0.000000e+00	9.867396e-02	1.000000e+00	5.000000e-01	STATE 2 PHASE 1
55	0.000000e+00	1.178898e-01	1.000000e+00	5.000000e-01	STATE 1 PHASE 1
56	0.000000e+00	9.151007e-02	1.000000e+00	5.000000e-01	STATE 2 PHASE 1
57	0.000000e+00	1.121164e-01	1.000000e+00	5.000000e-01	STATE 1 PHASE 1
58	0.000000e+00	8.460626e-02	1.000000e+00	5.000000e-01	STATE 2 PHASE 1
59	0.000000e+00	1.067850e-01	1.000000e+00	5.000000e-01	STATE 1 PHASE 1
60	0.000000e+00	7.801749e-02	1.000000e+00	5.000000e-01	STATE 2 PHASE 1
61	0.000000e+00	1.018563e-01	1.000000e+00	5.000000e-01	STATE 1 PHASE 1
62	0.000000e+00	7.178238e-02	1.000000e+00	5.000000e-01	STATE 2 PHASE 1
63	0.000000e+00	9.729520e-02	1.000000e+00	5.000000e-01	STATE 1 PHASE 1
64	0.000000e+00	6.592549e-02	1.000000e+00	5.000000e-01	STATE 2 PHASE 1
65	0.000000e+00	9.306963e-02	1.000000e+00	5.000000e-01	STATE 1 PHASE 1
66	0.000000e+00	6.045956e-02	1.000000e+00	5.000000e-01	STATE 2 PHASE 1
67	0.000000e+00	8.915076e-02	1.000000e+00	5.000000e-01	STATE 1 PHASE 1
68	0.000000e+00	5.538761e-02	1.000000e+00	5.000000e-01	STATE 2 PHASE 1
69	0.000000e+00	8.551253e-02	1.000000e+00	5.000000e-01	STATE 1 PHASE 1
70	0.000000e+00	5.070485e-02	1.000000e+00	5.000000e-01	STATE 2 PHASE 1
71	0.000000e+00	8.213137e-02	1.000000e+00	5.000000e-01	STATE 1 PHASE 1
72	0.000000e+00	4.640048e-02	1.000000e+00	5.000000e-01	STATE 2 PHASE 1
73	0.000000e+00	7.898601e-02	1.000000e+00	5.000000e-01	STATE 1 PHASE 1
74	0.000000e+00	4.245916e-02	1.000000e+00	5.000000e-01	STATE 2 PHASE 1
75	0.000000e+00	7.605720e-02	1.000000e+00	5.000000e-01	STATE 1 PHASE 1
76	0.000000e+00	3.886235e-02	1.000000e+00	5.000000e-01	STATE 2 PHASE 1
77	0.000000e+00	7.332754e-02	1.000000e+00	5.000000e-01	STATE 1 PHASE 1
78	0.000000e+00	3.558941e-02	1.000000e+00	5.000000e-01	STATE 2 PHASE 1
79	0.000000e+00	7.078126e-02	1.000000e+00	5.000000e-01	STATE 1 PHASE 1
80	0.000000e+00	3.261849e-02	1.000000e+00	5.000000e-01	STATE 2 PHASE 1
81	0.000000e+00	6.840409e-02	1.000000e+00	5.000000e-01	STATE 1 PHASE 1
82	0.000000e+00	2.992731e-02	1.000000e+00	5.000000e-01	STATE 2 PHASE 1
83	0.000000e+00	6.618309e-02	1.000000e+00	5.000000e-01	STATE 1 PHASE 1
84	0.000000e+00	2.749368e-02	1.000000e+00	5.000000e-01	STATE 2 PHASE 1
85	0.000000e+00	6.410650e-02	1.000000e+00	5.000000e-01	STATE 1 PHASE 1
86	0.000000e+00	2.529598e-02	1.000000e+00	5.000000e-01	STATE 2 PHASE 1
87	0.000000e+00	6.216365e-02	1.000000e+00	5.000000e-01	STATE 1 PHASE 1
88	0.000000e+00	2.331345e-02	1.000000e+00	5.000000e-01	STATE 2 PHASE 1
89	0.000000e+00	6.034484e-02	1.000000e+00	5.000000e-01	STATE 1 PHASE 1
90	0.000000e+00	2.152642e-02	1.000000e+00	5.000000e-01	STATE 2 PHASE 1
91	0.000000e+00	5.864123e-02	1.000000e+00	5.000000e-01	STATE 1 PHASE 1
92	0.000000e+00	1.991646e-02	1.000000e+00	5.000000e-01	STATE 2 PHASE 1
93	0.000000e+00	5.704478e-02	1.000000e+00	5.000000e-01	STATE 1 PHASE 1
94	0.000000e+00	1.846647e-02	1.000000e+00	5.000000e-01	STATE 2 PHASE 1
95	0.000000e+00	5.554816e-02	1.000000e+00	5.000000e-01	STATE 1 PHASE 1
96	0.000000e+00	1.716066e-02	1.000000e+00	5.000000e-01	STATE 2 PHASE 1
97	0.000000e+00	5.414466e-02	1.000000e+00	5.000000e-01	STATE 1 PHASE 1
98	0.000000e+00	1.598460e-02	1.000000e+00	5.000000e-01	STATE 2 PHASE 1
99	0.000000e+00	5.282818e-02	1.000000e+00	5.000000e-01	STATE 1 PHASE 1
100	0.000000e+00	1.492514e-02	1.000000e+00	5.000000e-01	STATE 2 PHASE 1
101	0.000000e+00	5.159312e-02	1.000000e+00	5.000000e-01	STATE 1 PHASE 1
102	0.000000e+00	1.397035e-02	1.000000e+00	5.000000e-01	STATE 2 PHASE 1
103	0.000000e+00	5.043438e-02	1.000000e+00	5.000000e-01	STATE 1 PHASE 1
104	0.000000e+00	1.310950e-02	1.000000e+00	5.000000e-01	STATE 2 PHASE 1
105	0.000000e+00	4.934728e-02	1.000000e+00	5.000000e-01	STATE 1 PHASE 1
106	0.000000e+00	1.233290e-02	1.000000e+00	5.000000e-01	STATE 2 PHASE 1
107	0.000000e+00	4.832752e-02	1.000000e+00	5.000000e-01	STATE 1 PHASE 1
108	0.000000e+00	1.163190e-02	1.000000e+00	5.000000e-01	STATE 2 PHASE 1
109	0.000000e+00	4.737118e-02	1.000000e+00	5.000000e-01	STATE 1 PHASE 1
110	0.000000e+00	1.099873e-02	1.000000e+00	5.000000e-01	STATE 2 PHASE 1
111	0.000000e+00	4.647467e-02	1.000000e+00	5.000000e-01	STATE 1 PHASE 1
112	0.000000e+00	1.042647e-02	1.000000e+00	5.000000e-01	STATE 2 PHASE 1
113	0.000000e+00	4.563468e-02	1.000000e+00	5.000000e-01	STATE 1 PHASE 1
114	0.000000e+00	9.908975e-03	1.000000e+00	5.000000e-01	STATE 2 PHASE 1
115	0.000000e+00	4.484817e-02	1.000000e+00	5.000000e-01	STATE 1 PHASE 1
116	0.000000e+00	9.440745e-03	1.000000e+00	5.000000e-01	STATE 2 PHASE 1
117	0.000000e+00	4.411238e-02	1.000000e+00	5.000000e-01	STATE 1 PHASE 1
118	0.000000e+00	9.016915e-03	1.000000e+00	5.000000e-01	STATE 2 PHASE 1
119	0.000000e+00	4.342476e-02	1.000000e+00	5.000000e-01	STATE 1 PHASE 1
120	0.000000e+00	8.633162e-03	1.000000e+00	5.000000e-01	STATE 2 PHASE 1
121	0.000000e+00	4.278296e-02	1.000000e+00	5.000000e-01	STATE 1 PHASE 1
122	0.000000e+00	8.285654e-03	1.000000e+00	5.000000e-01	STATE 2 PHASE 1
123	0.000000e+00	4.218485e-02	1.000000e+00	5.000000e-01	STATE 1 PHASE 1
124	0.000000e+00	7.970997e-03	1.000000e+00	5.000000e-01	STATE 2 PHASE 1
125	0.000000e+00	4.162847e-02	1.000000e+00	5.000000e-01	STATE 1 PHASE 1
126	0.000000e+00	7.686184e-03	1.000000e+00	5.000000e-01	STATE 2 PHASE 1
127	0.000000e+00	4.111202e-02	1.000000e+00	5.000000e-01	STATE 1 PHASE 1
128	0.000000e+00	7.428557e-03	1.000000e+00	5.000000e-01	STATE 2 PHASE 1
129	0.000000e+00	4.063387e-02	1.000000e+00	5.000000e-01	STATE 1 PHASE 1
130	0.000000e+00	7.195765e-03	1.000000e+00	5.000000e-01	STATE 2 PHASE 1
131	0.000000e+00	4.019251e-02	1.000000e+00	5.000000e-01	STATE 1 PHASE 1
132	0.000000e+00	6.985735e-03	1.000000e+00	5.000000e-01	STATE 2 PHASE 1
133	0.000000e+00	3.978659e-02	1.000000e+00	5.000000e-01	STATE 1 PHASE 1
134	0.000000e+00	6.796636e-03	1.000000e+00	5.000000e-01	STATE 2 PHASE 1
135	0.000000e+00	3.941487e-02	1.000000e+00	5.000000e-01	STATE 1 PHASE 1
136	0.000000e+00	6.626856e-03	1.000000e+00	5.000000e-01	STATE 2 PHASE 1
137	0.000000e+00	3.907623e-02	1.000000e+00	5.000000e-01	STATE 1 PHASE 1
138	0.000000e+00	6.474981e-03	1.000000e+00	5.000000e-01	STATE 2 PHASE 1
139	0.000000e+00	3.876967e-02	1.000000e+00	5.000000e-01	STATE 1 PHASE 1
140	0.000000e+00	6.339768e-03	1.000000e+00	5.000000e-01	STATE 2 PHASE 1
141	0.000000e+00	3.849429e-02	1.000000e+00	5.000000e-01	STATE 1 PHASE 1
142	0.000000e+00	6.220137e-03	1.000000e+00	5.000000e-01	STATE 2 PHASE 1
143	0.000000e+00	3.824928e-02	1.000000e+00	5.000000e-01	STATE 1 PHASE 1
144	0.000000e+00	6.115145e-03	1.000000e+00	5.000000e-01	STATE 2 PHASE 1
145	0.000000e+00	3.803394e-02	1.000000e+00	5.000000e-01	STATE 1 PHASE 1
146	0.000000e+00	6.023982e-03	1.000000e+00	5.000000e-01	STATE 2 PHASE 1
147	0.000000e+00	3.784765e-02	1.000000e+00	5.000000e-01	STATE 1 PHASE 1
148	0.000000e+00	5.945954e-03	1.000000e+00	5.000000e-01	STATE 2 PHASE 1
149	0.000000e+00	3.768988e-02	1.000000e+00	5.000000e-01	STATE 1 PHASE 1
150	0.000000e+00	5.880475e-03	1.000000e+00	5.000000e-01	STATE 2 PHASE 1
151	0.000000e+00	3.756018e-02	1.000000e+00	5.000000e-01	STATE 1 PHASE 1
152	0.000000e+00	5.827060e-03	1.000000e+00	5.000000e-01	STATE 2 PHASE 1
153	0.000000e+00	3.745819e-02	1.000000e+00	5.000000e-01	STATE 1 PHASE 1
154	0.000000e+00	5.785317e-03	1.000000e+00	5.000000e-01	STATE 2 PHASE 1
155	0.000000e+00	3.738362e-02	1.000000e+00	5.000000e-01	STATE 1 PHASE 1
156	0.000000e+00	5.754943e-03	1.000000e+00	5.000000e-01	STATE 2 PHASE 1
157	0.000000e+00	3.733628e-02	1.000000e+00	5.000000e-01	STATE 1 PHASE 1
158	0.000000e+00	5.735721e-03	1.000000e+00	5.000000e-01	STATE 2 PHASE 1
159	0.000000e+00	3.731618e-02	1.000000e+00	5.000000e-01	STATE 1 PHASE 1
160	0.000000e+00	5.727574e-03	1.000000e+00	5.000000e-01	STATE 2 PHASE 1
161	0.000000e+00	5.703722e-01	1.000000e+00	5.000000e-02	PARAMETER 1 PHASE 1
162	0.000000e+00	4.061324e-01	1.000000e+00	5.000000e-02	PARAMETER 2 PHASE 1
163	0.000000e+00	8.354930e-02	1.000000e+00	5.000000e-02	PARAMETER 3 PHASE 1
164	0.000000e+00	0.000000e+00	0.000000e+00	1.052632e+00	t0 PHASE 1
165	1.000000e+00	1.000000e+00	1.000000e+00	1.052632e+00	tf PHASE 1