
***** Phase 1 differential defect constraints *****
LOWER		G(X)		UPPER		SCALING
0.000000e+00	-8.009674e-20	0.000000e+00	5.771578e-03 ***
0.000000e+00	2.562971e-11	0.000000e+00	5.771251e-03 ***
0.000000e+00	1.146242e-11	0.000000e+00	5.771476e-03 ***
0.000000e+00	-3.809719e-17	0.000000e+00	2.429373e-02 ***
0.000000e+00	2.973461e-10	0.000000e+00	2.426962e-02 ***
0.000000e+00	1.337439e-10	0.000000e+00	2.428613e-02 ***
0.000000e+00	-1.885936e-16	0.000000e+00	3.677836e-02 ***
0.000000e+00	4.505426e-10	0.000000e+00	3.669673e-02 ***
0.000000e+00	2.052445e-10	0.000000e+00	3.675198e-02 ***
0.000000e+00	-5.141055e-16	0.000000e+00	4.939361e-02 ***
0.000000e+00	6.036281e-10	0.000000e+00	4.920320e-02 ***
0.000000e+00	2.804468e-10	0.000000e+00	4.932972e-02 ***
0.000000e+00	-1.039274e-15	0.000000e+00	6.103306e-02 ***
0.000000e+00	7.228844e-10	0.000000e+00	6.069143e-02 ***
0.000000e+00	3.447968e-10	0.000000e+00	6.091255e-02 ***
0.000000e+00	-1.743465e-15	0.000000e+00	7.127938e-02 ***
0.000000e+00	8.199965e-10	0.000000e+00	7.076781e-02 ***
0.000000e+00	4.040364e-10	0.000000e+00	7.108744e-02 ***
0.000000e+00	-2.567546e-15	0.000000e+00	7.983223e-02 ***
0.000000e+00	8.714117e-10	0.000000e+00	7.916372e-02 ***
0.000000e+00	4.461390e-10	0.000000e+00	7.956262e-02 ***
0.000000e+00	-3.418278e-15	0.000000e+00	8.645592e-02 ***
0.000000e+00	8.977710e-10	0.000000e+00	8.567348e-02 ***
0.000000e+00	4.801612e-10	0.000000e+00	8.611351e-02 ***
0.000000e+00	-4.199997e-15	0.000000e+00	9.097218e-02 ***
0.000000e+00	8.592143e-10	0.000000e+00	9.013893e-02 ***
0.000000e+00	4.824218e-10	0.000000e+00	9.057326e-02 ***
0.000000e+00	-4.829827e-15	0.000000e+00	9.326074e-02 ***
0.000000e+00	7.874095e-10	0.000000e+00	9.245062e-02 ***
0.000000e+00	4.661165e-10	0.000000e+00	9.283337e-02 ***
0.000000e+00	-5.202581e-15	0.000000e+00	9.326089e-02 ***
0.000000e+00	2.378327e-10	0.000000e+00	9.253709e-02 ***
0.000000e+00	1.489523e-10	0.000000e+00	9.283808e-02 ***
0.000000e+00	-5.325851e-15	0.000000e+00	9.097262e-02 ***
0.000000e+00	5.731281e-14	0.000000e+00	9.038394e-02 ***
0.000000e+00	5.984267e-15	0.000000e+00	9.059073e-02 ***
0.000000e+00	-4.397886e-15	0.000000e+00	8.645656e-02 ***
0.000000e+00	1.481386e-13	0.000000e+00	8.602093e-02 ***
0.000000e+00	1.498458e-13	0.000000e+00	8.614316e-02 ***
0.000000e+00	-1.138615e-15	0.000000e+00	7.983296e-02 ***
0.000000e+00	3.150972e-13	0.000000e+00	7.953768e-02 ***
0.000000e+00	3.612146e-13	0.000000e+00	7.959906e-02 ***
0.000000e+00	1.769202e-15	0.000000e+00	7.128007e-02 ***
0.000000e+00	1.957844e-13	0.000000e+00	7.109904e-02 ***
0.000000e+00	1.911231e-13	0.000000e+00	7.112392e-02 ***
0.000000e+00	1.727492e-15	0.000000e+00	6.103360e-02 ***
0.000000e+00	-3.881162e-14	0.000000e+00	6.093232e-02 ***
0.000000e+00	-4.726170e-14	0.000000e+00	6.093989e-02 ***
0.000000e+00	1.251513e-15	0.000000e+00	4.939395e-02 ***
0.000000e+00	3.976146e-14	0.000000e+00	4.934408e-02 ***
0.000000e+00	4.126068e-14	0.000000e+00	4.934517e-02 ***
0.000000e+00	1.065493e-15	0.000000e+00	3.677852e-02 ***
0.000000e+00	4.300404e-15	0.000000e+00	3.675881e-02 ***
0.000000e+00	8.406870e-16	0.000000e+00	3.675842e-02 ***
0.000000e+00	6.046571e-16	0.000000e+00	2.429378e-02 ***
0.000000e+00	-3.035678e-14	0.000000e+00	2.428812e-02 ***
0.000000e+00	-4.629745e-14	0.000000e+00	2.428785e-02 ***
0.000000e+00	1.435884e-16	0.000000e+00	5.771579e-03 ***
0.000000e+00	3.162018e-15	0.000000e+00	5.771503e-03 ***
0.000000e+00	3.174350e-15	0.000000e+00	5.771499e-03 ***
***** Phase 1 path constraints *****
LOWER		G(X)		UPPER		SCALING
***** Phase 1 event constraints *****
LOWER		G(X)		UPPER		SCALING
0.000000e+00	0.000000e+00	0.000000e+00	1.000000e+00
-1.000000e+00	-1.000000e+00	-1.000000e+00	1.000000e+00
-2.236068e+00	-2.236068e+00	-2.236068e+00	1.000000e+00
***** Phase 1 tf >= t0 constraint *****
LOWER		G(X)		UPPER		SCALING
-7.071068e-01	-6.919817e-01	0.000000e+00	7.071068e-01
***** Phase 2 differential defect constraints *****
LOWER		G(X)		UPPER		SCALING
0.000000e+00	-1.103909e-13	0.000000e+00	2.519423e-03 ***
0.000000e+00	-6.741478e-12	0.000000e+00	2.519418e-03 ***
0.000000e+00	-1.989509e-11	0.000000e+00	2.519402e-03 ***
0.000000e+00	-4.780599e-13	0.000000e+00	1.063123e-02 ***
0.000000e+00	-2.818163e-11	0.000000e+00	1.063080e-02 ***
0.000000e+00	-8.382466e-11	0.000000e+00	1.062961e-02 ***
0.000000e+00	-7.723081e-13	0.000000e+00	1.622436e-02 ***
0.000000e+00	-4.199903e-11	0.000000e+00	1.622290e-02 ***
0.000000e+00	-1.274240e-10	0.000000e+00	1.621866e-02 ***
0.000000e+00	-1.137914e-12	0.000000e+00	2.207202e-02 ***
0.000000e+00	-5.512641e-11	0.000000e+00	2.206845e-02 ***
0.000000e+00	-1.723885e-10	0.000000e+00	2.205781e-02 ***
0.000000e+00	-1.571614e-12	0.000000e+00	2.777035e-02 ***
0.000000e+00	-6.607633e-11	0.000000e+00	2.776354e-02 ***
0.000000e+00	-2.153184e-10	0.000000e+00	2.774239e-02 ***
0.000000e+00	-2.073098e-12	0.000000e+00	3.320510e-02 ***
0.000000e+00	-7.449145e-11	0.000000e+00	3.319401e-02 ***
0.000000e+00	-2.553597e-10	0.000000e+00	3.315793e-02 ***
0.000000e+00	-2.633809e-12	0.000000e+00	3.829979e-02 ***
0.000000e+00	-8.023102e-11	0.000000e+00	3.828372e-02 ***
0.000000e+00	-2.919842e-10	0.000000e+00	3.822850e-02 ***
0.000000e+00	-3.236646e-12	0.000000e+00	4.299064e-02 ***
0.000000e+00	-8.350408e-11	0.000000e+00	4.296917e-02 ***
0.000000e+00	-3.249997e-10	0.000000e+00	4.289097e-02 ***
0.000000e+00	-3.858512e-12	0.000000e+00	4.722155e-02 ***
0.000000e+00	-8.467545e-11	0.000000e+00	4.719475e-02 ***
0.000000e+00	-3.543765e-10	0.000000e+00	4.709071e-02 ***
0.000000e+00	-4.472498e-12	0.000000e+00	5.094300e-02 ***
0.000000e+00	-8.419632e-11	0.000000e+00	5.091123e-02 ***
0.000000e+00	-3.801927e-10	0.000000e+00	5.077929e-02 ***
0.000000e+00	-5.051618e-12	0.000000e+00	5.411186e-02 ***
0.000000e+00	-8.265762e-11	0.000000e+00	5.407591e-02 ***
0.000000e+00	-4.027466e-10	0.000000e+00	5.391555e-02 ***
0.000000e+00	-5.570506e-12	0.000000e+00	5.669166e-02 ***
0.000000e+00	-8.039467e-11	0.000000e+00	5.665243e-02 ***
0.000000e+00	-4.221322e-10	0.000000e+00	5.646367e-02 ***
0.000000e+00	-6.008004e-12	0.000000e+00	5.865279e-02 ***
0.000000e+00	-7.789745e-11	0.000000e+00	5.861143e-02 ***
0.000000e+00	-4.387351e-10	0.000000e+00	5.839595e-02 ***
0.000000e+00	-6.347345e-12	0.000000e+00	5.997281e-02 ***
0.000000e+00	-7.514166e-11	0.000000e+00	5.993040e-02 ***
0.000000e+00	-4.524095e-10	0.000000e+00	5.969016e-02 ***
0.000000e+00	-6.576802e-12	0.000000e+00	6.063660e-02 ***
0.000000e+00	-7.233328e-11	0.000000e+00	6.059429e-02 ***
0.000000e+00	-4.633708e-10	0.000000e+00	6.033290e-02 ***
0.000000e+00	-6.689360e-12	0.000000e+00	6.063660e-02 ***
0.000000e+00	-6.913038e-11	0.000000e+00	6.059554e-02 ***
0.000000e+00	-4.711435e-10	0.000000e+00	6.031903e-02 ***
0.000000e+00	-6.681868e-12	0.000000e+00	5.997280e-02 ***
0.000000e+00	-6.552809e-11	0.000000e+00	5.993399e-02 ***
0.000000e+00	-4.756430e-10	0.000000e+00	5.964989e-02 ***
0.000000e+00	-6.555987e-12	0.000000e+00	5.865279e-02 ***
0.000000e+00	-6.120608e-11	0.000000e+00	5.861672e-02 ***
0.000000e+00	-4.762032e-10	0.000000e+00	5.833032e-02 ***
0.000000e+00	-6.316454e-12	0.000000e+00	5.669165e-02 ***
0.000000e+00	-5.609840e-11	0.000000e+00	5.665867e-02 ***
0.000000e+00	-4.723766e-10	0.000000e+00	5.637586e-02 ***
0.000000e+00	-5.973148e-12	0.000000e+00	5.411185e-02 ***
0.000000e+00	-5.024922e-11	0.000000e+00	5.408271e-02 ***
0.000000e+00	-4.637877e-10	0.000000e+00	5.381584e-02 ***
0.000000e+00	-5.538787e-12	0.000000e+00	5.094299e-02 ***
0.000000e+00	-4.361868e-11	0.000000e+00	5.091813e-02 ***
0.000000e+00	-4.495976e-10	0.000000e+00	5.067847e-02 ***
0.000000e+00	-5.030423e-12	0.000000e+00	4.722154e-02 ***
0.000000e+00	-3.673031e-11	0.000000e+00	4.720143e-02 ***
0.000000e+00	-4.299329e-10	0.000000e+00	4.700204e-02 ***
0.000000e+00	-4.466944e-12	0.000000e+00	4.299063e-02 ***
0.000000e+00	-2.951713e-11	0.000000e+00	4.297532e-02 ***
0.000000e+00	-4.034877e-10	0.000000e+00	4.282414e-02 ***
0.000000e+00	-3.868477e-12	0.000000e+00	3.829979e-02 ***
0.000000e+00	-2.290213e-11	0.000000e+00	3.828869e-02 ***
0.000000e+00	-3.711233e-10	0.000000e+00	3.818164e-02 ***
0.000000e+00	-3.254675e-12	0.000000e+00	3.320510e-02 ***
0.000000e+00	-1.646051e-11	0.000000e+00	3.319763e-02 ***
0.000000e+00	-3.307068e-10	0.000000e+00	3.312802e-02 ***
0.000000e+00	-2.639559e-12	0.000000e+00	2.777035e-02 ***
0.000000e+00	-9.742849e-12	0.000000e+00	2.776583e-02 ***
0.000000e+00	-2.794821e-10	0.000000e+00	2.772522e-02 ***
0.000000e+00	-2.036545e-12	0.000000e+00	2.207201e-02 ***
0.000000e+00	-4.530363e-12	0.000000e+00	2.206967e-02 ***
0.000000e+00	-2.222669e-10	0.000000e+00	2.204933e-02 ***
0.000000e+00	-1.459463e-12	0.000000e+00	1.622436e-02 ***
0.000000e+00	-1.576954e-12	0.000000e+00	1.622341e-02 ***
0.000000e+00	-1.634585e-10	0.000000e+00	1.621543e-02 ***
0.000000e+00	-9.393664e-13	0.000000e+00	1.063123e-02 ***
0.000000e+00	-2.959722e-13	0.000000e+00	1.063096e-02 ***
0.000000e+00	-1.071426e-10	0.000000e+00	1.062878e-02 ***
0.000000e+00	-2.208349e-13	0.000000e+00	2.519423e-03 ***
0.000000e+00	4.521401e-15	0.000000e+00	2.519420e-03 ***
0.000000e+00	-2.539640e-11	0.000000e+00	2.519391e-03 ***
***** Phase 2 path constraints *****
LOWER		G(X)		UPPER		SCALING
***** Phase 2 event constraints *****
LOWER		G(X)		UPPER		SCALING
***** Phase 2 tf >= t0 constraint *****
LOWER		G(X)		UPPER		SCALING
-5.050763e-01	-2.590203e-01	0.000000e+00	7.071068e-01
***** Phase 3 differential defect constraints *****
LOWER		G(X)		UPPER		SCALING
0.000000e+00	2.208307e-13	0.000000e+00	2.519423e-03 ***
0.000000e+00	-2.758845e-11	0.000000e+00	2.519182e-03 ***
0.000000e+00	2.539369e-11	0.000000e+00	2.519106e-03 ***
0.000000e+00	8.725019e-13	0.000000e+00	1.063118e-02 ***
0.000000e+00	-1.261222e-10	0.000000e+00	1.061269e-02 ***
0.000000e+00	7.436720e-11	0.000000e+00	1.060744e-02 ***
0.000000e+00	1.107020e-12	0.000000e+00	1.622420e-02 ***
0.000000e+00	-1.830918e-10	0.000000e+00	1.615460e-02 ***
0.000000e+00	1.627003e-10	0.000000e+00	1.614020e-02 ***
0.000000e+00	1.025948e-12	0.000000e+00	2.207162e-02 ***
0.000000e+00	-2.646875e-10	0.000000e+00	2.190476e-02 ***
0.000000e+00	2.212408e-10	0.000000e+00	2.194752e-02 ***
0.000000e+00	5.143731e-14	0.000000e+00	2.776956e-02 ***
0.000000e+00	-3.609105e-10	0.000000e+00	2.748821e-02 ***
0.000000e+00	-9.975932e-11	0.000000e+00	2.767673e-02 ***
0.000000e+00	-1.836763e-12	0.000000e+00	3.320371e-02 ***
0.000000e+00	-4.003472e-10	0.000000e+00	3.277514e-02 ***
0.000000e+00	1.502070e-10	0.000000e+00	3.306461e-02 ***
0.000000e+00	-4.522915e-12	0.000000e+00	3.829753e-02 ***
0.000000e+00	-4.384569e-10	0.000000e+00	3.771093e-02 ***
0.000000e+00	-6.160431e-10	0.000000e+00	3.808465e-02 ***
0.000000e+00	-8.016916e-12	0.000000e+00	4.298716e-02 ***
0.000000e+00	-4.724215e-10	0.000000e+00	4.226130e-02 ***
0.000000e+00	1.022728e-17	0.000000e+00	4.268704e-02 ***
0.000000e+00	-1.200745e-11	0.000000e+00	4.721644e-02 ***
0.000000e+00	-4.787246e-10	0.000000e+00	4.639056e-02 ***
0.000000e+00	-8.083248e-10	0.000000e+00	4.682009e-02 ***
0.000000e+00	-1.626944e-11	0.000000e+00	5.093583e-02 ***
0.000000e+00	-4.834283e-10	0.000000e+00	5.006143e-02 ***
0.000000e+00	1.027620e-18	0.000000e+00	5.043999e-02 ***
0.000000e+00	-2.045930e-11	0.000000e+00	5.410230e-02 ***
0.000000e+00	-4.627485e-10	0.000000e+00	5.323107e-02 ***
0.000000e+00	-9.218073e-10	0.000000e+00	5.351017e-02 ***
0.000000e+00	-2.426738e-11	0.000000e+00	5.667957e-02 ***
0.000000e+00	-4.413625e-10	0.000000e+00	5.585104e-02 ***
0.000000e+00	3.252550e-19	0.000000e+00	5.600087e-02 ***
0.000000e+00	-2.737057e-11	0.000000e+00	5.863838e-02 ***
0.000000e+00	-3.974456e-10	0.000000e+00	5.787124e-02 ***
0.000000e+00	-9.200281e-10	0.000000e+00	5.788879e-02 ***
0.000000e+00	-2.951501e-11	0.000000e+00	5.995662e-02 ***
0.000000e+00	-3.554606e-10	0.000000e+00	5.924590e-02 ***
0.000000e+00	-1.007419e-10	0.000000e+00	5.915677e-02 ***
0.000000e+00	-3.051097e-11	0.000000e+00	6.061952e-02 ***
0.000000e+00	-2.959091e-10	0.000000e+00	5.993915e-02 ***
0.000000e+00	-7.545738e-10	0.000000e+00	5.979356e-02 ***
0.000000e+00	-3.026519e-11	0.000000e+00	6.061965e-02 ***
0.000000e+00	-2.419350e-10	0.000000e+00	5.993109e-02 ***
0.000000e+00	-3.499871e-10	0.000000e+00	5.979356e-02 ***
0.000000e+00	-2.879291e-11	0.000000e+00	5.995698e-02 ***
0.000000e+00	-1.778533e-10	0.000000e+00	5.922264e-02 ***
0.000000e+00	-3.291451e-10	0.000000e+00	5.915677e-02 ***
0.000000e+00	-2.619913e-11	0.000000e+00	5.863891e-02 ***
0.000000e+00	-1.210996e-10	0.000000e+00	5.783540e-02 ***
0.000000e+00	-4.625611e-10	0.000000e+00	5.788879e-02 ***
0.000000e+00	-2.270353e-11	0.000000e+00	5.668018e-02 ***
0.000000e+00	-6.304180e-11	0.000000e+00	5.580649e-02 ***
0.000000e+00	4.573098e-18	0.000000e+00	5.600087e-02 ***
0.000000e+00	-1.856493e-11	0.000000e+00	5.410289e-02 ***
0.000000e+00	-1.401983e-11	0.000000e+00	5.318224e-02 ***
0.000000e+00	-4.643656e-10	0.000000e+00	5.351017e-02 ***
0.000000e+00	-1.413698e-11	0.000000e+00	5.093632e-02 ***
0.000000e+00	3.123574e-11	0.000000e+00	5.001269e-02 ***
0.000000e+00	1.705491e-17	0.000000e+00	5.043999e-02 ***
0.000000e+00	-9.715090e-12	0.000000e+00	4.721681e-02 ***
0.000000e+00	6.282392e-11	0.000000e+00	4.634591e-02 ***
0.000000e+00	-3.805384e-10	0.000000e+00	4.682007e-02 ***
0.000000e+00	-5.712120e-12	0.000000e+00	4.298739e-02 ***
0.000000e+00	8.803405e-11	0.000000e+00	4.222339e-02 ***
0.000000e+00	8.644406e-11	0.000000e+00	4.268691e-02 ***
0.000000e+00	-2.280458e-12	0.000000e+00	3.829764e-02 ***
0.000000e+00	1.054242e-10	0.000000e+00	3.767479e-02 ***
0.000000e+00	-3.452187e-19	0.000000e+00	3.805535e-02 ***
0.000000e+00	6.350945e-14	0.000000e+00	3.320374e-02 ***
0.000000e+00	7.142112e-11	0.000000e+00	3.273459e-02 ***
0.000000e+00	3.310809e-10	0.000000e+00	3.284388e-02 ***
0.000000e+00	9.432120e-13	0.000000e+00	2.776956e-02 ***
0.000000e+00	2.772239e-11	0.000000e+00	2.749175e-02 ***
0.000000e+00	2.763783e-10	0.000000e+00	2.741728e-02 ***
0.000000e+00	1.019184e-12	0.000000e+00	2.207161e-02 ***
0.000000e+00	6.387503e-12	0.000000e+00	2.194257e-02 ***
0.000000e+00	2.188854e-10	0.000000e+00	2.188170e-02 ***
0.000000e+00	7.925165e-13	0.000000e+00	1.622420e-02 ***
0.000000e+00	1.126580e-12	0.000000e+00	1.617548e-02 ***
0.000000e+00	1.487384e-10	0.000000e+00	1.614449e-02 ***
0.000000e+00	5.387259e-13	0.000000e+00	1.063118e-02 ***
0.000000e+00	3.316480e-12	0.000000e+00	1.061783e-02 ***
0.000000e+00	8.780639e-11	0.000000e+00	1.060781e-02 ***
0.000000e+00	1.281817e-13	0.000000e+00	2.519423e-03 ***
0.000000e+00	-9.918676e-13	0.000000e+00	2.519247e-03 ***
0.000000e+00	2.363165e-11	0.000000e+00	2.519106e-03 ***
***** Phase 3 path constraints *****
LOWER		G(X)		UPPER		SCALING
***** Phase 3 event constraints *****
LOWER		G(X)		UPPER		SCALING
***** Phase 3 tf >= t0 constraint *****
LOWER		G(X)		UPPER		SCALING
-5.126524e-01	-5.093988e-01	0.000000e+00	7.071068e-01
***** Phase 4 differential defect constraints *****
LOWER		G(X)		UPPER		SCALING
0.000000e+00	2.394380e-17	0.000000e+00	2.519423e-03 ***
0.000000e+00	-1.035954e-15	0.000000e+00	2.519394e-03 ***
0.000000e+00	5.420888e-15	0.000000e+00	2.519064e-03 ***
0.000000e+00	1.773220e-16	0.000000e+00	1.063122e-02 ***
0.000000e+00	-2.743782e-15	0.000000e+00	1.062902e-02 ***
0.000000e+00	2.309400e-14	0.000000e+00	1.060476e-02 ***
0.000000e+00	2.169256e-16	0.000000e+00	1.622434e-02 ***
0.000000e+00	-5.656032e-16	0.000000e+00	1.621646e-02 ***
0.000000e+00	5.850213e-15	0.000000e+00	1.613412e-02 ***
0.000000e+00	3.169160e-16	0.000000e+00	2.207196e-02 ***
0.000000e+00	7.546545e-16	0.000000e+00	2.205189e-02 ***
0.000000e+00	-9.626699e-15	0.000000e+00	2.185772e-02 ***
0.000000e+00	3.692033e-16	0.000000e+00	2.777025e-02 ***
0.000000e+00	1.760605e-17	0.000000e+00	2.773004e-02 ***
0.000000e+00	-5.440255e-16	0.000000e+00	2.737512e-02 ***
0.000000e+00	4.909364e-16	0.000000e+00	3.320493e-02 ***
0.000000e+00	1.881249e-15	0.000000e+00	3.313574e-02 ***
0.000000e+00	-5.097075e-15	0.000000e+00	3.258366e-02 ***
0.000000e+00	5.741665e-16	0.000000e+00	3.829952e-02 ***
0.000000e+00	1.894785e-15	0.000000e+00	3.819390e-02 ***
0.000000e+00	-2.510089e-15	0.000000e+00	3.743191e-02 ***
0.000000e+00	6.574266e-16	0.000000e+00	4.299026e-02 ***
0.000000e+00	4.991588e-15	0.000000e+00	4.284222e-02 ***
0.000000e+00	-6.155088e-15	0.000000e+00	4.187319e-02 ***
0.000000e+00	7.937201e-16	0.000000e+00	4.722106e-02 ***
0.000000e+00	7.161133e-15	0.000000e+00	4.702900e-02 ***
0.000000e+00	-6.402537e-15	0.000000e+00	4.587822e-02 ***
0.000000e+00	9.301044e-16	0.000000e+00	5.094240e-02 ***
0.000000e+00	6.664023e-15	0.000000e+00	5.070680e-02 ***
0.000000e+00	-4.135748e-15	0.000000e+00	4.940519e-02 ***
0.000000e+00	1.026680e-15	0.000000e+00	5.411116e-02 ***
0.000000e+00	8.808678e-16	0.000000e+00	5.383648e-02 ***
0.000000e+00	2.310796e-15	0.000000e+00	5.242770e-02 ***
0.000000e+00	1.083592e-15	0.000000e+00	5.669087e-02 ***
0.000000e+00	-5.254176e-16	0.000000e+00	5.638173e-02 ***
0.000000e+00	3.444198e-15	0.000000e+00	5.490722e-02 ***
0.000000e+00	1.100396e-15	0.000000e+00	5.865193e-02 ***
0.000000e+00	-7.860254e-15	0.000000e+00	5.831418e-02 ***
0.000000e+00	9.045992e-15	0.000000e+00	5.681942e-02 ***
0.000000e+00	9.737644e-16	0.000000e+00	5.997190e-02 ***
0.000000e+00	-2.364121e-14	0.000000e+00	5.961083e-02 ***
0.000000e+00	2.128698e-14	0.000000e+00	5.813706e-02 ***
0.000000e+00	7.353825e-16	0.000000e+00	6.063568e-02 ***
0.000000e+00	-2.418702e-14	0.000000e+00	6.025699e-02 ***
0.000000e+00	2.270804e-14	0.000000e+00	5.884230e-02 ***
0.000000e+00	4.326832e-16	0.000000e+00	6.063569e-02 ***
0.000000e+00	-2.053252e-14	0.000000e+00	6.024611e-02 ***
0.000000e+00	1.982173e-14	0.000000e+00	5.892353e-02 ***
0.000000e+00	2.737933e-16	0.000000e+00	5.997192e-02 ***
0.000000e+00	-3.851398e-15	0.000000e+00	5.957976e-02 ***
0.000000e+00	3.570899e-15	0.000000e+00	5.837350e-02 ***
0.000000e+00	2.942718e-16	0.000000e+00	5.865197e-02 ***
0.000000e+00	9.893531e-15	0.000000e+00	5.826759e-02 ***
0.000000e+00	-8.248171e-15	0.000000e+00	5.719240e-02 ***
0.000000e+00	4.939773e-16	0.000000e+00	5.669092e-02 ***
0.000000e+00	2.243287e-14	0.000000e+00	5.632652e-02 ***
0.000000e+00	-1.512691e-14	0.000000e+00	5.538663e-02 ***
0.000000e+00	6.411185e-16	0.000000e+00	5.411122e-02 ***
0.000000e+00	1.382185e-14	0.000000e+00	5.377950e-02 ***
0.000000e+00	-7.486362e-15	0.000000e+00	5.297027e-02 ***
0.000000e+00	6.393178e-16	0.000000e+00	5.094246e-02 ***
0.000000e+00	-1.132766e-14	0.000000e+00	5.065432e-02 ***
0.000000e+00	7.616359e-15	0.000000e+00	4.996509e-02 ***
0.000000e+00	3.544539e-16	0.000000e+00	4.722112e-02 ***
0.000000e+00	-4.440362e-14	0.000000e+00	4.698273e-02 ***
0.000000e+00	2.720540e-14	0.000000e+00	4.640993e-02 ***
0.000000e+00	5.173731e-18	0.000000e+00	4.299031e-02 ***
0.000000e+00	-4.617160e-14	0.000000e+00	4.280219e-02 ***
0.000000e+00	3.142345e-14	0.000000e+00	4.233916e-02 ***
0.000000e+00	-2.526514e-16	0.000000e+00	3.829955e-02 ***
0.000000e+00	-1.436891e-14	0.000000e+00	3.815837e-02 ***
0.000000e+00	9.587189e-15	0.000000e+00	3.780811e-02 ***
0.000000e+00	-2.575934e-16	0.000000e+00	3.320494e-02 ***
0.000000e+00	-6.017511e-15	0.000000e+00	3.310485e-02 ***
0.000000e+00	3.418376e-15	0.000000e+00	3.286018e-02 ***
0.000000e+00	-2.286083e-16	0.000000e+00	2.777025e-02 ***
0.000000e+00	4.427851e-15	0.000000e+00	2.770583e-02 ***
0.000000e+00	-3.845436e-15	0.000000e+00	2.755498e-02 ***
0.000000e+00	-1.591663e-16	0.000000e+00	2.207196e-02 ***
0.000000e+00	8.221476e-15	0.000000e+00	2.203615e-02 ***
0.000000e+00	-5.921273e-15	0.000000e+00	2.195722e-02 ***
0.000000e+00	-1.166177e-16	0.000000e+00	1.622434e-02 ***
0.000000e+00	8.997715e-17	0.000000e+00	1.620884e-02 ***
0.000000e+00	-1.795972e-16	0.000000e+00	1.617668e-02 ***
0.000000e+00	-5.416482e-17	0.000000e+00	1.063122e-02 ***
0.000000e+00	-8.288007e-16	0.000000e+00	1.062658e-02 ***
0.000000e+00	4.962610e-16	0.000000e+00	1.061739e-02 ***
0.000000e+00	-2.622301e-19	0.000000e+00	2.519423e-03 ***
0.000000e+00	-7.286318e-16	0.000000e+00	2.519360e-03 ***
0.000000e+00	3.112966e-16	0.000000e+00	2.519237e-03 ***
***** Phase 4 path constraints *****
LOWER		G(X)		UPPER		SCALING
***** Phase 4 event constraints *****
LOWER		G(X)		UPPER		SCALING
***** Phase 4 tf >= t0 constraint *****
LOWER		G(X)		UPPER		SCALING
-2.121320e-01	-1.440242e-01	0.000000e+00	7.071068e-01
***** Phase linkage constraints *****
LOWER		G(X)		UPPER		SCALING
0.000000e+00	0.000000e+00	0.000000e+00	7.071068e-01
0.000000e+00	0.000000e+00	0.000000e+00	7.071068e-01
0.000000e+00	0.000000e+00	0.000000e+00	7.071068e-01
0.000000e+00	0.000000e+00	0.000000e+00	3.282661e+00
0.000000e+00	0.000000e+00	0.000000e+00	7.071068e-01
0.000000e+00	0.000000e+00	0.000000e+00	7.071068e-01
0.000000e+00	0.000000e+00	0.000000e+00	7.071068e-01
0.000000e+00	0.000000e+00	0.000000e+00	1.179823e+00
0.000000e+00	0.000000e+00	0.000000e+00	7.071068e-01
0.000000e+00	0.000000e+00	0.000000e+00	7.071068e-01
0.000000e+00	0.000000e+00	0.000000e+00	7.071068e-01
0.000000e+00	0.000000e+00	0.000000e+00	7.808688e-01
***** Scaled Decision Variables ******************************
J	LOWER		X(J)		UPPER		SCALING		DESCRIPTION
1	0.000000e+00	1.000000e+00	1.000000e+00	1.000000e-01	CONTROL 1 PHASE 1
2	0.000000e+00	1.000000e+00	1.000000e+00	1.000000e-01	CONTROL 1 PHASE 1
3	0.000000e+00	1.000000e+00	1.000000e+00	1.000000e-01	CONTROL 1 PHASE 1
4	0.000000e+00	1.000000e+00	1.000000e+00	1.000000e-01	CONTROL 1 PHASE 1
5	0.000000e+00	1.000000e+00	1.000000e+00	1.000000e-01	CONTROL 1 PHASE 1
6	0.000000e+00	1.000000e+00	1.000000e+00	1.000000e-01	CONTROL 1 PHASE 1
7	0.000000e+00	1.000000e+00	1.000000e+00	1.000000e-01	CONTROL 1 PHASE 1
8	0.000000e+00	1.000000e+00	1.000000e+00	1.000000e-01	CONTROL 1 PHASE 1
9	0.000000e+00	1.000000e+00	1.000000e+00	1.000000e-01	CONTROL 1 PHASE 1
10	0.000000e+00	1.000000e+00	1.000000e+00	1.000000e-01	CONTROL 1 PHASE 1
11	0.000000e+00	1.000000e+00	1.000000e+00	1.000000e-01	CONTROL 1 PHASE 1
12	0.000000e+00	9.795235e-01	1.000000e+00	1.000000e-01	CONTROL 1 PHASE 1
13	0.000000e+00	9.279984e-01	1.000000e+00	1.000000e-01	CONTROL 1 PHASE 1
14	0.000000e+00	8.865149e-01	1.000000e+00	1.000000e-01	CONTROL 1 PHASE 1
15	0.000000e+00	8.573237e-01	1.000000e+00	1.000000e-01	CONTROL 1 PHASE 1
16	0.000000e+00	8.240796e-01	1.000000e+00	1.000000e-01	CONTROL 1 PHASE 1
17	0.000000e+00	8.109325e-01	1.000000e+00	1.000000e-01	CONTROL 1 PHASE 1
18	0.000000e+00	7.948065e-01	1.000000e+00	1.000000e-01	CONTROL 1 PHASE 1
19	0.000000e+00	7.831320e-01	1.000000e+00	1.000000e-01	CONTROL 1 PHASE 1
20	0.000000e+00	7.976591e-01	1.000000e+00	1.000000e-01	CONTROL 1 PHASE 1
21	-1.000000e+19	0.000000e+00	1.000000e+19	1.000000e+00	STATE 1 PHASE 1
22	-1.000000e+19	-1.000000e+00	1.000000e+19	1.000000e+00	STATE 2 PHASE 1
23	-1.000000e+19	-2.236068e+00	1.000000e+19	1.000000e+00	STATE 3 PHASE 1
24	-1.000000e+19	-1.121505e-03	1.000000e+19	1.000000e+00	STATE 1 PHASE 1
25	-1.000000e+19	-9.838166e-01	1.000000e+19	1.000000e+00	STATE 2 PHASE 1
26	-1.000000e+19	-2.224761e+00	1.000000e+19	1.000000e+00	STATE 3 PHASE 1
27	-1.000000e+19	-3.660848e-03	1.000000e+19	1.000000e+00	STATE 1 PHASE 1
28	-1.000000e+19	-9.465736e-01	1.000000e+19	1.000000e+00	STATE 2 PHASE 1
29	-1.000000e+19	-2.198451e+00	1.000000e+19	1.000000e+00	STATE 3 PHASE 1
30	-1.000000e+19	-7.384459e-03	1.000000e+19	1.000000e+00	STATE 1 PHASE 1
31	-1.000000e+19	-8.903164e-01	1.000000e+19	1.000000e+00	STATE 2 PHASE 1
32	-1.000000e+19	-2.157903e+00	1.000000e+19	1.000000e+00	STATE 3 PHASE 1
33	-1.000000e+19	-1.197260e-02	1.000000e+19	1.000000e+00	STATE 1 PHASE 1
34	-1.000000e+19	-8.178945e-01	1.000000e+19	1.000000e+00	STATE 2 PHASE 1
35	-1.000000e+19	-2.104172e+00	1.000000e+19	1.000000e+00	STATE 3 PHASE 1
36	-1.000000e+19	-1.705114e-02	1.000000e+19	1.000000e+00	STATE 1 PHASE 1
37	-1.000000e+19	-7.328626e-01	1.000000e+19	1.000000e+00	STATE 2 PHASE 1
38	-1.000000e+19	-2.038649e+00	1.000000e+19	1.000000e+00	STATE 3 PHASE 1
39	-1.000000e+19	-2.223574e-02	1.000000e+19	1.000000e+00	STATE 1 PHASE 1
40	-1.000000e+19	-6.392107e-01	1.000000e+19	1.000000e+00	STATE 2 PHASE 1
41	-1.000000e+19	-1.963031e+00	1.000000e+19	1.000000e+00	STATE 3 PHASE 1
42	-1.000000e+19	-2.717433e-02	1.000000e+19	1.000000e+00	STATE 1 PHASE 1
43	-1.000000e+19	-5.410935e-01	1.000000e+19	1.000000e+00	STATE 2 PHASE 1
44	-1.000000e+19	-1.879279e+00	1.000000e+19	1.000000e+00	STATE 3 PHASE 1
45	-1.000000e+19	-3.158173e-02	1.000000e+19	1.000000e+00	STATE 1 PHASE 1
46	-1.000000e+19	-4.425133e-01	1.000000e+19	1.000000e+00	STATE 2 PHASE 1
47	-1.000000e+19	-1.789556e+00	1.000000e+19	1.000000e+00	STATE 3 PHASE 1
48	-1.000000e+19	-3.526221e-02	1.000000e+19	1.000000e+00	STATE 1 PHASE 1
49	-1.000000e+19	-3.471335e-01	1.000000e+19	1.000000e+00	STATE 2 PHASE 1
50	-1.000000e+19	-1.696203e+00	1.000000e+19	1.000000e+00	STATE 3 PHASE 1
51	-1.000000e+19	-3.811771e-02	1.000000e+19	1.000000e+00	STATE 1 PHASE 1
52	-1.000000e+19	-2.578877e-01	1.000000e+19	1.000000e+00	STATE 2 PHASE 1
53	-1.000000e+19	-1.601576e+00	1.000000e+19	1.000000e+00	STATE 3 PHASE 1
54	-1.000000e+19	-4.014579e-02	1.000000e+19	1.000000e+00	STATE 1 PHASE 1
55	-1.000000e+19	-1.782480e-01	1.000000e+19	1.000000e+00	STATE 2 PHASE 1
56	-1.000000e+19	-1.508886e+00	1.000000e+19	1.000000e+00	STATE 3 PHASE 1
57	-1.000000e+19	-4.144393e-02	1.000000e+19	1.000000e+00	STATE 1 PHASE 1
58	-1.000000e+19	-1.132872e-01	1.000000e+19	1.000000e+00	STATE 2 PHASE 1
59	-1.000000e+19	-1.423182e+00	1.000000e+19	1.000000e+00	STATE 3 PHASE 1
60	-1.000000e+19	-4.217864e-02	1.000000e+19	1.000000e+00	STATE 1 PHASE 1
61	-1.000000e+19	-6.373480e-02	1.000000e+19	1.000000e+00	STATE 2 PHASE 1
62	-1.000000e+19	-1.347357e+00	1.000000e+19	1.000000e+00	STATE 3 PHASE 1
63	-1.000000e+19	-4.251444e-02	1.000000e+19	1.000000e+00	STATE 1 PHASE 1
64	-1.000000e+19	-2.612875e-02	1.000000e+19	1.000000e+00	STATE 2 PHASE 1
65	-1.000000e+19	-1.281364e+00	1.000000e+19	1.000000e+00	STATE 3 PHASE 1
66	-1.000000e+19	-4.259369e-02	1.000000e+19	1.000000e+00	STATE 1 PHASE 1
67	-1.000000e+19	1.081655e-03	1.000000e+19	1.000000e+00	STATE 2 PHASE 1
68	-1.000000e+19	-1.226298e+00	1.000000e+19	1.000000e+00	STATE 3 PHASE 1
69	-1.000000e+19	-4.253574e-02	1.000000e+19	1.000000e+00	STATE 1 PHASE 1
70	-1.000000e+19	2.010926e-02	1.000000e+19	1.000000e+00	STATE 2 PHASE 1
71	-1.000000e+19	-1.182441e+00	1.000000e+19	1.000000e+00	STATE 3 PHASE 1
72	-1.000000e+19	-4.242761e-02	1.000000e+19	1.000000e+00	STATE 1 PHASE 1
73	-1.000000e+19	3.296603e-02	1.000000e+19	1.000000e+00	STATE 2 PHASE 1
74	-1.000000e+19	-1.149810e+00	1.000000e+19	1.000000e+00	STATE 3 PHASE 1
75	-1.000000e+19	-4.233101e-02	1.000000e+19	1.000000e+00	STATE 1 PHASE 1
76	-1.000000e+19	4.035042e-02	1.000000e+19	1.000000e+00	STATE 2 PHASE 1
77	-1.000000e+19	-1.129105e+00	1.000000e+19	1.000000e+00	STATE 3 PHASE 1
78	-1.000000e+19	-4.228365e-02	1.000000e+19	1.000000e+00	STATE 1 PHASE 1
79	-1.000000e+19	4.344415e-02	1.000000e+19	1.000000e+00	STATE 2 PHASE 1
80	-1.000000e+19	-1.120192e+00	1.000000e+19	1.000000e+00	STATE 3 PHASE 1
81	0.000000e+00	0.000000e+00	0.000000e+00	8.333333e+00	t0 PHASE 1
82	6.666667e-01	9.786099e-01	1.000000e+00	8.333333e+00	tf PHASE 1
83	0.000000e+00	7.833642e-01	1.000000e+00	1.000000e-01	CONTROL 1 PHASE 2
84	0.000000e+00	7.822851e-01	1.000000e+00	1.000000e-01	CONTROL 1 PHASE 2
85	0.000000e+00	7.793433e-01	1.000000e+00	1.000000e-01	CONTROL 1 PHASE 2
86	0.000000e+00	7.752805e-01	1.000000e+00	1.000000e-01	CONTROL 1 PHASE 2
87	0.000000e+00	7.699284e-01	1.000000e+00	1.000000e-01	CONTROL 1 PHASE 2
88	0.000000e+00	7.639883e-01	1.000000e+00	1.000000e-01	CONTROL 1 PHASE 2
89	0.000000e+00	7.576945e-01	1.000000e+00	1.000000e-01	CONTROL 1 PHASE 2
90	0.000000e+00	7.517007e-01	1.000000e+00	1.000000e-01	CONTROL 1 PHASE 2
91	0.000000e+00	7.465517e-01	1.000000e+00	1.000000e-01	CONTROL 1 PHASE 2
92	0.000000e+00	7.427598e-01	1.000000e+00	1.000000e-01	CONTROL 1 PHASE 2
93	0.000000e+00	7.410666e-01	1.000000e+00	1.000000e-01	CONTROL 1 PHASE 2
94	0.000000e+00	7.416805e-01	1.000000e+00	1.000000e-01	CONTROL 1 PHASE 2
95	0.000000e+00	7.453732e-01	1.000000e+00	1.000000e-01	CONTROL 1 PHASE 2
96	0.000000e+00	7.519221e-01	1.000000e+00	1.000000e-01	CONTROL 1 PHASE 2
97	0.000000e+00	7.619611e-01	1.000000e+00	1.000000e-01	CONTROL 1 PHASE 2
98	0.000000e+00	7.748973e-01	1.000000e+00	1.000000e-01	CONTROL 1 PHASE 2
99	0.000000e+00	7.911015e-01	1.000000e+00	1.000000e-01	CONTROL 1 PHASE 2
100	0.000000e+00	8.099246e-01	1.000000e+00	1.000000e-01	CONTROL 1 PHASE 2
101	0.000000e+00	8.312948e-01	1.000000e+00	1.000000e-01	CONTROL 1 PHASE 2
102	0.000000e+00	8.550085e-01	1.000000e+00	1.000000e-01	CONTROL 1 PHASE 2
103	0.000000e+00	8.801316e-01	1.000000e+00	1.000000e-01	CONTROL 1 PHASE 2
104	0.000000e+00	9.075719e-01	1.000000e+00	1.000000e-01	CONTROL 1 PHASE 2
105	0.000000e+00	9.346746e-01	1.000000e+00	1.000000e-01	CONTROL 1 PHASE 2
106	0.000000e+00	9.644189e-01	1.000000e+00	1.000000e-01	CONTROL 1 PHASE 2
107	0.000000e+00	9.905869e-01	1.000000e+00	1.000000e-01	CONTROL 1 PHASE 2
108	0.000000e+00	9.999989e-01	1.000000e+00	1.000000e-01	CONTROL 1 PHASE 2
109	0.000000e+00	9.999992e-01	1.000000e+00	1.000000e-01	CONTROL 1 PHASE 2
110	0.000000e+00	9.999992e-01	1.000000e+00	1.000000e-01	CONTROL 1 PHASE 2
111	0.000000e+00	9.999986e-01	1.000000e+00	1.000000e-01	CONTROL 1 PHASE 2
112	0.000000e+00	9.999934e-01	1.000000e+00	1.000000e-01	CONTROL 1 PHASE 2
113	-1.000000e+19	-4.228365e-02	1.000000e+19	1.000000e+00	STATE 1 PHASE 2
114	-1.000000e+19	4.344415e-02	1.000000e+19	1.000000e+00	STATE 2 PHASE 2
115	-1.000000e+19	-1.120192e+00	1.000000e+19	1.000000e+00	STATE 3 PHASE 2
116	-1.000000e+19	-4.226463e-02	1.000000e+19	1.000000e+00	STATE 1 PHASE 2
117	-1.000000e+19	4.458436e-02	1.000000e+19	1.000000e+00	STATE 2 PHASE 2
118	-1.000000e+19	-1.116809e+00	1.000000e+19	1.000000e+00	STATE 3 PHASE 2
119	-1.000000e+19	-4.221819e-02	1.000000e+19	1.000000e+00	STATE 1 PHASE 2
120	-1.000000e+19	4.719767e-02	1.000000e+19	1.000000e+00	STATE 2 PHASE 2
121	-1.000000e+19	-1.108910e+00	1.000000e+19	1.000000e+00	STATE 3 PHASE 2
122	-1.000000e+19	-4.214067e-02	1.000000e+19	1.000000e+00	STATE 1 PHASE 2
123	-1.000000e+19	5.111760e-02	1.000000e+19	1.000000e+00	STATE 2 PHASE 2
124	-1.000000e+19	-1.096655e+00	1.000000e+19	1.000000e+00	STATE 3 PHASE 2
125	-1.000000e+19	-4.202677e-02	1.000000e+19	1.000000e+00	STATE 1 PHASE 2
126	-1.000000e+19	5.611507e-02	1.000000e+19	1.000000e+00	STATE 2 PHASE 2
127	-1.000000e+19	-1.080250e+00	1.000000e+19	1.000000e+00	STATE 3 PHASE 2
128	-1.000000e+19	-4.187051e-02	1.000000e+19	1.000000e+00	STATE 1 PHASE 2
129	-1.000000e+19	6.190718e-02	1.000000e+19	1.000000e+00	STATE 2 PHASE 2
130	-1.000000e+19	-1.059957e+00	1.000000e+19	1.000000e+00	STATE 3 PHASE 2
131	-1.000000e+19	-4.166615e-02	1.000000e+19	1.000000e+00	STATE 1 PHASE 2
132	-1.000000e+19	6.819109e-02	1.000000e+19	1.000000e+00	STATE 2 PHASE 2
133	-1.000000e+19	-1.036076e+00	1.000000e+19	1.000000e+00	STATE 3 PHASE 2
134	-1.000000e+19	-4.140907e-02	1.000000e+19	1.000000e+00	STATE 1 PHASE 2
135	-1.000000e+19	7.465728e-02	1.000000e+19	1.000000e+00	STATE 2 PHASE 2
136	-1.000000e+19	-1.008940e+00	1.000000e+19	1.000000e+00	STATE 3 PHASE 2
137	-1.000000e+19	-4.109642e-02	1.000000e+19	1.000000e+00	STATE 1 PHASE 2
138	-1.000000e+19	8.102953e-02	1.000000e+19	1.000000e+00	STATE 2 PHASE 2
139	-1.000000e+19	-9.788835e-01	1.000000e+19	1.000000e+00	STATE 3 PHASE 2
140	-1.000000e+19	-4.072765e-02	1.000000e+19	1.000000e+00	STATE 1 PHASE 2
141	-1.000000e+19	8.706398e-02	1.000000e+19	1.000000e+00	STATE 2 PHASE 2
142	-1.000000e+19	-9.462481e-01	1.000000e+19	1.000000e+00	STATE 3 PHASE 2
143	-1.000000e+19	-4.030465e-02	1.000000e+19	1.000000e+00	STATE 1 PHASE 2
144	-1.000000e+19	9.258110e-02	1.000000e+19	1.000000e+00	STATE 2 PHASE 2
145	-1.000000e+19	-9.113485e-01	1.000000e+19	1.000000e+00	STATE 3 PHASE 2
146	-1.000000e+19	-3.983175e-02	1.000000e+19	1.000000e+00	STATE 1 PHASE 2
147	-1.000000e+19	9.744726e-02	1.000000e+19	1.000000e+00	STATE 2 PHASE 2
148	-1.000000e+19	-8.744908e-01	1.000000e+19	1.000000e+00	STATE 3 PHASE 2
149	-1.000000e+19	-3.931538e-02	1.000000e+19	1.000000e+00	STATE 1 PHASE 2
150	-1.000000e+19	1.015890e-01	1.000000e+19	1.000000e+00	STATE 2 PHASE 2
151	-1.000000e+19	-8.359522e-01	1.000000e+19	1.000000e+00	STATE 3 PHASE 2
152	-1.000000e+19	-3.876372e-02	1.000000e+19	1.000000e+00	STATE 1 PHASE 2
153	-1.000000e+19	1.049676e-01	1.000000e+19	1.000000e+00	STATE 2 PHASE 2
154	-1.000000e+19	-7.960045e-01	1.000000e+19	1.000000e+00	STATE 3 PHASE 2
155	-1.000000e+19	-3.818629e-02	1.000000e+19	1.000000e+00	STATE 1 PHASE 2
156	-1.000000e+19	1.075740e-01	1.000000e+19	1.000000e+00	STATE 2 PHASE 2
157	-1.000000e+19	-7.549156e-01	1.000000e+19	1.000000e+00	STATE 3 PHASE 2
158	-1.000000e+19	-3.759342e-02	1.000000e+19	1.000000e+00	STATE 1 PHASE 2
159	-1.000000e+19	1.094176e-01	1.000000e+19	1.000000e+00	STATE 2 PHASE 2
160	-1.000000e+19	-7.129629e-01	1.000000e+19	1.000000e+00	STATE 3 PHASE 2
161	-1.000000e+19	-3.699597e-02	1.000000e+19	1.000000e+00	STATE 1 PHASE 2
162	-1.000000e+19	1.105069e-01	1.000000e+19	1.000000e+00	STATE 2 PHASE 2
163	-1.000000e+19	-6.704606e-01	1.000000e+19	1.000000e+00	STATE 3 PHASE 2
164	-1.000000e+19	-3.640483e-02	1.000000e+19	1.000000e+00	STATE 1 PHASE 2
165	-1.000000e+19	1.108677e-01	1.000000e+19	1.000000e+00	STATE 2 PHASE 2
166	-1.000000e+19	-6.277415e-01	1.000000e+19	1.000000e+00	STATE 3 PHASE 2
167	-1.000000e+19	-3.583061e-02	1.000000e+19	1.000000e+00	STATE 1 PHASE 2
168	-1.000000e+19	1.105137e-01	1.000000e+19	1.000000e+00	STATE 2 PHASE 2
169	-1.000000e+19	-5.852114e-01	1.000000e+19	1.000000e+00	STATE 3 PHASE 2
170	-1.000000e+19	-3.528326e-02	1.000000e+19	1.000000e+00	STATE 1 PHASE 2
171	-1.000000e+19	1.094923e-01	1.000000e+19	1.000000e+00	STATE 2 PHASE 2
172	-1.000000e+19	-5.432897e-01	1.000000e+19	1.000000e+00	STATE 3 PHASE 2
173	-1.000000e+19	-3.477169e-02	1.000000e+19	1.000000e+00	STATE 1 PHASE 2
174	-1.000000e+19	1.078468e-01	1.000000e+19	1.000000e+00	STATE 2 PHASE 2
175	-1.000000e+19	-5.024854e-01	1.000000e+19	1.000000e+00	STATE 3 PHASE 2
176	-1.000000e+19	-3.430345e-02	1.000000e+19	1.000000e+00	STATE 1 PHASE 2
177	-1.000000e+19	1.056701e-01	1.000000e+19	1.000000e+00	STATE 2 PHASE 2
178	-1.000000e+19	-4.633125e-01	1.000000e+19	1.000000e+00	STATE 3 PHASE 2
179	-1.000000e+19	-3.388443e-02	1.000000e+19	1.000000e+00	STATE 1 PHASE 2
180	-1.000000e+19	1.030698e-01	1.000000e+19	1.000000e+00	STATE 2 PHASE 2
181	-1.000000e+19	-4.263594e-01	1.000000e+19	1.000000e+00	STATE 3 PHASE 2
182	-1.000000e+19	-3.351878e-02	1.000000e+19	1.000000e+00	STATE 1 PHASE 2
183	-1.000000e+19	1.001941e-01	1.000000e+19	1.000000e+00	STATE 2 PHASE 2
184	-1.000000e+19	-3.922330e-01	1.000000e+19	1.000000e+00	STATE 3 PHASE 2
185	-1.000000e+19	-3.320880e-02	1.000000e+19	1.000000e+00	STATE 1 PHASE 2
186	-1.000000e+19	9.723380e-02	1.000000e+19	1.000000e+00	STATE 2 PHASE 2
187	-1.000000e+19	-3.615267e-01	1.000000e+19	1.000000e+00	STATE 3 PHASE 2
188	-1.000000e+19	-3.295528e-02	1.000000e+19	1.000000e+00	STATE 1 PHASE 2
189	-1.000000e+19	9.429091e-02	1.000000e+19	1.000000e+00	STATE 2 PHASE 2
190	-1.000000e+19	-3.351562e-01	1.000000e+19	1.000000e+00	STATE 3 PHASE 2
191	-1.000000e+19	-3.275792e-02	1.000000e+19	1.000000e+00	STATE 1 PHASE 2
192	-1.000000e+19	9.153194e-02	1.000000e+19	1.000000e+00	STATE 2 PHASE 2
193	-1.000000e+19	-3.139178e-01	1.000000e+19	1.000000e+00	STATE 3 PHASE 2
194	-1.000000e+19	-3.261540e-02	1.000000e+19	1.000000e+00	STATE 1 PHASE 2
195	-1.000000e+19	8.923725e-02	1.000000e+19	1.000000e+00	STATE 2 PHASE 2
196	-1.000000e+19	-2.981532e-01	1.000000e+19	1.000000e+00	STATE 3 PHASE 2
197	-1.000000e+19	-3.252591e-02	1.000000e+19	1.000000e+00	STATE 1 PHASE 2
198	-1.000000e+19	8.765497e-02	1.000000e+19	1.000000e+00	STATE 2 PHASE 2
199	-1.000000e+19	-2.880362e-01	1.000000e+19	1.000000e+00	STATE 3 PHASE 2
200	-1.000000e+19	-3.248819e-02	1.000000e+19	1.000000e+00	STATE 1 PHASE 2
201	-1.000000e+19	8.695289e-02	1.000000e+19	1.000000e+00	STATE 2 PHASE 2
202	-1.000000e+19	-2.837151e-01	1.000000e+19	1.000000e+00	STATE 3 PHASE 2
203	2.857143e-01	4.194043e-01	4.285714e-01	3.571429e+00	t0 PHASE 2
204	7.857143e-01	7.857143e-01	1.000000e+00	3.571429e+00	tf PHASE 2
205	0.000000e+00	9.999999e-01	1.000000e+00	1.000000e-01	CONTROL 1 PHASE 3
206	0.000000e+00	6.954926e-01	1.000000e+00	1.000000e-01	CONTROL 1 PHASE 3
207	0.000000e+00	9.999999e-01	1.000000e+00	1.000000e-01	CONTROL 1 PHASE 3
208	0.000000e+00	1.000000e+00	1.000000e+00	1.000000e-01	CONTROL 1 PHASE 3
209	0.000000e+00	0.000000e+00	1.000000e+00	1.000000e-01	CONTROL 1 PHASE 3
210	0.000000e+00	4.506725e-01	1.000000e+00	1.000000e-01	CONTROL 1 PHASE 3
211	0.000000e+00	0.000000e+00	1.000000e+00	1.000000e-01	CONTROL 1 PHASE 3
212	0.000000e+00	2.054015e-08	1.000000e+00	1.000000e-01	CONTROL 1 PHASE 3
213	0.000000e+00	0.000000e+00	1.000000e+00	1.000000e-01	CONTROL 1 PHASE 3
214	0.000000e+00	7.299751e-09	1.000000e+00	1.000000e-01	CONTROL 1 PHASE 3
215	0.000000e+00	0.000000e+00	1.000000e+00	1.000000e-01	CONTROL 1 PHASE 3
216	0.000000e+00	2.052133e-09	1.000000e+00	1.000000e-01	CONTROL 1 PHASE 3
217	0.000000e+00	0.000000e+00	1.000000e+00	1.000000e-01	CONTROL 1 PHASE 3
218	0.000000e+00	0.000000e+00	1.000000e+00	1.000000e-01	CONTROL 1 PHASE 3
219	0.000000e+00	0.000000e+00	1.000000e+00	1.000000e-01	CONTROL 1 PHASE 3
220	0.000000e+00	0.000000e+00	1.000000e+00	1.000000e-01	CONTROL 1 PHASE 3
221	0.000000e+00	0.000000e+00	1.000000e+00	1.000000e-01	CONTROL 1 PHASE 3
222	0.000000e+00	0.000000e+00	1.000000e+00	1.000000e-01	CONTROL 1 PHASE 3
223	0.000000e+00	3.771394e-09	1.000000e+00	1.000000e-01	CONTROL 1 PHASE 3
224	0.000000e+00	0.000000e+00	1.000000e+00	1.000000e-01	CONTROL 1 PHASE 3
225	0.000000e+00	2.089149e-08	1.000000e+00	1.000000e-01	CONTROL 1 PHASE 3
226	0.000000e+00	0.000000e+00	1.000000e+00	1.000000e-01	CONTROL 1 PHASE 3
227	0.000000e+00	2.009189e-01	1.000000e+00	1.000000e-01	CONTROL 1 PHASE 3
228	0.000000e+00	1.509204e-09	1.000000e+00	1.000000e-01	CONTROL 1 PHASE 3
229	0.000000e+00	1.000000e+00	1.000000e+00	1.000000e-01	CONTROL 1 PHASE 3
230	0.000000e+00	9.999998e-01	1.000000e+00	1.000000e-01	CONTROL 1 PHASE 3
231	0.000000e+00	9.923083e-01	1.000000e+00	1.000000e-01	CONTROL 1 PHASE 3
232	0.000000e+00	9.139370e-01	1.000000e+00	1.000000e-01	CONTROL 1 PHASE 3
233	0.000000e+00	8.210849e-01	1.000000e+00	1.000000e-01	CONTROL 1 PHASE 3
234	0.000000e+00	9.304708e-01	1.000000e+00	1.000000e-01	CONTROL 1 PHASE 3
235	-1.000000e+19	-3.248819e-02	1.000000e+19	1.000000e+00	STATE 1 PHASE 3
236	-1.000000e+19	8.695289e-02	1.000000e+19	1.000000e+00	STATE 2 PHASE 3
237	-1.000000e+19	-2.837151e-01	1.000000e+19	1.000000e+00	STATE 3 PHASE 3
238	-1.000000e+19	-3.228333e-02	1.000000e+19	1.000000e+00	STATE 1 PHASE 3
239	-1.000000e+19	8.141486e-02	1.000000e+19	1.000000e+00	STATE 2 PHASE 3
240	-1.000000e+19	-2.637226e-01	1.000000e+19	1.000000e+00	STATE 3 PHASE 3
241	-1.000000e+19	-3.186104e-02	1.000000e+19	1.000000e+00	STATE 1 PHASE 3
242	-1.000000e+19	6.768741e-02	1.000000e+19	1.000000e+00	STATE 2 PHASE 3
243	-1.000000e+19	-2.198226e-01	1.000000e+19	1.000000e+00	STATE 3 PHASE 3
244	-1.000000e+19	-3.135069e-02	1.000000e+19	1.000000e+00	STATE 1 PHASE 3
245	-1.000000e+19	4.611162e-02	1.000000e+19	1.000000e+00	STATE 2 PHASE 3
246	-1.000000e+19	-1.170889e-01	1.000000e+19	1.000000e+00	STATE 3 PHASE 3
247	-1.000000e+19	-3.105298e-02	1.000000e+19	1.000000e+00	STATE 1 PHASE 3
248	-1.000000e+19	1.836522e-03	1.000000e+19	1.000000e+00	STATE 2 PHASE 3
249	-1.000000e+19	-6.953932e-02	1.000000e+19	1.000000e+00	STATE 3 PHASE 3
250	-1.000000e+19	-3.145598e-02	1.000000e+19	1.000000e+00	STATE 1 PHASE 3
251	-1.000000e+19	-5.487772e-02	1.000000e+19	1.000000e+00	STATE 2 PHASE 3
252	-1.000000e+19	-4.058058e-02	1.000000e+19	1.000000e+00	STATE 3 PHASE 3
253	-1.000000e+19	-3.297506e-02	1.000000e+19	1.000000e+00	STATE 1 PHASE 3
254	-1.000000e+19	-1.171584e-01	1.000000e+19	1.000000e+00	STATE 2 PHASE 3
255	-1.000000e+19	1.258841e-02	1.000000e+19	1.000000e+00	STATE 3 PHASE 3
256	-1.000000e+19	-3.603947e-02	1.000000e+19	1.000000e+00	STATE 1 PHASE 3
257	-1.000000e+19	-1.850091e-01	1.000000e+19	1.000000e+00	STATE 2 PHASE 3
258	-1.000000e+19	-5.816175e-03	1.000000e+19	1.000000e+00	STATE 3 PHASE 3
259	-1.000000e+19	-4.098442e-02	1.000000e+19	1.000000e+00	STATE 1 PHASE 3
260	-1.000000e+19	-2.522791e-01	1.000000e+19	1.000000e+00	STATE 2 PHASE 3
261	-1.000000e+19	7.635682e-03	1.000000e+19	1.000000e+00	STATE 3 PHASE 3
262	-1.000000e+19	-4.801406e-02	1.000000e+19	1.000000e+00	STATE 1 PHASE 3
263	-1.000000e+19	-3.168637e-01	1.000000e+19	1.000000e+00	STATE 2 PHASE 3
264	-1.000000e+19	-3.632725e-03	1.000000e+19	1.000000e+00	STATE 3 PHASE 3
265	-1.000000e+19	-5.718621e-02	1.000000e+19	1.000000e+00	STATE 1 PHASE 3
266	-1.000000e+19	-3.751440e-01	1.000000e+19	1.000000e+00	STATE 2 PHASE 3
267	-1.000000e+19	6.425226e-03	1.000000e+19	1.000000e+00	STATE 3 PHASE 3
268	-1.000000e+19	-6.839122e-02	1.000000e+19	1.000000e+00	STATE 1 PHASE 3
269	-1.000000e+19	-4.247355e-01	1.000000e+19	1.000000e+00	STATE 2 PHASE 3
270	-1.000000e+19	-2.899324e-03	1.000000e+19	1.000000e+00	STATE 3 PHASE 3
271	-1.000000e+19	-8.135618e-02	1.000000e+19	1.000000e+00	STATE 1 PHASE 3
272	-1.000000e+19	-4.630455e-01	1.000000e+19	1.000000e+00	STATE 2 PHASE 3
273	-1.000000e+19	5.975682e-03	1.000000e+19	1.000000e+00	STATE 3 PHASE 3
274	-1.000000e+19	-9.565960e-02	1.000000e+19	1.000000e+00	STATE 1 PHASE 3
275	-1.000000e+19	-4.883454e-01	1.000000e+19	1.000000e+00	STATE 2 PHASE 3
276	-1.000000e+19	-2.645837e-03	1.000000e+19	1.000000e+00	STATE 3 PHASE 3
277	-1.000000e+19	-1.107652e-01	1.000000e+19	1.000000e+00	STATE 1 PHASE 3
278	-1.000000e+19	-4.993029e-01	1.000000e+19	1.000000e+00	STATE 2 PHASE 3
279	-1.000000e+19	5.877589e-03	1.000000e+19	1.000000e+00	STATE 3 PHASE 3
280	-1.000000e+19	-1.260637e-01	1.000000e+19	1.000000e+00	STATE 1 PHASE 3
281	-1.000000e+19	-4.952786e-01	1.000000e+19	1.000000e+00	STATE 2 PHASE 3
282	-1.000000e+19	-2.689279e-03	1.000000e+19	1.000000e+00	STATE 3 PHASE 3
283	-1.000000e+19	-1.409255e-01	1.000000e+19	1.000000e+00	STATE 1 PHASE 3
284	-1.000000e+19	-4.763920e-01	1.000000e+19	1.000000e+00	STATE 2 PHASE 3
285	-1.000000e+19	6.069499e-03	1.000000e+19	1.000000e+00	STATE 3 PHASE 3
286	-1.000000e+19	-1.547523e-01	1.000000e+19	1.000000e+00	STATE 1 PHASE 3
287	-1.000000e+19	-4.432186e-01	1.000000e+19	1.000000e+00	STATE 2 PHASE 3
288	-1.000000e+19	-3.060284e-03	1.000000e+19	1.000000e+00	STATE 3 PHASE 3
289	-1.000000e+19	-1.670296e-01	1.000000e+19	1.000000e+00	STATE 1 PHASE 3
290	-1.000000e+19	-3.973534e-01	1.000000e+19	1.000000e+00	STATE 2 PHASE 3
291	-1.000000e+19	6.688254e-03	1.000000e+19	1.000000e+00	STATE 3 PHASE 3
292	-1.000000e+19	-1.773666e-01	1.000000e+19	1.000000e+00	STATE 1 PHASE 3
293	-1.000000e+19	-3.403960e-01	1.000000e+19	1.000000e+00	STATE 2 PHASE 3
294	-1.000000e+19	-4.074953e-03	1.000000e+19	1.000000e+00	STATE 3 PHASE 3
295	-1.000000e+19	-1.855301e-01	1.000000e+19	1.000000e+00	STATE 1 PHASE 3
296	-1.000000e+19	-2.753194e-01	1.000000e+19	1.000000e+00	STATE 2 PHASE 3
297	-1.000000e+19	8.461191e-03	1.000000e+19	1.000000e+00	STATE 3 PHASE 3
298	-1.000000e+19	-1.914550e-01	1.000000e+19	1.000000e+00	STATE 1 PHASE 3
299	-1.000000e+19	-2.041023e-01	1.000000e+19	1.000000e+00	STATE 2 PHASE 3
300	-1.000000e+19	-7.822515e-03	1.000000e+19	1.000000e+00	STATE 3 PHASE 3
301	-1.000000e+19	-1.952540e-01	1.000000e+19	1.000000e+00	STATE 1 PHASE 3
302	-1.000000e+19	-1.318069e-01	1.000000e+19	1.000000e+00	STATE 2 PHASE 3
303	-1.000000e+19	3.049516e-02	1.000000e+19	1.000000e+00	STATE 3 PHASE 3
304	-1.000000e+19	-1.971968e-01	1.000000e+19	1.000000e+00	STATE 1 PHASE 3
305	-1.000000e+19	-5.905744e-02	1.000000e+19	1.000000e+00	STATE 2 PHASE 3
306	-1.000000e+19	3.599935e-02	1.000000e+19	1.000000e+00	STATE 3 PHASE 3
307	-1.000000e+19	-1.976775e-01	1.000000e+19	1.000000e+00	STATE 1 PHASE 3
308	-1.000000e+19	1.911123e-03	1.000000e+19	1.000000e+00	STATE 2 PHASE 3
309	-1.000000e+19	1.176038e-01	1.000000e+19	1.000000e+00	STATE 3 PHASE 3
310	-1.000000e+19	-1.973864e-01	1.000000e+19	1.000000e+00	STATE 1 PHASE 3
311	-1.000000e+19	3.370864e-02	1.000000e+19	1.000000e+00	STATE 2 PHASE 3
312	-1.000000e+19	2.815933e-01	1.000000e+19	1.000000e+00	STATE 3 PHASE 3
313	-1.000000e+19	-1.969013e-01	1.000000e+19	1.000000e+00	STATE 1 PHASE 3
314	-1.000000e+19	4.582112e-02	1.000000e+19	1.000000e+00	STATE 2 PHASE 3
315	-1.000000e+19	3.939169e-01	1.000000e+19	1.000000e+00	STATE 3 PHASE 3
316	-1.000000e+19	-1.964811e-01	1.000000e+19	1.000000e+00	STATE 1 PHASE 3
317	-1.000000e+19	4.847202e-02	1.000000e+19	1.000000e+00	STATE 2 PHASE 3
318	-1.000000e+19	4.827812e-01	1.000000e+19	1.000000e+00	STATE 3 PHASE 3
319	-1.000000e+19	-1.962010e-01	1.000000e+19	1.000000e+00	STATE 1 PHASE 3
320	-1.000000e+19	5.028210e-02	1.000000e+19	1.000000e+00	STATE 2 PHASE 3
321	-1.000000e+19	5.300815e-01	1.000000e+19	1.000000e+00	STATE 3 PHASE 3
322	-1.000000e+19	-1.960783e-01	1.000000e+19	1.000000e+00	STATE 1 PHASE 3
323	-1.000000e+19	5.048226e-02	1.000000e+19	1.000000e+00	STATE 2 PHASE 3
324	-1.000000e+19	5.512842e-01	1.000000e+19	1.000000e+00	STATE 3 PHASE 3
325	2.750000e-01	2.750000e-01	3.500000e-01	1.250000e+00	t0 PHASE 3
326	8.750000e-01	9.953987e-01	1.000000e+00	1.250000e+00	tf PHASE 3
327	0.000000e+00	8.437057e-01	1.000000e+00	1.000000e-01	CONTROL 1 PHASE 4
328	0.000000e+00	8.382036e-01	1.000000e+00	1.000000e-01	CONTROL 1 PHASE 4
329	0.000000e+00	8.261181e-01	1.000000e+00	1.000000e-01	CONTROL 1 PHASE 4
330	0.000000e+00	8.084560e-01	1.000000e+00	1.000000e-01	CONTROL 1 PHASE 4
331	0.000000e+00	7.862912e-01	1.000000e+00	1.000000e-01	CONTROL 1 PHASE 4
332	0.000000e+00	7.609381e-01	1.000000e+00	1.000000e-01	CONTROL 1 PHASE 4
333	0.000000e+00	7.336450e-01	1.000000e+00	1.000000e-01	CONTROL 1 PHASE 4
334	0.000000e+00	7.055978e-01	1.000000e+00	1.000000e-01	CONTROL 1 PHASE 4
335	0.000000e+00	6.777999e-01	1.000000e+00	1.000000e-01	CONTROL 1 PHASE 4
336	0.000000e+00	6.511234e-01	1.000000e+00	1.000000e-01	CONTROL 1 PHASE 4
337	0.000000e+00	6.262388e-01	1.000000e+00	1.000000e-01	CONTROL 1 PHASE 4
338	0.000000e+00	6.036290e-01	1.000000e+00	1.000000e-01	CONTROL 1 PHASE 4
339	0.000000e+00	5.835744e-01	1.000000e+00	1.000000e-01	CONTROL 1 PHASE 4
340	0.000000e+00	5.661780e-01	1.000000e+00	1.000000e-01	CONTROL 1 PHASE 4
341	0.000000e+00	5.514403e-01	1.000000e+00	1.000000e-01	CONTROL 1 PHASE 4
342	0.000000e+00	5.393405e-01	1.000000e+00	1.000000e-01	CONTROL 1 PHASE 4
343	0.000000e+00	5.299825e-01	1.000000e+00	1.000000e-01	CONTROL 1 PHASE 4
344	0.000000e+00	5.236974e-01	1.000000e+00	1.000000e-01	CONTROL 1 PHASE 4
345	0.000000e+00	5.211436e-01	1.000000e+00	1.000000e-01	CONTROL 1 PHASE 4
346	0.000000e+00	5.231817e-01	1.000000e+00	1.000000e-01	CONTROL 1 PHASE 4
347	0.000000e+00	5.305214e-01	1.000000e+00	1.000000e-01	CONTROL 1 PHASE 4
348	0.000000e+00	5.431971e-01	1.000000e+00	1.000000e-01	CONTROL 1 PHASE 4
349	0.000000e+00	5.603367e-01	1.000000e+00	1.000000e-01	CONTROL 1 PHASE 4
350	0.000000e+00	5.803505e-01	1.000000e+00	1.000000e-01	CONTROL 1 PHASE 4
351	0.000000e+00	6.013475e-01	1.000000e+00	1.000000e-01	CONTROL 1 PHASE 4
352	0.000000e+00	6.214824e-01	1.000000e+00	1.000000e-01	CONTROL 1 PHASE 4
353	0.000000e+00	6.391569e-01	1.000000e+00	1.000000e-01	CONTROL 1 PHASE 4
354	0.000000e+00	6.531070e-01	1.000000e+00	1.000000e-01	CONTROL 1 PHASE 4
355	0.000000e+00	6.624115e-01	1.000000e+00	1.000000e-01	CONTROL 1 PHASE 4
356	0.000000e+00	6.664780e-01	1.000000e+00	1.000000e-01	CONTROL 1 PHASE 4
357	-1.000000e+19	-1.960783e-01	1.000000e+19	1.000000e+00	STATE 1 PHASE 4
358	-1.000000e+19	5.048226e-02	1.000000e+19	1.000000e+00	STATE 2 PHASE 4
359	-1.000000e+19	5.512842e-01	1.000000e+19	1.000000e+00	STATE 3 PHASE 4
360	-1.000000e+19	-1.960350e-01	1.000000e+19	1.000000e+00	STATE 1 PHASE 4
361	-1.000000e+19	5.055238e-02	1.000000e+19	1.000000e+00	STATE 2 PHASE 4
362	-1.000000e+19	5.585003e-01	1.000000e+19	1.000000e+00	STATE 3 PHASE 4
363	-1.000000e+19	-1.959333e-01	1.000000e+19	1.000000e+00	STATE 1 PHASE 4
364	-1.000000e+19	5.066111e-02	1.000000e+19	1.000000e+00	STATE 2 PHASE 4
365	-1.000000e+19	5.752174e-01	1.000000e+19	1.000000e+00	STATE 3 PHASE 4
366	-1.000000e+19	-1.957746e-01	1.000000e+19	1.000000e+00	STATE 1 PHASE 4
367	-1.000000e+19	5.068255e-02	1.000000e+19	1.000000e+00	STATE 2 PHASE 4
368	-1.000000e+19	6.008018e-01	1.000000e+19	1.000000e+00	STATE 3 PHASE 4
369	-1.000000e+19	-1.955613e-01	1.000000e+19	1.000000e+00	STATE 1 PHASE 4
370	-1.000000e+19	5.045926e-02	1.000000e+19	1.000000e+00	STATE 2 PHASE 4
371	-1.000000e+19	6.344190e-01	1.000000e+19	1.000000e+00	STATE 3 PHASE 4
372	-1.000000e+19	-1.952976e-01	1.000000e+19	1.000000e+00	STATE 1 PHASE 4
373	-1.000000e+19	4.984273e-02	1.000000e+19	1.000000e+00	STATE 2 PHASE 4
374	-1.000000e+19	6.750618e-01	1.000000e+19	1.000000e+00	STATE 3 PHASE 4
375	-1.000000e+19	-1.949901e-01	1.000000e+19	1.000000e+00	STATE 1 PHASE 4
376	-1.000000e+19	4.872971e-02	1.000000e+19	1.000000e+00	STATE 2 PHASE 4
377	-1.000000e+19	7.216301e-01	1.000000e+19	1.000000e+00	STATE 3 PHASE 4
378	-1.000000e+19	-1.946478e-01	1.000000e+19	1.000000e+00	STATE 1 PHASE 4
379	-1.000000e+19	4.708447e-02	1.000000e+19	1.000000e+00	STATE 2 PHASE 4
380	-1.000000e+19	7.730033e-01	1.000000e+19	1.000000e+00	STATE 3 PHASE 4
381	-1.000000e+19	-1.942810e-01	1.000000e+19	1.000000e+00	STATE 1 PHASE 4
382	-1.000000e+19	4.494300e-02	1.000000e+19	1.000000e+00	STATE 2 PHASE 4
383	-1.000000e+19	8.280994e-01	1.000000e+19	1.000000e+00	STATE 3 PHASE 4
384	-1.000000e+19	-1.939007e-01	1.000000e+19	1.000000e+00	STATE 1 PHASE 4
385	-1.000000e+19	4.239970e-02	1.000000e+19	1.000000e+00	STATE 2 PHASE 4
386	-1.000000e+19	8.859174e-01	1.000000e+19	1.000000e+00	STATE 3 PHASE 4
387	-1.000000e+19	-1.935177e-01	1.000000e+19	1.000000e+00	STATE 1 PHASE 4
388	-1.000000e+19	3.958031e-02	1.000000e+19	1.000000e+00	STATE 2 PHASE 4
389	-1.000000e+19	9.455648e-01	1.000000e+19	1.000000e+00	STATE 3 PHASE 4
390	-1.000000e+19	-1.931415e-01	1.000000e+19	1.000000e+00	STATE 1 PHASE 4
391	-1.000000e+19	3.661324e-02	1.000000e+19	1.000000e+00	STATE 2 PHASE 4
392	-1.000000e+19	1.006266e+00	1.000000e+19	1.000000e+00	STATE 3 PHASE 4
393	-1.000000e+19	-1.927801e-01	1.000000e+19	1.000000e+00	STATE 1 PHASE 4
394	-1.000000e+19	3.360305e-02	1.000000e+19	1.000000e+00	STATE 2 PHASE 4
395	-1.000000e+19	1.067356e+00	1.000000e+19	1.000000e+00	STATE 3 PHASE 4
396	-1.000000e+19	-1.924398e-01	1.000000e+19	1.000000e+00	STATE 1 PHASE 4
397	-1.000000e+19	3.061620e-02	1.000000e+19	1.000000e+00	STATE 2 PHASE 4
398	-1.000000e+19	1.128265e+00	1.000000e+19	1.000000e+00	STATE 3 PHASE 4
399	-1.000000e+19	-1.921256e-01	1.000000e+19	1.000000e+00	STATE 1 PHASE 4
400	-1.000000e+19	2.767319e-02	1.000000e+19	1.000000e+00	STATE 2 PHASE 4
401	-1.000000e+19	1.188499e+00	1.000000e+19	1.000000e+00	STATE 3 PHASE 4
402	-1.000000e+19	-1.918414e-01	1.000000e+19	1.000000e+00	STATE 1 PHASE 4
403	-1.000000e+19	2.474572e-02	1.000000e+19	1.000000e+00	STATE 2 PHASE 4
404	-1.000000e+19	1.247623e+00	1.000000e+19	1.000000e+00	STATE 3 PHASE 4
405	-1.000000e+19	-1.915905e-01	1.000000e+19	1.000000e+00	STATE 1 PHASE 4
406	-1.000000e+19	2.174654e-02	1.000000e+19	1.000000e+00	STATE 2 PHASE 4
407	-1.000000e+19	1.305254e+00	1.000000e+19	1.000000e+00	STATE 3 PHASE 4
408	-1.000000e+19	-1.913768e-01	1.000000e+19	1.000000e+00	STATE 1 PHASE 4
409	-1.000000e+19	1.850902e-02	1.000000e+19	1.000000e+00	STATE 2 PHASE 4
410	-1.000000e+19	1.361071e+00	1.000000e+19	1.000000e+00	STATE 3 PHASE 4
411	-1.000000e+19	-1.912048e-01	1.000000e+19	1.000000e+00	STATE 1 PHASE 4
412	-1.000000e+19	1.475693e-02	1.000000e+19	1.000000e+00	STATE 2 PHASE 4
413	-1.000000e+19	1.414825e+00	1.000000e+19	1.000000e+00	STATE 3 PHASE 4
414	-1.000000e+19	-1.910810e-01	1.000000e+19	1.000000e+00	STATE 1 PHASE 4
415	-1.000000e+19	1.008691e-02	1.000000e+19	1.000000e+00	STATE 2 PHASE 4
416	-1.000000e+19	1.466351e+00	1.000000e+19	1.000000e+00	STATE 3 PHASE 4
417	-1.000000e+19	-1.910136e-01	1.000000e+19	1.000000e+00	STATE 1 PHASE 4
418	-1.000000e+19	4.006952e-03	1.000000e+19	1.000000e+00	STATE 2 PHASE 4
419	-1.000000e+19	1.515532e+00	1.000000e+19	1.000000e+00	STATE 3 PHASE 4
420	-1.000000e+19	-1.910114e-01	1.000000e+19	1.000000e+00	STATE 1 PHASE 4
421	-1.000000e+19	-3.936628e-03	1.000000e+19	1.000000e+00	STATE 2 PHASE 4
422	-1.000000e+19	1.562224e+00	1.000000e+19	1.000000e+00	STATE 3 PHASE 4
423	-1.000000e+19	-1.910807e-01	1.000000e+19	1.000000e+00	STATE 1 PHASE 4
424	-1.000000e+19	-1.396991e-02	1.000000e+19	1.000000e+00	STATE 2 PHASE 4
425	-1.000000e+19	1.606156e+00	1.000000e+19	1.000000e+00	STATE 3 PHASE 4
426	-1.000000e+19	-1.912213e-01	1.000000e+19	1.000000e+00	STATE 1 PHASE 4
427	-1.000000e+19	-2.593295e-02	1.000000e+19	1.000000e+00	STATE 2 PHASE 4
428	-1.000000e+19	1.646861e+00	1.000000e+19	1.000000e+00	STATE 3 PHASE 4
429	-1.000000e+19	-1.914228e-01	1.000000e+19	1.000000e+00	STATE 1 PHASE 4
430	-1.000000e+19	-3.922375e-02	1.000000e+19	1.000000e+00	STATE 2 PHASE 4
431	-1.000000e+19	1.683675e+00	1.000000e+19	1.000000e+00	STATE 3 PHASE 4
432	-1.000000e+19	-1.916637e-01	1.000000e+19	1.000000e+00	STATE 1 PHASE 4
433	-1.000000e+19	-5.285958e-02	1.000000e+19	1.000000e+00	STATE 2 PHASE 4
434	-1.000000e+19	1.715795e+00	1.000000e+19	1.000000e+00	STATE 3 PHASE 4
435	-1.000000e+19	-1.919129e-01	1.000000e+19	1.000000e+00	STATE 1 PHASE 4
436	-1.000000e+19	-6.562185e-02	1.000000e+19	1.000000e+00	STATE 2 PHASE 4
437	-1.000000e+19	1.742370e+00	1.000000e+19	1.000000e+00	STATE 3 PHASE 4
438	-1.000000e+19	-1.921347e-01	1.000000e+19	1.000000e+00	STATE 1 PHASE 4
439	-1.000000e+19	-7.624542e-02	1.000000e+19	1.000000e+00	STATE 2 PHASE 4
440	-1.000000e+19	1.762597e+00	1.000000e+19	1.000000e+00	STATE 3 PHASE 4
441	-1.000000e+19	-1.922952e-01	1.000000e+19	1.000000e+00	STATE 1 PHASE 4
442	-1.000000e+19	-8.361156e-02	1.000000e+19	1.000000e+00	STATE 2 PHASE 4
443	-1.000000e+19	1.775811e+00	1.000000e+19	1.000000e+00	STATE 3 PHASE 4
444	-1.000000e+19	-1.923684e-01	1.000000e+19	1.000000e+00	STATE 1 PHASE 4
445	-1.000000e+19	-8.689384e-02	1.000000e+19	1.000000e+00	STATE 2 PHASE 4
446	-1.000000e+19	1.781513e+00	1.000000e+19	1.000000e+00	STATE 3 PHASE 4
447	7.000000e-01	7.963190e-01	8.000000e-01	1.000000e+00	t0 PHASE 4
448	1.000000e+00	1.000000e+00	1.000000e+00	1.000000e+00	tf PHASE 4