
***** Phase 1 differential defect constraints *****
LOWER		G(X)		UPPER		SCALING
0.000000e+00	5.572665e-09	0.000000e+00	9.000000e+00 ***
0.000000e+00	-3.500287e-11	0.000000e+00	1.000000e-01 ***
0.000000e+00	-1.556917e-09	0.000000e+00	1.000000e-01 ***
0.000000e+00	-2.260190e-09	0.000000e+00	9.000000e+00 ***
0.000000e+00	-8.701928e-13	0.000000e+00	1.000000e-01 ***
0.000000e+00	4.116529e-12	0.000000e+00	1.000000e-01 ***
0.000000e+00	1.709809e-09	0.000000e+00	9.000000e+00 ***
0.000000e+00	4.260303e-12	0.000000e+00	1.000000e-01 ***
0.000000e+00	-5.147891e-11	0.000000e+00	1.000000e-01 ***
0.000000e+00	-1.455800e-09	0.000000e+00	9.000000e+00 ***
0.000000e+00	6.889378e-13	0.000000e+00	1.000000e-01 ***
0.000000e+00	-4.731504e-12	0.000000e+00	1.000000e-01 ***
0.000000e+00	1.320848e-09	0.000000e+00	9.000000e+00 ***
0.000000e+00	2.887912e-12	0.000000e+00	1.000000e-01 ***
0.000000e+00	-2.872751e-11	0.000000e+00	1.000000e-01 ***
0.000000e+00	-1.231087e-09	0.000000e+00	9.000000e+00 ***
0.000000e+00	5.031198e-12	0.000000e+00	1.000000e-01 ***
0.000000e+00	-6.505010e-11	0.000000e+00	1.000000e-01 ***
0.000000e+00	1.209882e-09	0.000000e+00	9.000000e+00 ***
0.000000e+00	1.814826e-11	0.000000e+00	1.000000e-01 ***
0.000000e+00	-5.754653e-10	0.000000e+00	1.000000e-01 ***
0.000000e+00	-1.146602e-09	0.000000e+00	9.000000e+00 ***
0.000000e+00	2.719183e-11	0.000000e+00	1.000000e-01 ***
0.000000e+00	-1.212369e-09	0.000000e+00	1.000000e-01 ***
0.000000e+00	1.246001e-09	0.000000e+00	9.000000e+00 ***
0.000000e+00	6.954015e-12	0.000000e+00	1.000000e-01 ***
0.000000e+00	-1.059898e-10	0.000000e+00	1.000000e-01 ***
0.000000e+00	-1.183934e-09	0.000000e+00	9.000000e+00 ***
0.000000e+00	-3.155489e-11	0.000000e+00	1.000000e-01 ***
0.000000e+00	-1.276614e-09	0.000000e+00	1.000000e-01 ***
0.000000e+00	1.300850e-09	0.000000e+00	9.000000e+00 ***
0.000000e+00	-4.527978e-12	0.000000e+00	1.000000e-01 ***
0.000000e+00	-7.769652e-12	0.000000e+00	1.000000e-01 ***
0.000000e+00	-1.334113e-09	0.000000e+00	9.000000e+00 ***
0.000000e+00	1.592508e-11	0.000000e+00	1.000000e-01 ***
0.000000e+00	-4.384475e-10	0.000000e+00	1.000000e-01 ***
0.000000e+00	1.523536e-09	0.000000e+00	9.000000e+00 ***
0.000000e+00	-1.299754e-11	0.000000e+00	1.000000e-01 ***
0.000000e+00	-1.872634e-10	0.000000e+00	1.000000e-01 ***
0.000000e+00	-1.626295e-09	0.000000e+00	9.000000e+00 ***
0.000000e+00	-7.929790e-12	0.000000e+00	1.000000e-01 ***
0.000000e+00	-5.845346e-11	0.000000e+00	1.000000e-01 ***
0.000000e+00	1.874525e-09	0.000000e+00	9.000000e+00 ***
0.000000e+00	-2.371034e-11	0.000000e+00	1.000000e-01 ***
0.000000e+00	-7.208033e-10	0.000000e+00	1.000000e-01 ***
0.000000e+00	-2.203253e-09	0.000000e+00	9.000000e+00 ***
0.000000e+00	-1.765117e-11	0.000000e+00	1.000000e-01 ***
0.000000e+00	-3.877069e-10	0.000000e+00	1.000000e-01 ***
0.000000e+00	2.580987e-09	0.000000e+00	9.000000e+00 ***
0.000000e+00	3.597020e-11	0.000000e+00	1.000000e-01 ***
0.000000e+00	-1.978853e-09	0.000000e+00	1.000000e-01 ***
0.000000e+00	-3.179334e-09	0.000000e+00	9.000000e+00 ***
0.000000e+00	-4.344036e-12	0.000000e+00	1.000000e-01 ***
0.000000e+00	-1.484941e-11	0.000000e+00	1.000000e-01 ***
0.000000e+00	4.138365e-09	0.000000e+00	9.000000e+00 ***
0.000000e+00	2.455958e-12	0.000000e+00	1.000000e-01 ***
0.000000e+00	-1.485685e-11	0.000000e+00	1.000000e-01 ***
0.000000e+00	-5.585706e-09	0.000000e+00	9.000000e+00 ***
0.000000e+00	-8.027579e-13	0.000000e+00	1.000000e-01 ***
0.000000e+00	8.116730e-13	0.000000e+00	1.000000e-01 ***
0.000000e+00	8.217455e-09	0.000000e+00	9.000000e+00 ***
0.000000e+00	-1.981051e-11	0.000000e+00	1.000000e-01 ***
0.000000e+00	-5.297129e-10	0.000000e+00	1.000000e-01 ***
0.000000e+00	-1.343324e-08	0.000000e+00	9.000000e+00 ***
0.000000e+00	2.697313e-11	0.000000e+00	1.000000e-01 ***
0.000000e+00	-1.087955e-09	0.000000e+00	1.000000e-01 ***
0.000000e+00	2.652908e-08	0.000000e+00	9.000000e+00 ***
0.000000e+00	-2.684918e-11	0.000000e+00	1.000000e-01 ***
0.000000e+00	-1.009658e-09	0.000000e+00	1.000000e-01 ***
0.000000e+00	-7.881133e-08	0.000000e+00	9.000000e+00 ***
0.000000e+00	-4.607972e-12	0.000000e+00	1.000000e-01 ***
0.000000e+00	-2.726660e-11	0.000000e+00	1.000000e-01 ***
0.000000e+00	-1.567856e-07	0.000000e+00	9.000000e+00 ***
0.000000e+00	1.038596e-11	0.000000e+00	1.000000e-01 ***
0.000000e+00	-1.595421e-10	0.000000e+00	1.000000e-01 ***
0.000000e+00	1.567884e-07	0.000000e+00	9.000000e+00 ***
0.000000e+00	1.900976e-11	0.000000e+00	1.000000e-01 ***
0.000000e+00	-5.283063e-10	0.000000e+00	1.000000e-01 ***
0.000000e+00	7.883360e-08	0.000000e+00	9.000000e+00 ***
0.000000e+00	3.098122e-12	0.000000e+00	1.000000e-01 ***
0.000000e+00	-1.607922e-11	0.000000e+00	1.000000e-01 ***
0.000000e+00	-2.650795e-08	0.000000e+00	9.000000e+00 ***
0.000000e+00	-3.520082e-11	0.000000e+00	1.000000e-01 ***
0.000000e+00	-1.747459e-09	0.000000e+00	1.000000e-01 ***
0.000000e+00	1.343638e-08	0.000000e+00	9.000000e+00 ***
0.000000e+00	1.898698e-11	0.000000e+00	1.000000e-01 ***
0.000000e+00	-5.472760e-10	0.000000e+00	1.000000e-01 ***
0.000000e+00	-8.220395e-09	0.000000e+00	9.000000e+00 ***
0.000000e+00	-1.971948e-11	0.000000e+00	1.000000e-01 ***
0.000000e+00	-5.246928e-10	0.000000e+00	1.000000e-01 ***
0.000000e+00	5.581074e-09	0.000000e+00	9.000000e+00 ***
0.000000e+00	-4.814071e-12	0.000000e+00	1.000000e-01 ***
0.000000e+00	-2.297446e-11	0.000000e+00	1.000000e-01 ***
0.000000e+00	-4.155256e-09	0.000000e+00	9.000000e+00 ***
0.000000e+00	-5.713063e-12	0.000000e+00	1.000000e-01 ***
0.000000e+00	-3.270764e-11	0.000000e+00	1.000000e-01 ***
0.000000e+00	3.156678e-09	0.000000e+00	9.000000e+00 ***
0.000000e+00	-1.138534e-12	0.000000e+00	1.000000e-01 ***
0.000000e+00	1.369194e-12	0.000000e+00	1.000000e-01 ***
0.000000e+00	-2.590546e-09	0.000000e+00	9.000000e+00 ***
0.000000e+00	4.579874e-11	0.000000e+00	1.000000e-01 ***
0.000000e+00	-3.168297e-09	0.000000e+00	1.000000e-01 ***
0.000000e+00	2.201928e-09	0.000000e+00	9.000000e+00 ***
0.000000e+00	-1.832847e-11	0.000000e+00	1.000000e-01 ***
0.000000e+00	-4.204625e-10	0.000000e+00	1.000000e-01 ***
0.000000e+00	-1.882173e-09	0.000000e+00	9.000000e+00 ***
0.000000e+00	-2.862226e-11	0.000000e+00	1.000000e-01 ***
0.000000e+00	-1.072750e-09	0.000000e+00	1.000000e-01 ***
0.000000e+00	1.618304e-09	0.000000e+00	9.000000e+00 ***
0.000000e+00	-2.240674e-12	0.000000e+00	1.000000e-01 ***
0.000000e+00	1.856515e-12	0.000000e+00	1.000000e-01 ***
0.000000e+00	-1.519161e-09	0.000000e+00	9.000000e+00 ***
0.000000e+00	-3.095746e-12	0.000000e+00	1.000000e-01 ***
0.000000e+00	-4.205525e-13	0.000000e+00	1.000000e-01 ***
0.000000e+00	1.345107e-09	0.000000e+00	9.000000e+00 ***
0.000000e+00	1.536331e-11	0.000000e+00	1.000000e-01 ***
0.000000e+00	-4.105145e-10	0.000000e+00	1.000000e-01 ***
0.000000e+00	-1.295037e-09	0.000000e+00	9.000000e+00 ***
0.000000e+00	-1.074070e-11	0.000000e+00	1.000000e-01 ***
0.000000e+00	-1.146103e-10	0.000000e+00	1.000000e-01 ***
0.000000e+00	1.185080e-09	0.000000e+00	9.000000e+00 ***
0.000000e+00	-3.329352e-11	0.000000e+00	1.000000e-01 ***
0.000000e+00	-1.430424e-09	0.000000e+00	1.000000e-01 ***
0.000000e+00	-1.245050e-09	0.000000e+00	9.000000e+00 ***
0.000000e+00	7.246914e-12	0.000000e+00	1.000000e-01 ***
0.000000e+00	-1.135395e-10	0.000000e+00	1.000000e-01 ***
0.000000e+00	1.147153e-09	0.000000e+00	9.000000e+00 ***
0.000000e+00	2.608824e-11	0.000000e+00	1.000000e-01 ***
0.000000e+00	-1.121686e-09	0.000000e+00	1.000000e-01 ***
0.000000e+00	-1.209957e-09	0.000000e+00	9.000000e+00 ***
0.000000e+00	1.796101e-11	0.000000e+00	1.000000e-01 ***
0.000000e+00	-5.646499e-10	0.000000e+00	1.000000e-01 ***
0.000000e+00	1.231167e-09	0.000000e+00	9.000000e+00 ***
0.000000e+00	5.365131e-12	0.000000e+00	1.000000e-01 ***
0.000000e+00	-7.197878e-11	0.000000e+00	1.000000e-01 ***
0.000000e+00	-1.320745e-09	0.000000e+00	9.000000e+00 ***
0.000000e+00	2.618128e-12	0.000000e+00	1.000000e-01 ***
0.000000e+00	-2.505232e-11	0.000000e+00	1.000000e-01 ***
0.000000e+00	1.455781e-09	0.000000e+00	9.000000e+00 ***
0.000000e+00	5.437650e-13	0.000000e+00	1.000000e-01 ***
0.000000e+00	-3.632028e-12	0.000000e+00	1.000000e-01 ***
0.000000e+00	-1.709835e-09	0.000000e+00	9.000000e+00 ***
0.000000e+00	4.238632e-12	0.000000e+00	1.000000e-01 ***
0.000000e+00	-5.103375e-11	0.000000e+00	1.000000e-01 ***
0.000000e+00	2.260141e-09	0.000000e+00	9.000000e+00 ***
0.000000e+00	-8.188117e-13	0.000000e+00	1.000000e-01 ***
0.000000e+00	3.936762e-12	0.000000e+00	1.000000e-01 ***
0.000000e+00	-5.572660e-09	0.000000e+00	9.000000e+00 ***
0.000000e+00	-3.374223e-11	0.000000e+00	1.000000e-01 ***
0.000000e+00	-1.437802e-09	0.000000e+00	1.000000e-01 ***
***** Phase 1 path constraints *****
LOWER		G(X)		UPPER		SCALING
***** Phase 1 event constraints *****
LOWER		G(X)		UPPER		SCALING
0.000000e+00	0.000000e+00	0.000000e+00	9.000000e+00
1.000000e-01	1.000000e-01	1.000000e-01	1.000000e-01
0.000000e+00	0.000000e+00	0.000000e+00	1.000000e-01
0.000000e+00	0.000000e+00	0.000000e+00	9.000000e+00
-1.000000e-01	-1.000000e-01	-1.000000e-01	1.000000e-01
***** Phase 1 tf >= t0 constraint *****
LOWER		G(X)		UPPER		SCALING
-7.071068e-01	-9.155759e-03	0.000000e+00	7.071068e-01
***** Phase linkage constraints *****
LOWER		G(X)		UPPER		SCALING
***** Scaled Decision Variables ******************************
J	LOWER		X(J)		UPPER		SCALING		DESCRIPTION
1	-1.000000e+00	-6.000265e-01	1.000000e+00	1.000000e-01	CONTROL 1 PHASE 1
2	-1.000000e+00	-5.981484e-01	1.000000e+00	1.000000e-01	CONTROL 1 PHASE 1
3	-1.000000e+00	-5.941151e-01	1.000000e+00	1.000000e-01	CONTROL 1 PHASE 1
4	-1.000000e+00	-5.876461e-01	1.000000e+00	1.000000e-01	CONTROL 1 PHASE 1
5	-1.000000e+00	-5.789700e-01	1.000000e+00	1.000000e-01	CONTROL 1 PHASE 1
6	-1.000000e+00	-5.679560e-01	1.000000e+00	1.000000e-01	CONTROL 1 PHASE 1
7	-1.000000e+00	-5.547928e-01	1.000000e+00	1.000000e-01	CONTROL 1 PHASE 1
8	-1.000000e+00	-5.394034e-01	1.000000e+00	1.000000e-01	CONTROL 1 PHASE 1
9	-1.000000e+00	-5.219660e-01	1.000000e+00	1.000000e-01	CONTROL 1 PHASE 1
10	-1.000000e+00	-5.024485e-01	1.000000e+00	1.000000e-01	CONTROL 1 PHASE 1
11	-1.000000e+00	-4.810228e-01	1.000000e+00	1.000000e-01	CONTROL 1 PHASE 1
12	-1.000000e+00	-4.576864e-01	1.000000e+00	1.000000e-01	CONTROL 1 PHASE 1
13	-1.000000e+00	-4.326189e-01	1.000000e+00	1.000000e-01	CONTROL 1 PHASE 1
14	-1.000000e+00	-4.058407e-01	1.000000e+00	1.000000e-01	CONTROL 1 PHASE 1
15	-1.000000e+00	-3.775334e-01	1.000000e+00	1.000000e-01	CONTROL 1 PHASE 1
16	-1.000000e+00	-3.477418e-01	1.000000e+00	1.000000e-01	CONTROL 1 PHASE 1
17	-1.000000e+00	-3.166515e-01	1.000000e+00	1.000000e-01	CONTROL 1 PHASE 1
18	-1.000000e+00	-2.843253e-01	1.000000e+00	1.000000e-01	CONTROL 1 PHASE 1
19	-1.000000e+00	-2.509571e-01	1.000000e+00	1.000000e-01	CONTROL 1 PHASE 1
20	-1.000000e+00	-2.166095e-01	1.000000e+00	1.000000e-01	CONTROL 1 PHASE 1
21	-1.000000e+00	-1.815096e-01	1.000000e+00	1.000000e-01	CONTROL 1 PHASE 1
22	-1.000000e+00	-1.456694e-01	1.000000e+00	1.000000e-01	CONTROL 1 PHASE 1
23	-1.000000e+00	-1.094734e-01	1.000000e+00	1.000000e-01	CONTROL 1 PHASE 1
24	-1.000000e+00	-7.243301e-02	1.000000e+00	1.000000e-01	CONTROL 1 PHASE 1
25	-1.000000e+00	-3.912518e-02	1.000000e+00	1.000000e-01	CONTROL 1 PHASE 1
26	-1.000000e+00	-3.912530e-02	1.000000e+00	1.000000e-01	CONTROL 1 PHASE 1
27	-1.000000e+00	-7.243310e-02	1.000000e+00	1.000000e-01	CONTROL 1 PHASE 1
28	-1.000000e+00	-1.094732e-01	1.000000e+00	1.000000e-01	CONTROL 1 PHASE 1
29	-1.000000e+00	-1.456693e-01	1.000000e+00	1.000000e-01	CONTROL 1 PHASE 1
30	-1.000000e+00	-1.815097e-01	1.000000e+00	1.000000e-01	CONTROL 1 PHASE 1
31	-1.000000e+00	-2.166094e-01	1.000000e+00	1.000000e-01	CONTROL 1 PHASE 1
32	-1.000000e+00	-2.509572e-01	1.000000e+00	1.000000e-01	CONTROL 1 PHASE 1
33	-1.000000e+00	-2.843254e-01	1.000000e+00	1.000000e-01	CONTROL 1 PHASE 1
34	-1.000000e+00	-3.166514e-01	1.000000e+00	1.000000e-01	CONTROL 1 PHASE 1
35	-1.000000e+00	-3.477418e-01	1.000000e+00	1.000000e-01	CONTROL 1 PHASE 1
36	-1.000000e+00	-3.775336e-01	1.000000e+00	1.000000e-01	CONTROL 1 PHASE 1
37	-1.000000e+00	-4.058405e-01	1.000000e+00	1.000000e-01	CONTROL 1 PHASE 1
38	-1.000000e+00	-4.326186e-01	1.000000e+00	1.000000e-01	CONTROL 1 PHASE 1
39	-1.000000e+00	-4.576865e-01	1.000000e+00	1.000000e-01	CONTROL 1 PHASE 1
40	-1.000000e+00	-4.810230e-01	1.000000e+00	1.000000e-01	CONTROL 1 PHASE 1
41	-1.000000e+00	-5.024485e-01	1.000000e+00	1.000000e-01	CONTROL 1 PHASE 1
42	-1.000000e+00	-5.219660e-01	1.000000e+00	1.000000e-01	CONTROL 1 PHASE 1
43	-1.000000e+00	-5.394034e-01	1.000000e+00	1.000000e-01	CONTROL 1 PHASE 1
44	-1.000000e+00	-5.547928e-01	1.000000e+00	1.000000e-01	CONTROL 1 PHASE 1
45	-1.000000e+00	-5.679561e-01	1.000000e+00	1.000000e-01	CONTROL 1 PHASE 1
46	-1.000000e+00	-5.789699e-01	1.000000e+00	1.000000e-01	CONTROL 1 PHASE 1
47	-1.000000e+00	-5.876459e-01	1.000000e+00	1.000000e-01	CONTROL 1 PHASE 1
48	-1.000000e+00	-5.941152e-01	1.000000e+00	1.000000e-01	CONTROL 1 PHASE 1
49	-1.000000e+00	-5.981484e-01	1.000000e+00	1.000000e-01	CONTROL 1 PHASE 1
50	-1.000000e+00	-6.000260e-01	1.000000e+00	1.000000e-01	CONTROL 1 PHASE 1
51	0.000000e+00	0.000000e+00	1.000000e+00	9.000000e+00	STATE 1 PHASE 1
52	-1.000000e+00	1.000000e-01	1.000000e+00	1.000000e-01	STATE 2 PHASE 1
53	-1.000000e+00	0.000000e+00	1.000000e+00	1.000000e-01	STATE 3 PHASE 1
54	0.000000e+00	8.699608e-03	1.000000e+00	9.000000e+00	STATE 1 PHASE 1
55	-1.000000e+00	9.941925e-02	1.000000e+00	1.000000e-01	STATE 2 PHASE 1
56	-1.000000e+00	1.739538e-03	1.000000e+00	1.000000e-01	STATE 3 PHASE 1
57	0.000000e+00	2.893084e-02	1.000000e+00	9.000000e+00	STATE 1 PHASE 1
58	-1.000000e+00	9.806209e-02	1.000000e+00	1.000000e-01	STATE 2 PHASE 1
59	-1.000000e+00	5.784788e-03	1.000000e+00	1.000000e-01	STATE 3 PHASE 1
60	0.000000e+00	6.007562e-02	1.000000e+00	9.000000e+00	STATE 1 PHASE 1
61	-1.000000e+00	9.595422e-02	1.000000e+00	1.000000e-01	STATE 2 PHASE 1
62	-1.000000e+00	1.201236e-02	1.000000e+00	1.000000e-01	STATE 3 PHASE 1
63	0.000000e+00	1.012855e-01	1.000000e+00	9.000000e+00	STATE 1 PHASE 1
64	-1.000000e+00	9.312903e-02	1.000000e+00	1.000000e-01	STATE 2 PHASE 1
65	-1.000000e+00	2.025225e-02	1.000000e+00	1.000000e-01	STATE 3 PHASE 1
66	0.000000e+00	1.514495e-01	1.000000e+00	9.000000e+00	STATE 1 PHASE 1
67	-1.000000e+00	8.963091e-02	1.000000e+00	1.000000e-01	STATE 2 PHASE 1
68	-1.000000e+00	3.028282e-02	1.000000e+00	1.000000e-01	STATE 3 PHASE 1
69	0.000000e+00	2.092311e-01	1.000000e+00	9.000000e+00	STATE 1 PHASE 1
70	-1.000000e+00	8.551501e-02	1.000000e+00	1.000000e-01	STATE 2 PHASE 1
71	-1.000000e+00	4.183610e-02	1.000000e+00	1.000000e-01	STATE 3 PHASE 1
72	0.000000e+00	2.731127e-01	1.000000e+00	9.000000e+00	STATE 1 PHASE 1
73	-1.000000e+00	8.084584e-02	1.000000e+00	1.000000e-01	STATE 2 PHASE 1
74	-1.000000e+00	5.460948e-02	1.000000e+00	1.000000e-01	STATE 3 PHASE 1
75	0.000000e+00	3.414482e-01	1.000000e+00	9.000000e+00	STATE 1 PHASE 1
76	-1.000000e+00	7.569700e-02	1.000000e+00	1.000000e-01	STATE 2 PHASE 1
77	-1.000000e+00	6.827268e-02	1.000000e+00	1.000000e-01	STATE 3 PHASE 1
78	0.000000e+00	4.125181e-01	1.000000e+00	9.000000e+00	STATE 1 PHASE 1
79	-1.000000e+00	7.014901e-02	1.000000e+00	1.000000e-01	STATE 2 PHASE 1
80	-1.000000e+00	8.248310e-02	1.000000e+00	1.000000e-01	STATE 3 PHASE 1
81	0.000000e+00	4.845883e-01	1.000000e+00	9.000000e+00	STATE 1 PHASE 1
82	-1.000000e+00	6.428921e-02	1.000000e+00	1.000000e-01	STATE 2 PHASE 1
83	-1.000000e+00	9.689264e-02	1.000000e+00	1.000000e-01	STATE 3 PHASE 1
84	0.000000e+00	5.559677e-01	1.000000e+00	9.000000e+00	STATE 1 PHASE 1
85	-1.000000e+00	5.820901e-02	1.000000e+00	1.000000e-01	STATE 2 PHASE 1
86	-1.000000e+00	1.111645e-01	1.000000e+00	1.000000e-01	STATE 3 PHASE 1
87	0.000000e+00	6.250647e-01	1.000000e+00	9.000000e+00	STATE 1 PHASE 1
88	-1.000000e+00	5.200399e-02	1.000000e+00	1.000000e-01	STATE 2 PHASE 1
89	-1.000000e+00	1.249790e-01	1.000000e+00	1.000000e-01	STATE 3 PHASE 1
90	0.000000e+00	6.904394e-01	1.000000e+00	9.000000e+00	STATE 1 PHASE 1
91	-1.000000e+00	4.577052e-02	1.000000e+00	1.000000e-01	STATE 2 PHASE 1
92	-1.000000e+00	1.380498e-01	1.000000e+00	1.000000e-01	STATE 3 PHASE 1
93	0.000000e+00	7.508505e-01	1.000000e+00	9.000000e+00	STATE 1 PHASE 1
94	-1.000000e+00	3.960645e-02	1.000000e+00	1.000000e-01	STATE 2 PHASE 1
95	-1.000000e+00	1.501269e-01	1.000000e+00	1.000000e-01	STATE 3 PHASE 1
96	0.000000e+00	8.052938e-01	1.000000e+00	9.000000e+00	STATE 1 PHASE 1
97	-1.000000e+00	3.360690e-02	1.000000e+00	1.000000e-01	STATE 2 PHASE 1
98	-1.000000e+00	1.610114e-01	1.000000e+00	1.000000e-01	STATE 3 PHASE 1
99	0.000000e+00	8.530332e-01	1.000000e+00	9.000000e+00	STATE 1 PHASE 1
100	-1.000000e+00	2.786588e-02	1.000000e+00	1.000000e-01	STATE 2 PHASE 1
101	-1.000000e+00	1.705541e-01	1.000000e+00	1.000000e-01	STATE 3 PHASE 1
102	0.000000e+00	8.936203e-01	1.000000e+00	9.000000e+00	STATE 1 PHASE 1
103	-1.000000e+00	2.247105e-02	1.000000e+00	1.000000e-01	STATE 2 PHASE 1
104	-1.000000e+00	1.786673e-01	1.000000e+00	1.000000e-01	STATE 3 PHASE 1
105	0.000000e+00	9.269054e-01	1.000000e+00	9.000000e+00	STATE 1 PHASE 1
106	-1.000000e+00	1.750675e-02	1.000000e+00	1.000000e-01	STATE 2 PHASE 1
107	-1.000000e+00	1.853192e-01	1.000000e+00	1.000000e-01	STATE 3 PHASE 1
108	0.000000e+00	9.530352e-01	1.000000e+00	9.000000e+00	STATE 1 PHASE 1
109	-1.000000e+00	1.304739e-02	1.000000e+00	1.000000e-01	STATE 2 PHASE 1
110	-1.000000e+00	1.905410e-01	1.000000e+00	1.000000e-01	STATE 3 PHASE 1
111	0.000000e+00	9.724427e-01	1.000000e+00	9.000000e+00	STATE 1 PHASE 1
112	-1.000000e+00	9.162801e-03	1.000000e+00	1.000000e-01	STATE 2 PHASE 1
113	-1.000000e+00	1.944177e-01	1.000000e+00	1.000000e-01	STATE 3 PHASE 1
114	0.000000e+00	9.858231e-01	1.000000e+00	9.000000e+00	STATE 1 PHASE 1
115	-1.000000e+00	5.908623e-03	1.000000e+00	1.000000e-01	STATE 2 PHASE 1
116	-1.000000e+00	1.970896e-01	1.000000e+00	1.000000e-01	STATE 3 PHASE 1
117	0.000000e+00	9.941056e-01	1.000000e+00	9.000000e+00	STATE 1 PHASE 1
118	-1.000000e+00	3.337043e-03	1.000000e+00	1.000000e-01	STATE 2 PHASE 1
119	-1.000000e+00	1.987416e-01	1.000000e+00	1.000000e-01	STATE 3 PHASE 1
120	0.000000e+00	9.984070e-01	1.000000e+00	9.000000e+00	STATE 1 PHASE 1
121	-1.000000e+00	1.479140e-03	1.000000e+00	1.000000e-01	STATE 2 PHASE 1
122	-1.000000e+00	1.995975e-01	1.000000e+00	1.000000e-01	STATE 3 PHASE 1
123	0.000000e+00	1.000000e+00	1.000000e+00	9.000000e+00	STATE 1 PHASE 1
124	-1.000000e+00	3.634987e-04	1.000000e+00	1.000000e-01	STATE 2 PHASE 1
125	-1.000000e+00	1.999145e-01	1.000000e+00	1.000000e-01	STATE 3 PHASE 1
126	0.000000e+00	1.000000e+00	1.000000e+00	9.000000e+00	STATE 1 PHASE 1
127	-1.000000e+00	-3.634992e-04	1.000000e+00	1.000000e-01	STATE 2 PHASE 1
128	-1.000000e+00	2.000393e-01	1.000000e+00	1.000000e-01	STATE 3 PHASE 1
129	0.000000e+00	9.984070e-01	1.000000e+00	9.000000e+00	STATE 1 PHASE 1
130	-1.000000e+00	-1.479144e-03	1.000000e+00	1.000000e-01	STATE 2 PHASE 1
131	-1.000000e+00	2.003564e-01	1.000000e+00	1.000000e-01	STATE 3 PHASE 1
132	0.000000e+00	9.941056e-01	1.000000e+00	9.000000e+00	STATE 1 PHASE 1
133	-1.000000e+00	-3.337045e-03	1.000000e+00	1.000000e-01	STATE 2 PHASE 1
134	-1.000000e+00	2.012123e-01	1.000000e+00	1.000000e-01	STATE 3 PHASE 1
135	0.000000e+00	9.858231e-01	1.000000e+00	9.000000e+00	STATE 1 PHASE 1
136	-1.000000e+00	-5.908621e-03	1.000000e+00	1.000000e-01	STATE 2 PHASE 1
137	-1.000000e+00	2.028642e-01	1.000000e+00	1.000000e-01	STATE 3 PHASE 1
138	0.000000e+00	9.724427e-01	1.000000e+00	9.000000e+00	STATE 1 PHASE 1
139	-1.000000e+00	-9.162800e-03	1.000000e+00	1.000000e-01	STATE 2 PHASE 1
140	-1.000000e+00	2.055362e-01	1.000000e+00	1.000000e-01	STATE 3 PHASE 1
141	0.000000e+00	9.530351e-01	1.000000e+00	9.000000e+00	STATE 1 PHASE 1
142	-1.000000e+00	-1.304739e-02	1.000000e+00	1.000000e-01	STATE 2 PHASE 1
143	-1.000000e+00	2.094128e-01	1.000000e+00	1.000000e-01	STATE 3 PHASE 1
144	0.000000e+00	9.269054e-01	1.000000e+00	9.000000e+00	STATE 1 PHASE 1
145	-1.000000e+00	-1.750675e-02	1.000000e+00	1.000000e-01	STATE 2 PHASE 1
146	-1.000000e+00	2.146346e-01	1.000000e+00	1.000000e-01	STATE 3 PHASE 1
147	0.000000e+00	8.936203e-01	1.000000e+00	9.000000e+00	STATE 1 PHASE 1
148	-1.000000e+00	-2.247105e-02	1.000000e+00	1.000000e-01	STATE 2 PHASE 1
149	-1.000000e+00	2.212866e-01	1.000000e+00	1.000000e-01	STATE 3 PHASE 1
150	0.000000e+00	8.530332e-01	1.000000e+00	9.000000e+00	STATE 1 PHASE 1
151	-1.000000e+00	-2.786588e-02	1.000000e+00	1.000000e-01	STATE 2 PHASE 1
152	-1.000000e+00	2.293998e-01	1.000000e+00	1.000000e-01	STATE 3 PHASE 1
153	0.000000e+00	8.052938e-01	1.000000e+00	9.000000e+00	STATE 1 PHASE 1
154	-1.000000e+00	-3.360690e-02	1.000000e+00	1.000000e-01	STATE 2 PHASE 1
155	-1.000000e+00	2.389425e-01	1.000000e+00	1.000000e-01	STATE 3 PHASE 1
156	0.000000e+00	7.508505e-01	1.000000e+00	9.000000e+00	STATE 1 PHASE 1
157	-1.000000e+00	-3.960645e-02	1.000000e+00	1.000000e-01	STATE 2 PHASE 1
158	-1.000000e+00	2.498270e-01	1.000000e+00	1.000000e-01	STATE 3 PHASE 1
159	0.000000e+00	6.904394e-01	1.000000e+00	9.000000e+00	STATE 1 PHASE 1
160	-1.000000e+00	-4.577052e-02	1.000000e+00	1.000000e-01	STATE 2 PHASE 1
161	-1.000000e+00	2.619041e-01	1.000000e+00	1.000000e-01	STATE 3 PHASE 1
162	0.000000e+00	6.250647e-01	1.000000e+00	9.000000e+00	STATE 1 PHASE 1
163	-1.000000e+00	-5.200399e-02	1.000000e+00	1.000000e-01	STATE 2 PHASE 1
164	-1.000000e+00	2.749749e-01	1.000000e+00	1.000000e-01	STATE 3 PHASE 1
165	0.000000e+00	5.559677e-01	1.000000e+00	9.000000e+00	STATE 1 PHASE 1
166	-1.000000e+00	-5.820900e-02	1.000000e+00	1.000000e-01	STATE 2 PHASE 1
167	-1.000000e+00	2.887893e-01	1.000000e+00	1.000000e-01	STATE 3 PHASE 1
168	0.000000e+00	4.845883e-01	1.000000e+00	9.000000e+00	STATE 1 PHASE 1
169	-1.000000e+00	-6.428920e-02	1.000000e+00	1.000000e-01	STATE 2 PHASE 1
170	-1.000000e+00	3.030612e-01	1.000000e+00	1.000000e-01	STATE 3 PHASE 1
171	0.000000e+00	4.125181e-01	1.000000e+00	9.000000e+00	STATE 1 PHASE 1
172	-1.000000e+00	-7.014901e-02	1.000000e+00	1.000000e-01	STATE 2 PHASE 1
173	-1.000000e+00	3.174708e-01	1.000000e+00	1.000000e-01	STATE 3 PHASE 1
174	0.000000e+00	3.414482e-01	1.000000e+00	9.000000e+00	STATE 1 PHASE 1
175	-1.000000e+00	-7.569700e-02	1.000000e+00	1.000000e-01	STATE 2 PHASE 1
176	-1.000000e+00	3.316812e-01	1.000000e+00	1.000000e-01	STATE 3 PHASE 1
177	0.000000e+00	2.731127e-01	1.000000e+00	9.000000e+00	STATE 1 PHASE 1
178	-1.000000e+00	-8.084584e-02	1.000000e+00	1.000000e-01	STATE 2 PHASE 1
179	-1.000000e+00	3.453444e-01	1.000000e+00	1.000000e-01	STATE 3 PHASE 1
180	0.000000e+00	2.092311e-01	1.000000e+00	9.000000e+00	STATE 1 PHASE 1
181	-1.000000e+00	-8.551501e-02	1.000000e+00	1.000000e-01	STATE 2 PHASE 1
182	-1.000000e+00	3.581178e-01	1.000000e+00	1.000000e-01	STATE 3 PHASE 1
183	0.000000e+00	1.514495e-01	1.000000e+00	9.000000e+00	STATE 1 PHASE 1
184	-1.000000e+00	-8.963091e-02	1.000000e+00	1.000000e-01	STATE 2 PHASE 1
185	-1.000000e+00	3.696711e-01	1.000000e+00	1.000000e-01	STATE 3 PHASE 1
186	0.000000e+00	1.012855e-01	1.000000e+00	9.000000e+00	STATE 1 PHASE 1
187	-1.000000e+00	-9.312903e-02	1.000000e+00	1.000000e-01	STATE 2 PHASE 1
188	-1.000000e+00	3.797016e-01	1.000000e+00	1.000000e-01	STATE 3 PHASE 1
189	0.000000e+00	6.007562e-02	1.000000e+00	9.000000e+00	STATE 1 PHASE 1
190	-1.000000e+00	-9.595422e-02	1.000000e+00	1.000000e-01	STATE 2 PHASE 1
191	-1.000000e+00	3.879415e-01	1.000000e+00	1.000000e-01	STATE 3 PHASE 1
192	0.000000e+00	2.893084e-02	1.000000e+00	9.000000e+00	STATE 1 PHASE 1
193	-1.000000e+00	-9.806209e-02	1.000000e+00	1.000000e-01	STATE 2 PHASE 1
194	-1.000000e+00	3.941691e-01	1.000000e+00	1.000000e-01	STATE 3 PHASE 1
195	0.000000e+00	8.699608e-03	1.000000e+00	9.000000e+00	STATE 1 PHASE 1
196	-1.000000e+00	-9.941925e-02	1.000000e+00	1.000000e-01	STATE 2 PHASE 1
197	-1.000000e+00	3.982143e-01	1.000000e+00	1.000000e-01	STATE 3 PHASE 1
198	0.000000e+00	0.000000e+00	1.000000e+00	9.000000e+00	STATE 1 PHASE 1
199	-1.000000e+00	-1.000000e-01	1.000000e+00	1.000000e-01	STATE 2 PHASE 1
200	-1.000000e+00	3.999539e-01	1.000000e+00	1.000000e-01	STATE 3 PHASE 1
201	0.000000e+00	0.000000e+00	0.000000e+00	2.000000e-02	t0 PHASE 1
202	0.000000e+00	1.294820e-02	1.000000e+00	2.000000e-02	tf PHASE 1