
***** Phase 1 differential defect constraints *****
LOWER		G(X)		UPPER		SCALING
0.000000e+00	3.695483e-08	0.000000e+00	5.000000e-01 ***
0.000000e+00	6.875587e-08	0.000000e+00	5.000000e-01 ***
0.000000e+00	2.022851e-07	0.000000e+00	5.000000e-01 ***
0.000000e+00	6.283512e-07	0.000000e+00	5.000000e-01 ***
0.000000e+00	4.735963e-09	0.000000e+00	5.000000e-01 ***
0.000000e+00	2.941978e-08	0.000000e+00	5.000000e-01 ***
0.000000e+00	8.843033e-11	0.000000e+00	5.000000e-01 ***
0.000000e+00	6.199923e-10	0.000000e+00	5.000000e-01 ***
0.000000e+00	4.980691e-10	0.000000e+00	5.000000e-01 ***
0.000000e+00	3.417063e-09	0.000000e+00	5.000000e-01 ***
0.000000e+00	1.874317e-11	0.000000e+00	5.000000e-01 ***
0.000000e+00	1.210183e-10	0.000000e+00	5.000000e-01 ***
0.000000e+00	3.124232e-10	0.000000e+00	5.000000e-01 ***
0.000000e+00	2.033516e-09	0.000000e+00	5.000000e-01 ***
0.000000e+00	1.145963e-09	0.000000e+00	5.000000e-01 ***
0.000000e+00	7.391659e-09	0.000000e+00	5.000000e-01 ***
0.000000e+00	7.990131e-10	0.000000e+00	5.000000e-01 ***
0.000000e+00	5.200499e-09	0.000000e+00	5.000000e-01 ***
0.000000e+00	1.523325e-09	0.000000e+00	5.000000e-01 ***
0.000000e+00	9.901475e-09	0.000000e+00	5.000000e-01 ***
0.000000e+00	1.096565e-11	0.000000e+00	5.000000e-01 ***
0.000000e+00	7.020196e-11	0.000000e+00	5.000000e-01 ***
0.000000e+00	3.334649e-11	0.000000e+00	5.000000e-01 ***
0.000000e+00	2.107711e-10	0.000000e+00	5.000000e-01 ***
0.000000e+00	6.410959e-10	0.000000e+00	5.000000e-01 ***
0.000000e+00	4.017527e-09	0.000000e+00	5.000000e-01 ***
0.000000e+00	1.078092e-09	0.000000e+00	5.000000e-01 ***
0.000000e+00	6.609357e-09	0.000000e+00	5.000000e-01 ***
0.000000e+00	9.749896e-10	0.000000e+00	5.000000e-01 ***
0.000000e+00	6.026086e-09	0.000000e+00	5.000000e-01 ***
0.000000e+00	2.611757e-10	0.000000e+00	5.000000e-01 ***
0.000000e+00	1.581797e-09	0.000000e+00	5.000000e-01 ***
0.000000e+00	1.702865e-10	0.000000e+00	5.000000e-01 ***
0.000000e+00	1.052006e-09	0.000000e+00	5.000000e-01 ***
0.000000e+00	3.894508e-11	0.000000e+00	5.000000e-01 ***
0.000000e+00	2.378604e-10	0.000000e+00	5.000000e-01 ***
0.000000e+00	5.147849e-11	0.000000e+00	5.000000e-01 ***
0.000000e+00	3.221409e-10	0.000000e+00	5.000000e-01 ***
0.000000e+00	6.075035e-11	0.000000e+00	5.000000e-01 ***
0.000000e+00	3.789659e-10	0.000000e+00	5.000000e-01 ***
0.000000e+00	6.178001e-10	0.000000e+00	5.000000e-01 ***
0.000000e+00	3.963136e-09	0.000000e+00	5.000000e-01 ***
0.000000e+00	4.259793e-11	0.000000e+00	5.000000e-01 ***
0.000000e+00	2.740207e-10	0.000000e+00	5.000000e-01 ***
0.000000e+00	1.847040e-09	0.000000e+00	5.000000e-01 ***
0.000000e+00	1.198888e-08	0.000000e+00	5.000000e-01 ***
0.000000e+00	1.151220e-08	0.000000e+00	5.000000e-01 ***
0.000000e+00	6.822171e-08	0.000000e+00	5.000000e-01 ***
0.000000e+00	4.002703e-10	0.000000e+00	5.000000e-01 ***
0.000000e+00	2.618082e-09	0.000000e+00	5.000000e-01 ***
0.000000e+00	3.598594e-09	0.000000e+00	5.000000e-01 ***
0.000000e+00	2.311535e-08	0.000000e+00	5.000000e-01 ***
0.000000e+00	2.386379e-10	0.000000e+00	5.000000e-01 ***
0.000000e+00	1.536627e-09	0.000000e+00	5.000000e-01 ***
0.000000e+00	5.756878e-10	0.000000e+00	5.000000e-01 ***
0.000000e+00	3.038903e-09	0.000000e+00	5.000000e-01 ***
0.000000e+00	3.571557e-10	0.000000e+00	5.000000e-01 ***
0.000000e+00	1.195436e-09	0.000000e+00	5.000000e-01 ***
0.000000e+00	2.564302e-10	0.000000e+00	5.000000e-01 ***
0.000000e+00	5.771876e-10	0.000000e+00	5.000000e-01 ***
0.000000e+00	1.792671e-10	0.000000e+00	5.000000e-01 ***
0.000000e+00	3.025321e-10	0.000000e+00	5.000000e-01 ***
0.000000e+00	2.312448e-10	0.000000e+00	5.000000e-01 ***
0.000000e+00	2.936831e-10	0.000000e+00	5.000000e-01 ***
0.000000e+00	2.229266e-10	0.000000e+00	5.000000e-01 ***
0.000000e+00	2.228596e-10	0.000000e+00	5.000000e-01 ***
0.000000e+00	3.248606e-10	0.000000e+00	5.000000e-01 ***
0.000000e+00	2.431456e-10	0.000000e+00	5.000000e-01 ***
0.000000e+00	4.509242e-10	0.000000e+00	5.000000e-01 ***
0.000000e+00	2.816279e-10	0.000000e+00	5.000000e-01 ***
0.000000e+00	1.942320e-08	0.000000e+00	5.000000e-01 ***
0.000000e+00	1.208861e-08	0.000000e+00	5.000000e-01 ***
0.000000e+00	2.174020e-08	0.000000e+00	5.000000e-01 ***
0.000000e+00	1.341555e-08	0.000000e+00	5.000000e-01 ***
0.000000e+00	8.818213e-11	0.000000e+00	5.000000e-01 ***
0.000000e+00	5.545808e-11	0.000000e+00	5.000000e-01 ***
0.000000e+00	5.788974e-09	0.000000e+00	5.000000e-01 ***
0.000000e+00	3.621884e-09	0.000000e+00	5.000000e-01 ***
0.000000e+00	2.479553e-08	0.000000e+00	5.000000e-01 ***
0.000000e+00	1.579907e-08	0.000000e+00	5.000000e-01 ***
0.000000e+00	1.910739e-08	0.000000e+00	5.000000e-01 ***
0.000000e+00	1.210703e-08	0.000000e+00	5.000000e-01 ***
0.000000e+00	3.393886e-10	0.000000e+00	5.000000e-01 ***
0.000000e+00	2.101170e-10	0.000000e+00	5.000000e-01 ***
0.000000e+00	1.135221e-09	0.000000e+00	5.000000e-01 ***
0.000000e+00	7.168898e-10	0.000000e+00	5.000000e-01 ***
0.000000e+00	1.587158e-08	0.000000e+00	5.000000e-01 ***
0.000000e+00	9.988666e-09	0.000000e+00	5.000000e-01 ***
0.000000e+00	1.140921e-11	0.000000e+00	5.000000e-01 ***
0.000000e+00	7.276957e-12	0.000000e+00	5.000000e-01 ***
0.000000e+00	1.224435e-08	0.000000e+00	5.000000e-01 ***
0.000000e+00	7.718910e-09	0.000000e+00	5.000000e-01 ***
0.000000e+00	1.740933e-09	0.000000e+00	5.000000e-01 ***
0.000000e+00	1.111960e-09	0.000000e+00	5.000000e-01 ***
0.000000e+00	8.727036e-10	0.000000e+00	5.000000e-01 ***
0.000000e+00	5.508062e-10	0.000000e+00	5.000000e-01 ***
0.000000e+00	7.050568e-09	0.000000e+00	5.000000e-01 ***
0.000000e+00	4.505056e-09	0.000000e+00	5.000000e-01 ***
0.000000e+00	3.116087e-10	0.000000e+00	5.000000e-01 ***
0.000000e+00	1.969892e-10	0.000000e+00	5.000000e-01 ***
0.000000e+00	8.299999e-09	0.000000e+00	5.000000e-01 ***
0.000000e+00	5.302150e-09	0.000000e+00	5.000000e-01 ***
0.000000e+00	3.260137e-09	0.000000e+00	5.000000e-01 ***
0.000000e+00	2.060970e-09	0.000000e+00	5.000000e-01 ***
0.000000e+00	9.419358e-10	0.000000e+00	5.000000e-01 ***
0.000000e+00	6.011055e-10	0.000000e+00	5.000000e-01 ***
0.000000e+00	2.525444e-09	0.000000e+00	5.000000e-01 ***
0.000000e+00	1.589463e-09	0.000000e+00	5.000000e-01 ***
0.000000e+00	9.786122e-11	0.000000e+00	5.000000e-01 ***
0.000000e+00	6.249273e-11	0.000000e+00	5.000000e-01 ***
0.000000e+00	2.036136e-09	0.000000e+00	5.000000e-01 ***
0.000000e+00	1.274099e-09	0.000000e+00	5.000000e-01 ***
0.000000e+00	4.456438e-10	0.000000e+00	5.000000e-01 ***
0.000000e+00	3.177353e-10	0.000000e+00	5.000000e-01 ***
0.000000e+00	1.908725e-10	0.000000e+00	5.000000e-01 ***
0.000000e+00	1.726377e-10	0.000000e+00	5.000000e-01 ***
0.000000e+00	1.081533e-10	0.000000e+00	5.000000e-01 ***
0.000000e+00	1.184390e-10	0.000000e+00	5.000000e-01 ***
0.000000e+00	5.750384e-11	0.000000e+00	5.000000e-01 ***
0.000000e+00	7.719458e-11	0.000000e+00	5.000000e-01 ***
0.000000e+00	7.202466e-11	0.000000e+00	5.000000e-01 ***
0.000000e+00	1.188361e-10	0.000000e+00	5.000000e-01 ***
0.000000e+00	2.970120e-10	0.000000e+00	5.000000e-01 ***
0.000000e+00	5.892235e-10	0.000000e+00	5.000000e-01 ***
0.000000e+00	8.117831e-09	0.000000e+00	5.000000e-01 ***
0.000000e+00	1.720576e-08	0.000000e+00	5.000000e-01 ***
0.000000e+00	5.959181e-09	0.000000e+00	5.000000e-01 ***
0.000000e+00	1.240832e-08	0.000000e+00	5.000000e-01 ***
0.000000e+00	2.943140e-09	0.000000e+00	5.000000e-01 ***
0.000000e+00	6.265105e-09	0.000000e+00	5.000000e-01 ***
0.000000e+00	1.964872e-09	0.000000e+00	5.000000e-01 ***
0.000000e+00	4.081550e-09	0.000000e+00	5.000000e-01 ***
0.000000e+00	7.121223e-10	0.000000e+00	5.000000e-01 ***
0.000000e+00	1.436563e-09	0.000000e+00	5.000000e-01 ***
0.000000e+00	7.819407e-09	0.000000e+00	5.000000e-01 ***
0.000000e+00	1.597170e-08	0.000000e+00	5.000000e-01 ***
0.000000e+00	3.346699e-10	0.000000e+00	5.000000e-01 ***
0.000000e+00	6.943772e-10	0.000000e+00	5.000000e-01 ***
0.000000e+00	3.045066e-08	0.000000e+00	5.000000e-01 ***
0.000000e+00	6.226484e-08	0.000000e+00	5.000000e-01 ***
0.000000e+00	2.990825e-09	0.000000e+00	5.000000e-01 ***
0.000000e+00	6.205056e-09	0.000000e+00	5.000000e-01 ***
0.000000e+00	4.371636e-11	0.000000e+00	5.000000e-01 ***
0.000000e+00	9.238466e-11	0.000000e+00	5.000000e-01 ***
0.000000e+00	1.670492e-09	0.000000e+00	5.000000e-01 ***
0.000000e+00	3.529693e-09	0.000000e+00	5.000000e-01 ***
0.000000e+00	1.210460e-08	0.000000e+00	5.000000e-01 ***
0.000000e+00	2.580593e-08	0.000000e+00	5.000000e-01 ***
0.000000e+00	4.876098e-09	0.000000e+00	5.000000e-01 ***
0.000000e+00	1.024488e-08	0.000000e+00	5.000000e-01 ***
0.000000e+00	5.336758e-10	0.000000e+00	5.000000e-01 ***
0.000000e+00	1.097159e-09	0.000000e+00	5.000000e-01 ***
0.000000e+00	5.732554e-08	0.000000e+00	5.000000e-01 ***
0.000000e+00	1.015793e-07	0.000000e+00	5.000000e-01 ***
0.000000e+00	7.228513e-09	0.000000e+00	5.000000e-01 ***
0.000000e+00	1.412989e-08	0.000000e+00	5.000000e-01 ***
0.000000e+00	9.668391e-07	0.000000e+00	5.000000e-01 ***
0.000000e+00	1.243566e-06	0.000000e+00	5.000000e-01 ***
0.000000e+00	4.300170e-10	0.000000e+00	5.000000e-01 ***
0.000000e+00	8.154183e-10	0.000000e+00	5.000000e-01 ***
***** Phase 1 path constraints *****
LOWER		G(X)		UPPER		SCALING
3.904344e-02	1.600781e-01	3.904344e+01	3.904344e-01
1.470588e-02	4.250000e-01	1.470588e+01	1.470588e-01
3.911507e-02	1.597764e-01	3.911507e+01	3.911507e-01
1.471650e-02	4.246901e-01	1.471650e+01	1.471650e-01
3.927835e-02	1.591347e-01	3.927835e+01	3.927835e-01
1.474106e-02	4.239939e-01	1.474106e+01	1.474106e-01
3.952606e-02	1.581623e-01	3.952606e+01	3.952606e-01
1.477890e-02	4.229264e-01	1.477890e+01	1.477890e-01
3.985991e-02	1.568113e-01	3.985991e+01	3.985991e-01
1.483003e-02	4.214525e-01	1.483003e+01	1.483003e-01
4.029213e-02	1.551135e-01	4.029213e+01	4.029213e-01
1.489539e-02	4.195925e-01	1.489539e+01	1.489539e-01
4.083394e-02	1.530967e-01	4.083394e+01	4.083394e-01
1.497583e-02	4.173616e-01	1.497583e+01	1.497583e-01
4.148473e-02	1.507596e-01	4.148473e+01	4.148473e-01
1.507118e-02	4.147629e-01	1.507118e+01	1.507118e-01
4.224052e-02	1.480668e-01	4.224052e+01	4.224052e-01
1.518089e-02	4.117686e-01	1.518089e+01	1.518089e-01
4.311209e-02	1.450545e-01	4.311209e+01	4.311209e-01
1.530560e-02	4.083999e-01	1.530560e+01	1.530560e-01
4.412185e-02	1.417701e-01	4.412185e+01	4.412185e-01
1.544685e-02	4.046815e-01	1.544685e+01	1.544685e-01
4.527997e-02	1.382223e-01	4.527997e+01	4.527997e-01
1.560524e-02	4.006206e-01	1.560524e+01	1.560524e-01
4.658037e-02	1.343819e-01	4.658037e+01	4.658037e-01
1.578005e-02	3.961915e-01	1.578005e+01	1.578005e-01
4.803077e-02	1.302486e-01	4.803077e+01	4.803077e-01
1.597166e-02	3.913897e-01	1.597166e+01	1.597166e-01
4.966759e-02	1.259338e-01	4.966759e+01	4.966759e-01
1.618241e-02	3.862717e-01	1.618241e+01	1.618241e-01
5.151869e-02	1.214873e-01	5.151869e+01	5.151869e-01
1.641404e-02	3.808634e-01	1.641404e+01	1.641404e-01
5.356864e-02	1.168917e-01	5.356864e+01	5.356864e-01
1.666575e-02	3.751390e-01	1.666575e+01	1.666575e-01
5.579588e-02	1.121320e-01	5.579588e+01	5.579588e-01
1.693691e-02	3.690773e-01	1.693691e+01	1.693691e-01
5.823067e-02	1.073423e-01	5.823067e+01	5.823067e-01
1.723027e-02	3.627305e-01	1.723027e+01	1.723027e-01
6.091719e-02	1.026828e-01	6.091719e+01	6.091719e-01
1.754960e-02	3.561699e-01	1.754960e+01	1.754960e-01
6.380866e-02	9.819481e-02	6.380866e+01	6.380866e-01
1.789496e-02	3.493809e-01	1.789496e+01	1.789496e-01
6.677249e-02	9.384618e-02	6.677249e+01	6.677249e-01
1.826433e-02	3.423139e-01	1.826433e+01	1.826433e-01
6.972960e-02	8.980639e-02	6.972960e+01	6.972960e-01
1.866010e-02	3.350080e-01	1.866010e+01	1.866010e-01
7.267466e-02	8.620191e-02	7.267466e+01	7.267466e-01
1.908900e-02	3.274981e-01	1.908900e+01	1.908900e-01
7.545184e-02	8.331349e-02	7.545184e+01	7.545184e-01
1.955353e-02	3.198561e-01	1.955353e+01	1.955353e-01
7.763102e-02	8.122102e-02	7.763102e+01	7.763102e-01
2.004883e-02	3.120643e-01	2.004883e+01	2.004883e-01
7.883365e-02	7.972905e-02	7.883365e+01	7.883365e-01
2.057315e-02	3.039784e-01	2.057315e+01	2.057315e-01
7.916199e-02	7.918374e-02	7.916199e+01	7.916199e-01
2.113924e-02	2.957504e-01	2.113924e+01	2.113924e-01
7.909700e-02	7.911759e-02	7.909700e+01	7.909700e-01
2.176973e-02	2.871364e-01	2.176973e+01	2.176973e-01
7.902929e-02	7.903983e-02	7.902929e+01	7.902929e-01
2.248217e-02	2.780028e-01	2.248217e+01	2.248217e-01
7.904365e-02	7.905980e-02	7.904365e+01	7.904365e-01
2.328255e-02	2.684384e-01	2.328255e+01	2.328255e-01
7.906651e-02	7.908433e-02	7.906651e+01	7.906651e-01
2.417099e-02	2.585901e-01	2.417099e+01	2.417099e-01
7.906392e-02	7.908515e-02	7.906392e+01	7.906392e-01
2.514535e-02	2.485564e-01	2.514535e+01	2.514535e-01
7.903080e-02	7.903808e-02	7.903080e+01	7.903080e-01
2.619849e-02	2.386006e-01	2.619849e+01	2.619849e-01
7.878096e-02	7.885219e-02	7.878096e+01	7.878096e-01
2.732266e-02	2.289064e-01	2.732266e+01	2.732266e-01
7.783557e-02	7.993248e-02	7.783557e+01	7.783557e-01
2.852536e-02	2.192423e-01	2.852536e+01	2.852536e-01
7.572928e-02	8.236182e-02	7.572928e+01	7.572928e-01
2.983527e-02	2.095274e-01	2.983527e+01	2.983527e-01
7.249517e-02	8.584295e-02	7.249517e+01	7.249517e-01
3.128238e-02	1.999432e-01	3.128238e+01	3.128238e-01
6.863636e-02	9.044133e-02	6.863636e+01	6.863636e-01
3.287619e-02	1.903949e-01	3.287619e+01	3.287619e-01
6.462287e-02	9.610333e-02	6.462287e+01	6.462287e-01
3.461470e-02	1.808874e-01	3.461470e+01	3.461470e-01
6.064067e-02	1.027533e-01	6.064067e+01	6.064067e-01
3.651267e-02	1.713515e-01	3.651267e+01	3.651267e-01
5.675676e-02	1.097687e-01	5.675676e+01	5.675676e-01
3.860481e-02	1.621323e-01	3.860481e+01	3.860481e-01
5.308074e-02	1.172716e-01	5.308074e+01	5.308074e-01
4.091522e-02	1.531167e-01	4.091522e+01	4.091522e-01
4.971481e-02	1.252471e-01	4.971481e+01	4.971481e-01
4.344061e-02	1.442859e-01	4.344061e+01	4.344061e-01
4.667055e-02	1.336457e-01	4.667055e+01	4.667055e-01
4.617914e-02	1.356123e-01	4.617914e+01	4.617914e-01
4.390146e-02	1.422189e-01	4.390146e+01	4.390146e-01
4.916101e-02	1.272980e-01	4.916101e+01	4.916101e-01
4.137835e-02	1.508834e-01	4.137835e+01	4.137835e-01
5.241835e-02	1.194450e-01	5.241835e+01	5.241835e-01
3.910100e-02	1.596160e-01	3.910100e+01	3.910100e-01
5.592176e-02	1.120927e-01	5.592176e+01	5.592176e-01
3.706159e-02	1.684552e-01	3.706159e+01	3.706159e-01
5.957833e-02	1.052121e-01	5.957833e+01	5.957833e-01
3.522958e-02	1.773309e-01	3.522958e+01	3.522958e-01
6.330089e-02	9.888034e-02	6.330089e+01	6.330089e-01
3.357086e-02	1.861535e-01	3.357086e+01	3.357086e-01
6.702762e-02	9.331671e-02	6.702762e+01	6.702762e-01
3.206518e-02	1.948680e-01	3.206518e+01	3.206518e-01
7.063089e-02	8.861602e-02	7.063089e+01	7.063089e-01
3.070277e-02	2.034943e-01	3.070277e+01	3.070277e-01
7.385318e-02	8.482558e-02	7.385318e+01	7.385318e-01
2.947304e-02	2.120241e-01	2.947304e+01	2.947304e-01
7.640051e-02	8.190009e-02	7.640051e+01	7.640051e-01
2.835977e-02	2.204444e-01	2.835977e+01	2.835977e-01
7.809171e-02	7.994190e-02	7.809171e+01	7.809171e-01
2.734345e-02	2.286492e-01	2.734345e+01	2.734345e-01
7.892548e-02	7.902948e-02	7.892548e+01	7.892548e-01
2.640656e-02	2.366606e-01	2.640656e+01	2.640656e-01
7.910678e-02	7.911726e-02	7.910678e+01	7.910678e-01
2.553864e-02	2.447297e-01	2.553864e+01	2.553864e-01
7.901495e-02	7.902324e-02	7.901495e+01	7.901495e-01
2.473740e-02	2.527003e-01	2.473740e+01	2.473740e-01
7.899348e-02	7.900400e-02	7.899348e+01	7.899348e-01
2.400445e-02	2.604190e-01	2.400445e+01	2.400445e-01
7.910447e-02	7.911274e-02	7.910447e+01	7.910447e-01
2.333999e-02	2.678102e-01	2.333999e+01	2.333999e-01
7.915175e-02	7.916277e-02	7.915175e+01	7.915175e-01
2.274074e-02	2.747993e-01	2.274074e+01	2.274074e-01
7.895146e-02	7.896706e-02	7.895146e+01	7.895146e-01
2.220055e-02	2.814148e-01	2.220055e+01	2.220055e-01
7.848088e-02	7.900261e-02	7.848088e+01	7.848088e-01
2.171206e-02	2.877516e-01	2.171206e+01	2.171206e-01
7.775012e-02	7.972032e-02	7.775012e+01	7.775012e-01
2.126838e-02	2.937782e-01	2.126838e+01	2.126838e-01
7.669442e-02	8.099061e-02	7.669442e+01	7.669442e-01
2.086461e-02	2.994535e-01	2.086461e+01	2.086461e-01
7.528890e-02	8.245318e-02	7.528890e+01	7.528890e-01
2.049809e-02	3.048127e-01	2.049809e+01	2.049809e-01
7.366086e-02	8.429518e-02	7.366086e+01	7.366086e-01
2.016723e-02	3.098241e-01	2.016723e+01	2.016723e-01
7.199196e-02	8.628917e-02	7.199196e+01	7.199196e-01
1.987006e-02	3.144743e-01	1.987006e+01	1.987006e-01
7.037119e-02	8.839821e-02	7.037119e+01	7.037119e-01
1.960409e-02	3.187523e-01	1.960409e+01	1.960409e-01
6.880512e-02	9.046256e-02	6.880512e+01	6.880512e-01
1.936732e-02	3.226589e-01	1.936732e+01	1.936732e-01
6.731596e-02	9.252111e-02	6.731596e+01	6.731596e-01
1.915862e-02	3.261667e-01	1.915862e+01	1.915862e-01
6.595833e-02	9.438369e-02	6.595833e+01	6.595833e-01
1.897692e-02	3.292965e-01	1.897692e+01	1.897692e-01
6.476011e-02	9.619242e-02	6.476011e+01	6.476011e-01
1.882080e-02	3.320246e-01	1.882080e+01	1.882080e-01
6.370720e-02	9.776064e-02	6.370720e+01	6.370720e-01
1.868907e-02	3.343600e-01	1.868907e+01	1.868907e-01
6.279181e-02	9.918318e-02	6.279181e+01	6.279181e-01
1.858129e-02	3.362905e-01	1.858129e+01	1.858129e-01
6.203549e-02	1.003372e-01	6.203549e+01	6.203549e-01
1.849715e-02	3.378475e-01	1.849715e+01	1.849715e-01
6.145449e-02	1.014431e-01	6.145449e+01	6.145449e-01
1.843595e-02	3.389939e-01	1.843595e+01	1.843595e-01
6.103455e-02	1.022398e-01	6.103455e+01	6.103455e-01
1.839701e-02	3.397253e-01	1.839701e+01	1.839701e-01
6.075798e-02	1.028207e-01	6.075798e+01	6.075798e-01
1.838037e-02	3.400368e-01	1.838037e+01	1.838037e-01
6.063390e-02	1.030776e-01	6.063390e+01	6.063390e-01
***** Phase 1 event constraints *****
LOWER		G(X)		UPPER		SCALING
0.000000e+00	4.087365e-37	0.000000e+00	5.000000e-01 ***
0.000000e+00	5.479383e-37	0.000000e+00	5.000000e-01 ***
6.000000e-01	6.000000e-01	6.000000e-01	5.000000e-01
8.000000e-01	8.000000e-01	8.000000e-01	5.000000e-01
***** Phase 1 tf >= t0 constraint *****
LOWER		G(X)		UPPER		SCALING
-7.071068e-01	-7.071068e-01	0.000000e+00	7.071068e-01
***** Phase linkage constraints *****
LOWER		G(X)		UPPER		SCALING
***** Scaled Decision Variables ******************************
J	LOWER		X(J)		UPPER		SCALING		DESCRIPTION
1	-1.000000e+00	1.077977e-01	1.000000e+00	1.000000e-01	CONTROL 1 PHASE 1
2	-1.000000e+00	1.260391e-01	1.000000e+00	1.000000e-01	CONTROL 1 PHASE 1
3	-1.000000e+00	1.411409e-01	1.000000e+00	1.000000e-01	CONTROL 1 PHASE 1
4	-1.000000e+00	1.429088e-01	1.000000e+00	1.000000e-01	CONTROL 1 PHASE 1
5	-1.000000e+00	1.425981e-01	1.000000e+00	1.000000e-01	CONTROL 1 PHASE 1
6	-1.000000e+00	1.417125e-01	1.000000e+00	1.000000e-01	CONTROL 1 PHASE 1
7	-1.000000e+00	1.418293e-01	1.000000e+00	1.000000e-01	CONTROL 1 PHASE 1
8	-1.000000e+00	1.416875e-01	1.000000e+00	1.000000e-01	CONTROL 1 PHASE 1
9	-1.000000e+00	1.418253e-01	1.000000e+00	1.000000e-01	CONTROL 1 PHASE 1
10	-1.000000e+00	1.418016e-01	1.000000e+00	1.000000e-01	CONTROL 1 PHASE 1
11	-1.000000e+00	1.415836e-01	1.000000e+00	1.000000e-01	CONTROL 1 PHASE 1
12	-1.000000e+00	1.413903e-01	1.000000e+00	1.000000e-01	CONTROL 1 PHASE 1
13	-1.000000e+00	1.412638e-01	1.000000e+00	1.000000e-01	CONTROL 1 PHASE 1
14	-1.000000e+00	1.409210e-01	1.000000e+00	1.000000e-01	CONTROL 1 PHASE 1
15	-1.000000e+00	1.410492e-01	1.000000e+00	1.000000e-01	CONTROL 1 PHASE 1
16	-1.000000e+00	1.407211e-01	1.000000e+00	1.000000e-01	CONTROL 1 PHASE 1
17	-1.000000e+00	1.410362e-01	1.000000e+00	1.000000e-01	CONTROL 1 PHASE 1
18	-1.000000e+00	1.408486e-01	1.000000e+00	1.000000e-01	CONTROL 1 PHASE 1
19	-1.000000e+00	1.412312e-01	1.000000e+00	1.000000e-01	CONTROL 1 PHASE 1
20	-1.000000e+00	1.411868e-01	1.000000e+00	1.000000e-01	CONTROL 1 PHASE 1
21	-1.000000e+00	1.416073e-01	1.000000e+00	1.000000e-01	CONTROL 1 PHASE 1
22	-1.000000e+00	1.416553e-01	1.000000e+00	1.000000e-01	CONTROL 1 PHASE 1
23	-1.000000e+00	1.417793e-01	1.000000e+00	1.000000e-01	CONTROL 1 PHASE 1
24	-1.000000e+00	1.403963e-01	1.000000e+00	1.000000e-01	CONTROL 1 PHASE 1
25	-1.000000e+00	-4.864167e-01	1.000000e+00	1.000000e-01	CONTROL 1 PHASE 1
26	-1.000000e+00	-4.867026e-01	1.000000e+00	1.000000e-01	CONTROL 1 PHASE 1
27	-1.000000e+00	1.416779e-01	1.000000e+00	1.000000e-01	CONTROL 1 PHASE 1
28	-1.000000e+00	1.383504e-01	1.000000e+00	1.000000e-01	CONTROL 1 PHASE 1
29	-1.000000e+00	7.563703e-01	1.000000e+00	1.000000e-01	CONTROL 1 PHASE 1
30	-1.000000e+00	7.435867e-01	1.000000e+00	1.000000e-01	CONTROL 1 PHASE 1
31	-1.000000e+00	1.035890e-01	1.000000e+00	1.000000e-01	CONTROL 1 PHASE 1
32	-1.000000e+00	9.037638e-02	1.000000e+00	1.000000e-01	CONTROL 1 PHASE 1
33	-1.000000e+00	7.852672e-02	1.000000e+00	1.000000e-01	CONTROL 1 PHASE 1
34	-1.000000e+00	6.424870e-02	1.000000e+00	1.000000e-01	CONTROL 1 PHASE 1
35	-1.000000e+00	-5.724875e-01	1.000000e+00	1.000000e-01	CONTROL 1 PHASE 1
36	-1.000000e+00	-5.726277e-01	1.000000e+00	1.000000e-01	CONTROL 1 PHASE 1
37	-1.000000e+00	5.530934e-02	1.000000e+00	1.000000e-01	CONTROL 1 PHASE 1
38	-1.000000e+00	5.613825e-02	1.000000e+00	1.000000e-01	CONTROL 1 PHASE 1
39	-1.000000e+00	5.591748e-02	1.000000e+00	1.000000e-01	CONTROL 1 PHASE 1
40	-1.000000e+00	5.670847e-02	1.000000e+00	1.000000e-01	CONTROL 1 PHASE 1
41	-1.000000e+00	-5.718598e-01	1.000000e+00	1.000000e-01	CONTROL 1 PHASE 1
42	-1.000000e+00	-5.728817e-01	1.000000e+00	1.000000e-01	CONTROL 1 PHASE 1
43	-1.000000e+00	5.633052e-02	1.000000e+00	1.000000e-01	CONTROL 1 PHASE 1
44	-1.000000e+00	5.618926e-02	1.000000e+00	1.000000e-01	CONTROL 1 PHASE 1
45	-1.000000e+00	5.678158e-02	1.000000e+00	1.000000e-01	CONTROL 1 PHASE 1
46	-1.000000e+00	5.626325e-02	1.000000e+00	1.000000e-01	CONTROL 1 PHASE 1
47	-1.000000e+00	5.683433e-02	1.000000e+00	1.000000e-01	CONTROL 1 PHASE 1
48	-1.000000e+00	5.630485e-02	1.000000e+00	1.000000e-01	CONTROL 1 PHASE 1
49	-1.000000e+00	5.684595e-02	1.000000e+00	1.000000e-01	CONTROL 1 PHASE 1
50	-1.000000e+00	5.637116e-02	1.000000e+00	1.000000e-01	CONTROL 1 PHASE 1
51	-1.000000e+00	5.683430e-02	1.000000e+00	1.000000e-01	CONTROL 1 PHASE 1
52	-1.000000e+00	5.636608e-02	1.000000e+00	1.000000e-01	CONTROL 1 PHASE 1
53	-1.000000e+00	5.679624e-02	1.000000e+00	1.000000e-01	CONTROL 1 PHASE 1
54	-1.000000e+00	5.616729e-02	1.000000e+00	1.000000e-01	CONTROL 1 PHASE 1
55	-1.000000e+00	5.683140e-02	1.000000e+00	1.000000e-01	CONTROL 1 PHASE 1
56	-1.000000e+00	5.590692e-02	1.000000e+00	1.000000e-01	CONTROL 1 PHASE 1
57	-1.000000e+00	6.194267e-02	1.000000e+00	1.000000e-01	CONTROL 1 PHASE 1
58	-1.000000e+00	7.352447e-02	1.000000e+00	1.000000e-01	CONTROL 1 PHASE 1
59	-1.000000e+00	8.307679e-02	1.000000e+00	1.000000e-01	CONTROL 1 PHASE 1
60	-1.000000e+00	9.306139e-02	1.000000e+00	1.000000e-01	CONTROL 1 PHASE 1
61	-1.000000e+00	1.025927e-01	1.000000e+00	1.000000e-01	CONTROL 1 PHASE 1
62	-1.000000e+00	1.103865e-01	1.000000e+00	1.000000e-01	CONTROL 1 PHASE 1
63	-1.000000e+00	1.129777e-01	1.000000e+00	1.000000e-01	CONTROL 1 PHASE 1
64	-1.000000e+00	1.122916e-01	1.000000e+00	1.000000e-01	CONTROL 1 PHASE 1
65	-1.000000e+00	-5.151667e-01	1.000000e+00	1.000000e-01	CONTROL 1 PHASE 1
66	-1.000000e+00	-5.161134e-01	1.000000e+00	1.000000e-01	CONTROL 1 PHASE 1
67	-1.000000e+00	1.110636e-01	1.000000e+00	1.000000e-01	CONTROL 1 PHASE 1
68	-1.000000e+00	1.115692e-01	1.000000e+00	1.000000e-01	CONTROL 1 PHASE 1
69	-1.000000e+00	1.121709e-01	1.000000e+00	1.000000e-01	CONTROL 1 PHASE 1
70	-1.000000e+00	1.116286e-01	1.000000e+00	1.000000e-01	CONTROL 1 PHASE 1
71	-1.000000e+00	1.121760e-01	1.000000e+00	1.000000e-01	CONTROL 1 PHASE 1
72	-1.000000e+00	1.128862e-01	1.000000e+00	1.000000e-01	CONTROL 1 PHASE 1
73	-1.000000e+00	1.128682e-01	1.000000e+00	1.000000e-01	CONTROL 1 PHASE 1
74	-1.000000e+00	1.131985e-01	1.000000e+00	1.000000e-01	CONTROL 1 PHASE 1
75	-1.000000e+00	1.126431e-01	1.000000e+00	1.000000e-01	CONTROL 1 PHASE 1
76	-1.000000e+00	1.118114e-01	1.000000e+00	1.000000e-01	CONTROL 1 PHASE 1
77	-1.000000e+00	-5.225737e-01	1.000000e+00	1.000000e-01	CONTROL 1 PHASE 1
78	-1.000000e+00	-5.185418e-01	1.000000e+00	1.000000e-01	CONTROL 1 PHASE 1
79	-1.000000e+00	9.115614e-02	1.000000e+00	1.000000e-01	CONTROL 1 PHASE 1
80	-1.000000e+00	1.085529e-01	1.000000e+00	1.000000e-01	CONTROL 1 PHASE 1
81	0.000000e+00	4.087365e-37	1.000000e+00	5.000000e-01	STATE 1 PHASE 1
82	0.000000e+00	5.479383e-37	1.000000e+00	5.000000e-01	STATE 2 PHASE 1
83	0.000000e+00	2.368719e-04	1.000000e+00	5.000000e-01	STATE 1 PHASE 1
84	0.000000e+00	5.723398e-04	1.000000e+00	5.000000e-01	STATE 2 PHASE 1
85	0.000000e+00	5.466347e-04	1.000000e+00	5.000000e-01	STATE 1 PHASE 1
86	0.000000e+00	1.998211e-03	1.000000e+00	5.000000e-01	STATE 2 PHASE 1
87	0.000000e+00	8.764999e-04	1.000000e+00	5.000000e-01	STATE 1 PHASE 1
88	0.000000e+00	4.263239e-03	1.000000e+00	5.000000e-01	STATE 2 PHASE 1
89	0.000000e+00	1.321029e-03	1.000000e+00	5.000000e-01	STATE 1 PHASE 1
90	0.000000e+00	7.351802e-03	1.000000e+00	5.000000e-01	STATE 2 PHASE 1
91	0.000000e+00	1.908586e-03	1.000000e+00	5.000000e-01	STATE 1 PHASE 1
92	0.000000e+00	1.124728e-02	1.000000e+00	5.000000e-01	STATE 2 PHASE 1
93	0.000000e+00	2.636382e-03	1.000000e+00	5.000000e-01	STATE 1 PHASE 1
94	0.000000e+00	1.595118e-02	1.000000e+00	5.000000e-01	STATE 2 PHASE 1
95	0.000000e+00	3.484961e-03	1.000000e+00	5.000000e-01	STATE 1 PHASE 1
96	0.000000e+00	2.145179e-02	1.000000e+00	5.000000e-01	STATE 2 PHASE 1
97	0.000000e+00	4.458111e-03	1.000000e+00	5.000000e-01	STATE 1 PHASE 1
98	0.000000e+00	2.774667e-02	1.000000e+00	5.000000e-01	STATE 2 PHASE 1
99	0.000000e+00	5.545483e-03	1.000000e+00	5.000000e-01	STATE 1 PHASE 1
100	0.000000e+00	3.482055e-02	1.000000e+00	5.000000e-01	STATE 2 PHASE 1
101	0.000000e+00	6.759937e-03	1.000000e+00	5.000000e-01	STATE 1 PHASE 1
102	0.000000e+00	4.266688e-02	1.000000e+00	5.000000e-01	STATE 2 PHASE 1
103	0.000000e+00	8.116140e-03	1.000000e+00	5.000000e-01	STATE 1 PHASE 1
104	0.000000e+00	5.126407e-02	1.000000e+00	5.000000e-01	STATE 2 PHASE 1
105	0.000000e+00	9.593964e-03	1.000000e+00	5.000000e-01	STATE 1 PHASE 1
106	0.000000e+00	6.060828e-02	1.000000e+00	5.000000e-01	STATE 2 PHASE 1
107	0.000000e+00	1.122492e-02	1.000000e+00	5.000000e-01	STATE 1 PHASE 1
108	0.000000e+00	7.067264e-02	1.000000e+00	5.000000e-01	STATE 2 PHASE 1
109	0.000000e+00	1.296864e-02	1.000000e+00	5.000000e-01	STATE 1 PHASE 1
110	0.000000e+00	8.145445e-02	1.000000e+00	5.000000e-01	STATE 2 PHASE 1
111	0.000000e+00	1.484984e-02	1.000000e+00	5.000000e-01	STATE 1 PHASE 1
112	0.000000e+00	9.292531e-02	1.000000e+00	5.000000e-01	STATE 2 PHASE 1
113	0.000000e+00	1.683193e-02	1.000000e+00	5.000000e-01	STATE 1 PHASE 1
114	0.000000e+00	1.050801e-01	1.000000e+00	5.000000e-01	STATE 2 PHASE 1
115	0.000000e+00	1.892217e-02	1.000000e+00	5.000000e-01	STATE 1 PHASE 1
116	0.000000e+00	1.178906e-01	1.000000e+00	5.000000e-01	STATE 2 PHASE 1
117	0.000000e+00	2.109581e-02	1.000000e+00	5.000000e-01	STATE 1 PHASE 1
118	0.000000e+00	1.313482e-01	1.000000e+00	5.000000e-01	STATE 2 PHASE 1
119	0.000000e+00	2.335360e-02	1.000000e+00	5.000000e-01	STATE 1 PHASE 1
120	0.000000e+00	1.454228e-01	1.000000e+00	5.000000e-01	STATE 2 PHASE 1
121	0.000000e+00	2.566911e-02	1.000000e+00	5.000000e-01	STATE 1 PHASE 1
122	0.000000e+00	1.601050e-01	1.000000e+00	5.000000e-01	STATE 2 PHASE 1
123	0.000000e+00	2.805416e-02	1.000000e+00	5.000000e-01	STATE 1 PHASE 1
124	0.000000e+00	1.753597e-01	1.000000e+00	5.000000e-01	STATE 2 PHASE 1
125	0.000000e+00	3.047693e-02	1.000000e+00	5.000000e-01	STATE 1 PHASE 1
126	0.000000e+00	1.911781e-01	1.000000e+00	5.000000e-01	STATE 2 PHASE 1
127	0.000000e+00	3.312727e-02	1.000000e+00	5.000000e-01	STATE 1 PHASE 1
128	0.000000e+00	2.074929e-01	1.000000e+00	5.000000e-01	STATE 2 PHASE 1
129	0.000000e+00	3.585017e-02	1.000000e+00	5.000000e-01	STATE 1 PHASE 1
130	0.000000e+00	2.243155e-01	1.000000e+00	5.000000e-01	STATE 2 PHASE 1
131	0.000000e+00	3.848820e-02	1.000000e+00	5.000000e-01	STATE 1 PHASE 1
132	0.000000e+00	2.416305e-01	1.000000e+00	5.000000e-01	STATE 2 PHASE 1
133	0.000000e+00	4.126818e-02	1.000000e+00	5.000000e-01	STATE 1 PHASE 1
134	0.000000e+00	2.593895e-01	1.000000e+00	5.000000e-01	STATE 2 PHASE 1
135	0.000000e+00	4.427929e-02	1.000000e+00	5.000000e-01	STATE 1 PHASE 1
136	0.000000e+00	2.775305e-01	1.000000e+00	5.000000e-01	STATE 2 PHASE 1
137	0.000000e+00	4.864500e-02	1.000000e+00	5.000000e-01	STATE 1 PHASE 1
138	0.000000e+00	2.958058e-01	1.000000e+00	5.000000e-01	STATE 2 PHASE 1
139	0.000000e+00	5.529515e-02	1.000000e+00	5.000000e-01	STATE 1 PHASE 1
140	0.000000e+00	3.137483e-01	1.000000e+00	5.000000e-01	STATE 2 PHASE 1
141	0.000000e+00	6.423373e-02	1.000000e+00	5.000000e-01	STATE 1 PHASE 1
142	0.000000e+00	3.310717e-01	1.000000e+00	5.000000e-01	STATE 2 PHASE 1
143	0.000000e+00	7.541118e-02	1.000000e+00	5.000000e-01	STATE 1 PHASE 1
144	0.000000e+00	3.473820e-01	1.000000e+00	5.000000e-01	STATE 2 PHASE 1
145	0.000000e+00	8.875221e-02	1.000000e+00	5.000000e-01	STATE 1 PHASE 1
146	0.000000e+00	3.623861e-01	1.000000e+00	5.000000e-01	STATE 2 PHASE 1
147	0.000000e+00	1.040630e-01	1.000000e+00	5.000000e-01	STATE 1 PHASE 1
148	0.000000e+00	3.756917e-01	1.000000e+00	5.000000e-01	STATE 2 PHASE 1
149	0.000000e+00	1.211324e-01	1.000000e+00	5.000000e-01	STATE 1 PHASE 1
150	0.000000e+00	3.871222e-01	1.000000e+00	5.000000e-01	STATE 2 PHASE 1
151	0.000000e+00	1.387083e-01	1.000000e+00	5.000000e-01	STATE 1 PHASE 1
152	0.000000e+00	3.980434e-01	1.000000e+00	5.000000e-01	STATE 2 PHASE 1
153	0.000000e+00	1.564526e-01	1.000000e+00	5.000000e-01	STATE 1 PHASE 1
154	0.000000e+00	4.090383e-01	1.000000e+00	5.000000e-01	STATE 2 PHASE 1
155	0.000000e+00	1.742438e-01	1.000000e+00	5.000000e-01	STATE 1 PHASE 1
156	0.000000e+00	4.201165e-01	1.000000e+00	5.000000e-01	STATE 2 PHASE 1
157	0.000000e+00	1.920833e-01	1.000000e+00	5.000000e-01	STATE 1 PHASE 1
158	0.000000e+00	4.313271e-01	1.000000e+00	5.000000e-01	STATE 2 PHASE 1
159	0.000000e+00	2.099344e-01	1.000000e+00	5.000000e-01	STATE 1 PHASE 1
160	0.000000e+00	4.425613e-01	1.000000e+00	5.000000e-01	STATE 2 PHASE 1
161	0.000000e+00	2.277437e-01	1.000000e+00	5.000000e-01	STATE 1 PHASE 1
162	0.000000e+00	4.539408e-01	1.000000e+00	5.000000e-01	STATE 2 PHASE 1
163	0.000000e+00	2.456445e-01	1.000000e+00	5.000000e-01	STATE 1 PHASE 1
164	0.000000e+00	4.650978e-01	1.000000e+00	5.000000e-01	STATE 2 PHASE 1
165	0.000000e+00	2.635024e-01	1.000000e+00	5.000000e-01	STATE 1 PHASE 1
166	0.000000e+00	4.762744e-01	1.000000e+00	5.000000e-01	STATE 2 PHASE 1
167	0.000000e+00	2.812356e-01	1.000000e+00	5.000000e-01	STATE 1 PHASE 1
168	0.000000e+00	4.874523e-01	1.000000e+00	5.000000e-01	STATE 2 PHASE 1
169	0.000000e+00	2.988592e-01	1.000000e+00	5.000000e-01	STATE 1 PHASE 1
170	0.000000e+00	4.986298e-01	1.000000e+00	5.000000e-01	STATE 2 PHASE 1
171	0.000000e+00	3.163395e-01	1.000000e+00	5.000000e-01	STATE 1 PHASE 1
172	0.000000e+00	5.097165e-01	1.000000e+00	5.000000e-01	STATE 2 PHASE 1
173	0.000000e+00	3.336857e-01	1.000000e+00	5.000000e-01	STATE 1 PHASE 1
174	0.000000e+00	5.207194e-01	1.000000e+00	5.000000e-01	STATE 2 PHASE 1
175	0.000000e+00	3.508250e-01	1.000000e+00	5.000000e-01	STATE 1 PHASE 1
176	0.000000e+00	5.316123e-01	1.000000e+00	5.000000e-01	STATE 2 PHASE 1
177	0.000000e+00	3.677881e-01	1.000000e+00	5.000000e-01	STATE 1 PHASE 1
178	0.000000e+00	5.423681e-01	1.000000e+00	5.000000e-01	STATE 2 PHASE 1
179	0.000000e+00	3.844815e-01	1.000000e+00	5.000000e-01	STATE 1 PHASE 1
180	0.000000e+00	5.529952e-01	1.000000e+00	5.000000e-01	STATE 2 PHASE 1
181	0.000000e+00	4.009534e-01	1.000000e+00	5.000000e-01	STATE 1 PHASE 1
182	0.000000e+00	5.634406e-01	1.000000e+00	5.000000e-01	STATE 2 PHASE 1
183	0.000000e+00	4.171040e-01	1.000000e+00	5.000000e-01	STATE 1 PHASE 1
184	0.000000e+00	5.737237e-01	1.000000e+00	5.000000e-01	STATE 2 PHASE 1
185	0.000000e+00	4.329854e-01	1.000000e+00	5.000000e-01	STATE 1 PHASE 1
186	0.000000e+00	5.837886e-01	1.000000e+00	5.000000e-01	STATE 2 PHASE 1
187	0.000000e+00	4.485037e-01	1.000000e+00	5.000000e-01	STATE 1 PHASE 1
188	0.000000e+00	5.936447e-01	1.000000e+00	5.000000e-01	STATE 2 PHASE 1
189	0.000000e+00	4.637035e-01	1.000000e+00	5.000000e-01	STATE 1 PHASE 1
190	0.000000e+00	6.032547e-01	1.000000e+00	5.000000e-01	STATE 2 PHASE 1
191	0.000000e+00	4.784903e-01	1.000000e+00	5.000000e-01	STATE 1 PHASE 1
192	0.000000e+00	6.126238e-01	1.000000e+00	5.000000e-01	STATE 2 PHASE 1
193	0.000000e+00	4.927650e-01	1.000000e+00	5.000000e-01	STATE 1 PHASE 1
194	0.000000e+00	6.219454e-01	1.000000e+00	5.000000e-01	STATE 2 PHASE 1
195	0.000000e+00	5.056130e-01	1.000000e+00	5.000000e-01	STATE 1 PHASE 1
196	0.000000e+00	6.323202e-01	1.000000e+00	5.000000e-01	STATE 2 PHASE 1
197	0.000000e+00	5.169655e-01	1.000000e+00	5.000000e-01	STATE 1 PHASE 1
198	0.000000e+00	6.435932e-01	1.000000e+00	5.000000e-01	STATE 2 PHASE 1
199	0.000000e+00	5.267804e-01	1.000000e+00	5.000000e-01	STATE 1 PHASE 1
200	0.000000e+00	6.555047e-01	1.000000e+00	5.000000e-01	STATE 2 PHASE 1
201	0.000000e+00	5.350909e-01	1.000000e+00	5.000000e-01	STATE 1 PHASE 1
202	0.000000e+00	6.678178e-01	1.000000e+00	5.000000e-01	STATE 2 PHASE 1
203	0.000000e+00	5.419476e-01	1.000000e+00	5.000000e-01	STATE 1 PHASE 1
204	0.000000e+00	6.803162e-01	1.000000e+00	5.000000e-01	STATE 2 PHASE 1
205	0.000000e+00	5.478827e-01	1.000000e+00	5.000000e-01	STATE 1 PHASE 1
206	0.000000e+00	6.925814e-01	1.000000e+00	5.000000e-01	STATE 2 PHASE 1
207	0.000000e+00	5.534481e-01	1.000000e+00	5.000000e-01	STATE 1 PHASE 1
208	0.000000e+00	7.043142e-01	1.000000e+00	5.000000e-01	STATE 2 PHASE 1
209	0.000000e+00	5.587594e-01	1.000000e+00	5.000000e-01	STATE 1 PHASE 1
210	0.000000e+00	7.154186e-01	1.000000e+00	5.000000e-01	STATE 2 PHASE 1
211	0.000000e+00	5.637077e-01	1.000000e+00	5.000000e-01	STATE 1 PHASE 1
212	0.000000e+00	7.259435e-01	1.000000e+00	5.000000e-01	STATE 2 PHASE 1
213	0.000000e+00	5.685398e-01	1.000000e+00	5.000000e-01	STATE 1 PHASE 1
214	0.000000e+00	7.357323e-01	1.000000e+00	5.000000e-01	STATE 2 PHASE 1
215	0.000000e+00	5.730283e-01	1.000000e+00	5.000000e-01	STATE 1 PHASE 1
216	0.000000e+00	7.448926e-01	1.000000e+00	5.000000e-01	STATE 2 PHASE 1
217	0.000000e+00	5.771801e-01	1.000000e+00	5.000000e-01	STATE 1 PHASE 1
218	0.000000e+00	7.533873e-01	1.000000e+00	5.000000e-01	STATE 2 PHASE 1
219	0.000000e+00	5.809498e-01	1.000000e+00	5.000000e-01	STATE 1 PHASE 1
220	0.000000e+00	7.612380e-01	1.000000e+00	5.000000e-01	STATE 2 PHASE 1
221	0.000000e+00	5.844555e-01	1.000000e+00	5.000000e-01	STATE 1 PHASE 1
222	0.000000e+00	7.683561e-01	1.000000e+00	5.000000e-01	STATE 2 PHASE 1
223	0.000000e+00	5.875021e-01	1.000000e+00	5.000000e-01	STATE 1 PHASE 1
224	0.000000e+00	7.748387e-01	1.000000e+00	5.000000e-01	STATE 2 PHASE 1
225	0.000000e+00	5.902614e-01	1.000000e+00	5.000000e-01	STATE 1 PHASE 1
226	0.000000e+00	7.805731e-01	1.000000e+00	5.000000e-01	STATE 2 PHASE 1
227	0.000000e+00	5.925970e-01	1.000000e+00	5.000000e-01	STATE 1 PHASE 1
228	0.000000e+00	7.856322e-01	1.000000e+00	5.000000e-01	STATE 2 PHASE 1
229	0.000000e+00	5.946692e-01	1.000000e+00	5.000000e-01	STATE 1 PHASE 1
230	0.000000e+00	7.899101e-01	1.000000e+00	5.000000e-01	STATE 2 PHASE 1
231	0.000000e+00	5.963257e-01	1.000000e+00	5.000000e-01	STATE 1 PHASE 1
232	0.000000e+00	7.934928e-01	1.000000e+00	5.000000e-01	STATE 2 PHASE 1
233	0.000000e+00	5.978144e-01	1.000000e+00	5.000000e-01	STATE 1 PHASE 1
234	0.000000e+00	7.962277e-01	1.000000e+00	5.000000e-01	STATE 2 PHASE 1
235	0.000000e+00	5.988672e-01	1.000000e+00	5.000000e-01	STATE 1 PHASE 1
236	0.000000e+00	7.982667e-01	1.000000e+00	5.000000e-01	STATE 2 PHASE 1
237	0.000000e+00	5.996444e-01	1.000000e+00	5.000000e-01	STATE 1 PHASE 1
238	0.000000e+00	7.994932e-01	1.000000e+00	5.000000e-01	STATE 2 PHASE 1
239	0.000000e+00	6.000000e-01	1.000000e+00	5.000000e-01	STATE 1 PHASE 1
240	0.000000e+00	8.000000e-01	1.000000e+00	5.000000e-01	STATE 2 PHASE 1
241	0.000000e+00	0.000000e+00	0.000000e+00	1.000000e+00	t0 PHASE 1
242	1.000000e+00	1.000000e+00	1.000000e+00	1.000000e+00	tf PHASE 1