
***** Phase 1 differential defect constraints *****
LOWER		G(X)		UPPER		SCALING
0.000000e+00	2.220446e-16	0.000000e+00	5.000000e-01 ***
0.000000e+00	8.881784e-16	0.000000e+00	5.000000e-01 ***
0.000000e+00	-1.110223e-16	0.000000e+00	5.000000e-01 ***
0.000000e+00	-1.776357e-13	0.000000e+00	5.000000e-01 ***
0.000000e+00	-2.775558e-17	0.000000e+00	5.000000e-01 ***
0.000000e+00	-3.188561e-13	0.000000e+00	5.000000e-01 ***
0.000000e+00	1.387779e-16	0.000000e+00	5.000000e-01 ***
0.000000e+00	-1.643130e-13	0.000000e+00	5.000000e-01 ***
0.000000e+00	-8.326673e-17	0.000000e+00	5.000000e-01 ***
0.000000e+00	-9.525714e-13	0.000000e+00	5.000000e-01 ***
0.000000e+00	-1.665335e-16	0.000000e+00	5.000000e-01 ***
0.000000e+00	-5.964118e-13	0.000000e+00	5.000000e-01 ***
0.000000e+00	1.110223e-16	0.000000e+00	5.000000e-01 ***
0.000000e+00	-8.348877e-13	0.000000e+00	5.000000e-01 ***
0.000000e+00	1.526557e-16	0.000000e+00	5.000000e-01 ***
0.000000e+00	-1.231015e-12	0.000000e+00	5.000000e-01 ***
0.000000e+00	-6.938894e-17	0.000000e+00	5.000000e-01 ***
0.000000e+00	-5.373479e-14	0.000000e+00	5.000000e-01 ***
0.000000e+00	-4.857226e-17	0.000000e+00	5.000000e-01 ***
0.000000e+00	-1.510791e-12	0.000000e+00	5.000000e-01 ***
0.000000e+00	7.632783e-17	0.000000e+00	5.000000e-01 ***
0.000000e+00	-1.037725e-12	0.000000e+00	5.000000e-01 ***
0.000000e+00	6.938894e-17	0.000000e+00	5.000000e-01 ***
0.000000e+00	-4.550804e-13	0.000000e+00	5.000000e-01 ***
0.000000e+00	9.714451e-17	0.000000e+00	5.000000e-01 ***
0.000000e+00	-5.459522e-13	0.000000e+00	5.000000e-01 ***
0.000000e+00	1.127570e-17	0.000000e+00	5.000000e-01 ***
0.000000e+00	-3.766432e-14	0.000000e+00	5.000000e-01 ***
0.000000e+00	4.683753e-17	0.000000e+00	5.000000e-01 ***
0.000000e+00	7.825685e-14	0.000000e+00	5.000000e-01 ***
0.000000e+00	-1.214306e-17	0.000000e+00	5.000000e-01 ***
0.000000e+00	-1.315614e-14	0.000000e+00	5.000000e-01 ***
0.000000e+00	3.816392e-17	0.000000e+00	5.000000e-01 ***
0.000000e+00	-6.444845e-13	0.000000e+00	5.000000e-01 ***
0.000000e+00	6.938894e-17	0.000000e+00	5.000000e-01 ***
0.000000e+00	-1.448397e-12	0.000000e+00	5.000000e-01 ***
0.000000e+00	-1.318390e-16	0.000000e+00	5.000000e-01 ***
0.000000e+00	-3.611555e-13	0.000000e+00	5.000000e-01 ***
0.000000e+00	-1.942890e-16	0.000000e+00	5.000000e-01 ***
0.000000e+00	-1.449507e-12	0.000000e+00	5.000000e-01 ***
0.000000e+00	-5.551115e-17	0.000000e+00	5.000000e-01 ***
0.000000e+00	-1.149969e-12	0.000000e+00	5.000000e-01 ***
0.000000e+00	-4.163336e-17	0.000000e+00	5.000000e-01 ***
0.000000e+00	-1.953993e-14	0.000000e+00	5.000000e-01 ***
0.000000e+00	2.498002e-16	0.000000e+00	5.000000e-01 ***
0.000000e+00	1.451061e-13	0.000000e+00	5.000000e-01 ***
0.000000e+00	-4.163336e-17	0.000000e+00	5.000000e-01 ***
0.000000e+00	8.831824e-14	0.000000e+00	5.000000e-01 ***
0.000000e+00	-1.804112e-16	0.000000e+00	5.000000e-01 ***
0.000000e+00	3.251566e-14	0.000000e+00	5.000000e-01 ***
0.000000e+00	4.163336e-17	0.000000e+00	5.000000e-01 ***
0.000000e+00	-1.102174e-13	0.000000e+00	5.000000e-01 ***
0.000000e+00	6.938894e-17	0.000000e+00	5.000000e-01 ***
0.000000e+00	-1.799116e-13	0.000000e+00	5.000000e-01 ***
0.000000e+00	6.938894e-17	0.000000e+00	5.000000e-01 ***
0.000000e+00	-4.286016e-13	0.000000e+00	5.000000e-01 ***
0.000000e+00	5.551115e-17	0.000000e+00	5.000000e-01 ***
0.000000e+00	-8.909540e-14	0.000000e+00	5.000000e-01 ***
0.000000e+00	-9.714451e-17	0.000000e+00	5.000000e-01 ***
0.000000e+00	1.294298e-12	0.000000e+00	5.000000e-01 ***
0.000000e+00	5.273559e-16	0.000000e+00	5.000000e-01 ***
0.000000e+00	1.649791e-12	0.000000e+00	5.000000e-01 ***
0.000000e+00	9.020562e-17	0.000000e+00	5.000000e-01 ***
0.000000e+00	2.848832e-13	0.000000e+00	5.000000e-01 ***
0.000000e+00	1.838807e-16	0.000000e+00	5.000000e-01 ***
0.000000e+00	9.361401e-13	0.000000e+00	5.000000e-01 ***
0.000000e+00	1.040834e-16	0.000000e+00	5.000000e-01 ***
0.000000e+00	2.897682e-13	0.000000e+00	5.000000e-01 ***
0.000000e+00	-4.015885e-16	0.000000e+00	5.000000e-01 ***
0.000000e+00	-6.427636e-13	0.000000e+00	5.000000e-01 ***
0.000000e+00	4.302114e-16	0.000000e+00	5.000000e-01 ***
0.000000e+00	-8.058831e-13	0.000000e+00	5.000000e-01 ***
0.000000e+00	1.054929e-16	0.000000e+00	5.000000e-01 ***
0.000000e+00	-8.451573e-15	0.000000e+00	5.000000e-01 ***
0.000000e+00	-1.530893e-16	0.000000e+00	5.000000e-01 ***
0.000000e+00	3.004541e-14	0.000000e+00	5.000000e-01 ***
0.000000e+00	-3.872770e-16	0.000000e+00	5.000000e-01 ***
0.000000e+00	4.645243e-14	0.000000e+00	5.000000e-01 ***
0.000000e+00	7.546047e-17	0.000000e+00	5.000000e-01 ***
0.000000e+00	-1.653157e-13	0.000000e+00	5.000000e-01 ***
0.000000e+00	4.644722e-16	0.000000e+00	5.000000e-01 ***
0.000000e+00	-2.963086e-13	0.000000e+00	5.000000e-01 ***
0.000000e+00	-5.195497e-16	0.000000e+00	5.000000e-01 ***
0.000000e+00	-1.115427e-14	0.000000e+00	5.000000e-01 ***
0.000000e+00	2.949030e-16	0.000000e+00	5.000000e-01 ***
0.000000e+00	9.735702e-14	0.000000e+00	5.000000e-01 ***
0.000000e+00	2.667137e-16	0.000000e+00	5.000000e-01 ***
0.000000e+00	1.281579e-13	0.000000e+00	5.000000e-01 ***
0.000000e+00	1.225148e-15	0.000000e+00	5.000000e-01 ***
0.000000e+00	9.985936e-15	0.000000e+00	5.000000e-01 ***
0.000000e+00	-3.651593e-16	0.000000e+00	5.000000e-01 ***
0.000000e+00	-9.971537e-14	0.000000e+00	5.000000e-01 ***
0.000000e+00	-1.163999e-15	0.000000e+00	5.000000e-01 ***
0.000000e+00	-4.107392e-14	0.000000e+00	5.000000e-01 ***
0.000000e+00	-2.337540e-16	0.000000e+00	5.000000e-01 ***
0.000000e+00	-3.231903e-13	0.000000e+00	5.000000e-01 ***
0.000000e+00	-2.120266e-15	0.000000e+00	5.000000e-01 ***
0.000000e+00	-1.943792e-13	0.000000e+00	5.000000e-01 ***
0.000000e+00	1.249391e-14	0.000000e+00	5.000000e-01 ***
0.000000e+00	-1.328798e-15	0.000000e+00	5.000000e-01 ***
***** Phase 1 path constraints *****
LOWER		G(X)		UPPER		SCALING
-1.212678e+01	-3.031695e-01	0.000000e+00	1.212678e-01
-1.217820e+01	-3.001106e-01	0.000000e+00	1.217820e-01
-1.230011e+01	-2.930834e-01	0.000000e+00	1.230011e-01
-1.249446e+01	-2.824648e-01	0.000000e+00	1.249446e-01
-1.276498e+01	-2.687379e-01	0.000000e+00	1.276498e-01
-1.311696e+01	-2.524649e-01	0.000000e+00	1.311696e-01
-1.355738e+01	-2.342400e-01	0.000000e+00	1.355738e-01
-1.409512e+01	-2.145986e-01	0.000000e+00	1.409512e-01
-1.474125e+01	-1.939477e-01	0.000000e+00	1.474125e-01
-1.550931e+01	-1.726477e-01	0.000000e+00	1.550931e-01
-1.641567e+01	-1.507863e-01	0.000000e+00	1.641567e-01
-1.747993e+01	-1.285640e-01	0.000000e+00	1.747993e-01
-1.872523e+01	-1.058656e-01	0.000000e+00	1.872523e-01
-2.017849e+01	-8.297191e-02	0.000000e+00	2.017849e-01
-2.187028e+01	-5.994033e-02	0.000000e+00	2.187028e-01
-2.383402e+01	-3.783148e-02	0.000000e+00	2.383402e-01
-2.610371e+01	-1.789993e-02	0.000000e+00	2.610371e-01
-2.870906e+01	-4.046115e-03	0.000000e+00	2.870906e-01
-3.166590e+01	7.281620e-09	0.000000e+00	3.166590e-01 ***
-3.495866e+01	8.660140e-09	0.000000e+00	3.495866e-01 ***
-3.851157e+01	8.252995e-09	0.000000e+00	3.851157e-01 ***
-4.214841e+01	8.702004e-09	0.000000e+00	4.214841e-01 ***
-4.555318e+01	8.359142e-09	0.000000e+00	4.555318e-01 ***
-4.827008e+01	8.681865e-09	0.000000e+00	4.827008e-01 ***
-4.979961e+01	8.284867e-09	0.000000e+00	4.979961e-01 ***
-4.979961e+01	8.659792e-09	0.000000e+00	4.979961e-01 ***
-4.827008e+01	8.220577e-09	0.000000e+00	4.827008e-01 ***
-4.555318e+01	8.668127e-09	0.000000e+00	4.555318e-01 ***
-4.214841e+01	8.129303e-09	0.000000e+00	4.214841e-01 ***
-3.851157e+01	8.576454e-09	0.000000e+00	3.851157e-01 ***
-3.495866e+01	8.077524e-09	0.000000e+00	3.495866e-01 ***
-3.166590e+01	6.730010e-09	0.000000e+00	3.166590e-01 ***
-2.870906e+01	-6.886644e-03	0.000000e+00	2.870906e-01
-2.610370e+01	-2.208043e-02	0.000000e+00	2.610370e-01
-2.383402e+01	-4.061590e-02	0.000000e+00	2.383402e-01
-2.187028e+01	-5.997755e-02	0.000000e+00	2.187028e-01
-2.017849e+01	-7.840277e-02	0.000000e+00	2.017849e-01
-1.872523e+01	-9.546950e-02	0.000000e+00	1.872523e-01
-1.747993e+01	-1.106858e-01	0.000000e+00	1.747993e-01
-1.641567e+01	-1.241830e-01	0.000000e+00	1.641567e-01
-1.550931e+01	-1.358698e-01	0.000000e+00	1.550931e-01
-1.474125e+01	-1.459724e-01	0.000000e+00	1.474125e-01
-1.409512e+01	-1.545242e-01	0.000000e+00	1.409512e-01
-1.355738e+01	-1.617109e-01	0.000000e+00	1.355738e-01
-1.311696e+01	-1.676052e-01	0.000000e+00	1.311696e-01
-1.276498e+01	-1.723337e-01	0.000000e+00	1.276498e-01
-1.249445e+01	-1.759833e-01	0.000000e+00	1.249445e-01
-1.230011e+01	-1.785970e-01	0.000000e+00	1.230011e-01
-1.217820e+01	-1.802251e-01	0.000000e+00	1.217820e-01
-1.212678e+01	-1.808974e-01	0.000000e+00	1.212678e-01
***** Phase 1 event constraints *****
LOWER		G(X)		UPPER		SCALING
0.000000e+00	0.000000e+00	0.000000e+00	5.000000e-01
-5.000000e-01	-5.000000e-01	-5.000000e-01	5.000000e-01
***** Phase 1 tf >= t0 constraint *****
LOWER		G(X)		UPPER		SCALING
-7.071068e-01	-7.071068e-01	0.000000e+00	7.071068e-01
***** Phase linkage constraints *****
LOWER		G(X)		UPPER		SCALING
***** Scaled Decision Variables ******************************
J	LOWER		X(J)		UPPER		SCALING		DESCRIPTION
1	-1.000000e+00	7.502265e-01	1.000000e+00	5.000000e-02	CONTROL 1 PHASE 1
2	-1.000000e+00	7.341459e-01	1.000000e+00	5.000000e-02	CONTROL 1 PHASE 1
3	-1.000000e+00	6.961206e-01	1.000000e+00	5.000000e-02	CONTROL 1 PHASE 1
4	-1.000000e+00	6.438588e-01	1.000000e+00	5.000000e-02	CONTROL 1 PHASE 1
5	-1.000000e+00	5.785245e-01	1.000000e+00	5.000000e-02	CONTROL 1 PHASE 1
6	-1.000000e+00	5.064765e-01	1.000000e+00	5.000000e-02	CONTROL 1 PHASE 1
7	-1.000000e+00	4.294373e-01	1.000000e+00	5.000000e-02	CONTROL 1 PHASE 1
8	-1.000000e+00	3.558596e-01	1.000000e+00	5.000000e-02	CONTROL 1 PHASE 1
9	-1.000000e+00	2.847487e-01	1.000000e+00	5.000000e-02	CONTROL 1 PHASE 1
10	-1.000000e+00	2.221960e-01	1.000000e+00	5.000000e-02	CONTROL 1 PHASE 1
11	-1.000000e+00	1.663543e-01	1.000000e+00	5.000000e-02	CONTROL 1 PHASE 1
12	-1.000000e+00	1.185257e-01	1.000000e+00	5.000000e-02	CONTROL 1 PHASE 1
13	-1.000000e+00	7.766422e-02	1.000000e+00	5.000000e-02	CONTROL 1 PHASE 1
14	-1.000000e+00	4.040944e-02	1.000000e+00	5.000000e-02	CONTROL 1 PHASE 1
15	-1.000000e+00	7.464462e-03	1.000000e+00	5.000000e-02	CONTROL 1 PHASE 1
16	-1.000000e+00	-3.055061e-02	1.000000e+00	5.000000e-02	CONTROL 1 PHASE 1
17	-1.000000e+00	-6.904620e-02	1.000000e+00	5.000000e-02	CONTROL 1 PHASE 1
18	-1.000000e+00	-1.317243e-01	1.000000e+00	5.000000e-02	CONTROL 1 PHASE 1
19	-1.000000e+00	-1.654826e-01	1.000000e+00	5.000000e-02	CONTROL 1 PHASE 1
20	-1.000000e+00	-1.504379e-01	1.000000e+00	5.000000e-02	CONTROL 1 PHASE 1
21	-1.000000e+00	-1.298371e-01	1.000000e+00	5.000000e-02	CONTROL 1 PHASE 1
22	-1.000000e+00	-1.081768e-01	1.000000e+00	5.000000e-02	CONTROL 1 PHASE 1
23	-1.000000e+00	-8.579798e-02	1.000000e+00	5.000000e-02	CONTROL 1 PHASE 1
24	-1.000000e+00	-6.207486e-02	1.000000e+00	5.000000e-02	CONTROL 1 PHASE 1
25	-1.000000e+00	-3.759852e-02	1.000000e+00	5.000000e-02	CONTROL 1 PHASE 1
26	-1.000000e+00	-1.225552e-02	1.000000e+00	5.000000e-02	CONTROL 1 PHASE 1
27	-1.000000e+00	1.406040e-02	1.000000e+00	5.000000e-02	CONTROL 1 PHASE 1
28	-1.000000e+00	4.045113e-02	1.000000e+00	5.000000e-02	CONTROL 1 PHASE 1
29	-1.000000e+00	6.848905e-02	1.000000e+00	5.000000e-02	CONTROL 1 PHASE 1
30	-1.000000e+00	9.461179e-02	1.000000e+00	5.000000e-02	CONTROL 1 PHASE 1
31	-1.000000e+00	1.262041e-01	1.000000e+00	5.000000e-02	CONTROL 1 PHASE 1
32	-1.000000e+00	1.400419e-01	1.000000e+00	5.000000e-02	CONTROL 1 PHASE 1
33	-1.000000e+00	1.006876e-01	1.000000e+00	5.000000e-02	CONTROL 1 PHASE 1
34	-1.000000e+00	6.544439e-02	1.000000e+00	5.000000e-02	CONTROL 1 PHASE 1
35	-1.000000e+00	4.156631e-02	1.000000e+00	5.000000e-02	CONTROL 1 PHASE 1
36	-1.000000e+00	2.661159e-02	1.000000e+00	5.000000e-02	CONTROL 1 PHASE 1
37	-1.000000e+00	1.627105e-02	1.000000e+00	5.000000e-02	CONTROL 1 PHASE 1
38	-1.000000e+00	9.310975e-03	1.000000e+00	5.000000e-02	CONTROL 1 PHASE 1
39	-1.000000e+00	5.188885e-03	1.000000e+00	5.000000e-02	CONTROL 1 PHASE 1
40	-1.000000e+00	1.567352e-03	1.000000e+00	5.000000e-02	CONTROL 1 PHASE 1
41	-1.000000e+00	6.184780e-04	1.000000e+00	5.000000e-02	CONTROL 1 PHASE 1
42	-1.000000e+00	-1.631142e-03	1.000000e+00	5.000000e-02	CONTROL 1 PHASE 1
43	-1.000000e+00	-7.291677e-04	1.000000e+00	5.000000e-02	CONTROL 1 PHASE 1
44	-1.000000e+00	-2.347170e-03	1.000000e+00	5.000000e-02	CONTROL 1 PHASE 1
45	-1.000000e+00	-3.622167e-04	1.000000e+00	5.000000e-02	CONTROL 1 PHASE 1
46	-1.000000e+00	-2.284943e-03	1.000000e+00	5.000000e-02	CONTROL 1 PHASE 1
47	-1.000000e+00	-4.941538e-04	1.000000e+00	5.000000e-02	CONTROL 1 PHASE 1
48	-1.000000e+00	-7.006252e-04	1.000000e+00	5.000000e-02	CONTROL 1 PHASE 1
49	-1.000000e+00	3.982786e-03	1.000000e+00	5.000000e-02	CONTROL 1 PHASE 1
50	-1.000000e+00	5.706137e-03	1.000000e+00	5.000000e-02	CONTROL 1 PHASE 1
51	-1.000000e+00	0.000000e+00	1.000000e+00	5.000000e-01	STATE 1 PHASE 1
52	-1.000000e+00	-5.000000e-01	1.000000e+00	5.000000e-01	STATE 2 PHASE 1
53	-1.000000e+00	-7.397971e-04	1.000000e+00	5.000000e-01	STATE 1 PHASE 1
54	-1.000000e+00	-4.881440e-01	1.000000e+00	5.000000e-01	STATE 2 PHASE 1
55	-1.000000e+00	-2.408797e-03	1.000000e+00	5.000000e-01	STATE 1 PHASE 1
56	-1.000000e+00	-4.613405e-01	1.000000e+00	5.000000e-01	STATE 2 PHASE 1
57	-1.000000e+00	-4.841089e-03	1.000000e+00	5.000000e-01	STATE 1 PHASE 1
58	-1.000000e+00	-4.220139e-01	1.000000e+00	5.000000e-01	STATE 2 PHASE 1
59	-1.000000e+00	-7.812999e-03	1.000000e+00	5.000000e-01	STATE 1 PHASE 1
60	-1.000000e+00	-3.733619e-01	1.000000e+00	5.000000e-01	STATE 2 PHASE 1
61	-1.000000e+00	-1.106931e-02	1.000000e+00	5.000000e-01	STATE 1 PHASE 1
62	-1.000000e+00	-3.190610e-01	1.000000e+00	5.000000e-01	STATE 2 PHASE 1
63	-1.000000e+00	-1.435573e-02	1.000000e+00	5.000000e-01	STATE 1 PHASE 1
64	-1.000000e+00	-2.628862e-01	1.000000e+00	5.000000e-01	STATE 2 PHASE 1
65	-1.000000e+00	-1.744931e-02	1.000000e+00	5.000000e-01	STATE 1 PHASE 1
66	-1.000000e+00	-2.082006e-01	1.000000e+00	5.000000e-01	STATE 2 PHASE 1
67	-1.000000e+00	-2.017614e-02	1.000000e+00	5.000000e-01	STATE 1 PHASE 1
68	-1.000000e+00	-1.576103e-01	1.000000e+00	5.000000e-01	STATE 2 PHASE 1
69	-1.000000e+00	-2.242601e-02	1.000000e+00	5.000000e-01	STATE 1 PHASE 1
70	-1.000000e+00	-1.132091e-01	1.000000e+00	5.000000e-01	STATE 2 PHASE 1
71	-1.000000e+00	-2.414912e-02	1.000000e+00	5.000000e-01	STATE 1 PHASE 1
72	-1.000000e+00	-7.584456e-02	1.000000e+00	5.000000e-01	STATE 2 PHASE 1
73	-1.000000e+00	-2.535537e-02	1.000000e+00	5.000000e-01	STATE 1 PHASE 1
74	-1.000000e+00	-4.641522e-02	1.000000e+00	5.000000e-01	STATE 2 PHASE 1
75	-1.000000e+00	-2.610324e-02	1.000000e+00	5.000000e-01	STATE 1 PHASE 1
76	-1.000000e+00	-2.459325e-02	1.000000e+00	5.000000e-01	STATE 2 PHASE 1
77	-1.000000e+00	-2.649353e-02	1.000000e+00	5.000000e-01	STATE 1 PHASE 1
78	-1.000000e+00	-1.087800e-02	1.000000e+00	5.000000e-01	STATE 2 PHASE 1
79	-1.000000e+00	-2.666772e-02	1.000000e+00	5.000000e-01	STATE 1 PHASE 1
80	-1.000000e+00	-4.798520e-03	1.000000e+00	5.000000e-01	STATE 2 PHASE 1
81	-1.000000e+00	-2.680679e-02	1.000000e+00	5.000000e-01	STATE 1 PHASE 1
82	-1.000000e+00	-7.709126e-03	1.000000e+00	5.000000e-01	STATE 2 PHASE 1
83	-1.000000e+00	-2.715960e-02	1.000000e+00	5.000000e-01	STATE 1 PHASE 1
84	-1.000000e+00	-2.034095e-02	1.000000e+00	5.000000e-01	STATE 2 PHASE 1
85	-1.000000e+00	-2.805411e-02	1.000000e+00	5.000000e-01	STATE 1 PHASE 1
86	-1.000000e+00	-4.701094e-02	1.000000e+00	5.000000e-01	STATE 2 PHASE 1
87	-1.000000e+00	-2.998520e-02	1.000000e+00	5.000000e-01	STATE 1 PHASE 1
88	-1.000000e+00	-8.920549e-02	1.000000e+00	5.000000e-01	STATE 2 PHASE 1
89	-1.000000e+00	-3.327288e-02	1.000000e+00	5.000000e-01	STATE 1 PHASE 1
90	-1.000000e+00	-1.329864e-01	1.000000e+00	5.000000e-01	STATE 2 PHASE 1
91	-1.000000e+00	-3.786760e-02	1.000000e+00	5.000000e-01	STATE 1 PHASE 1
92	-1.000000e+00	-1.706025e-01	1.000000e+00	5.000000e-01	STATE 2 PHASE 1
93	-1.000000e+00	-4.360101e-02	1.000000e+00	5.000000e-01	STATE 1 PHASE 1
94	-1.000000e+00	-2.014484e-01	1.000000e+00	5.000000e-01	STATE 2 PHASE 1
95	-1.000000e+00	-5.026535e-02	1.000000e+00	5.000000e-01	STATE 1 PHASE 1
96	-1.000000e+00	-2.250279e-01	1.000000e+00	5.000000e-01	STATE 2 PHASE 1
97	-1.000000e+00	-5.762037e-02	1.000000e+00	5.000000e-01	STATE 1 PHASE 1
98	-1.000000e+00	-2.409616e-01	1.000000e+00	5.000000e-01	STATE 2 PHASE 1
99	-1.000000e+00	-6.539965e-02	1.000000e+00	5.000000e-01	STATE 1 PHASE 1
100	-1.000000e+00	-2.489930e-01	1.000000e+00	5.000000e-01	STATE 2 PHASE 1
101	-1.000000e+00	-7.332215e-02	1.000000e+00	5.000000e-01	STATE 1 PHASE 1
102	-1.000000e+00	-2.489930e-01	1.000000e+00	5.000000e-01	STATE 2 PHASE 1
103	-1.000000e+00	-8.110166e-02	1.000000e+00	5.000000e-01	STATE 1 PHASE 1
104	-1.000000e+00	-2.409616e-01	1.000000e+00	5.000000e-01	STATE 2 PHASE 1
105	-1.000000e+00	-8.845617e-02	1.000000e+00	5.000000e-01	STATE 1 PHASE 1
106	-1.000000e+00	-2.250279e-01	1.000000e+00	5.000000e-01	STATE 2 PHASE 1
107	-1.000000e+00	-9.512141e-02	1.000000e+00	5.000000e-01	STATE 1 PHASE 1
108	-1.000000e+00	-2.014484e-01	1.000000e+00	5.000000e-01	STATE 2 PHASE 1
109	-1.000000e+00	-1.008533e-01	1.000000e+00	5.000000e-01	STATE 1 PHASE 1
110	-1.000000e+00	-1.706025e-01	1.000000e+00	5.000000e-01	STATE 2 PHASE 1
111	-1.000000e+00	-1.054509e-01	1.000000e+00	5.000000e-01	STATE 1 PHASE 1
112	-1.000000e+00	-1.329864e-01	1.000000e+00	5.000000e-01	STATE 2 PHASE 1
113	-1.000000e+00	-1.087314e-01	1.000000e+00	5.000000e-01	STATE 1 PHASE 1
114	-1.000000e+00	-8.920549e-02	1.000000e+00	5.000000e-01	STATE 2 PHASE 1
115	-1.000000e+00	-1.107232e-01	1.000000e+00	5.000000e-01	STATE 1 PHASE 1
116	-1.000000e+00	-5.195803e-02	1.000000e+00	5.000000e-01	STATE 2 PHASE 1
117	-1.000000e+00	-1.118127e-01	1.000000e+00	5.000000e-01	STATE 1 PHASE 1
118	-1.000000e+00	-2.834844e-02	1.000000e+00	5.000000e-01	STATE 2 PHASE 1
119	-1.000000e+00	-1.123568e-01	1.000000e+00	5.000000e-01	STATE 1 PHASE 1
120	-1.000000e+00	-1.355041e-02	1.000000e+00	5.000000e-01	STATE 2 PHASE 1
121	-1.000000e+00	-1.125838e-01	1.000000e+00	5.000000e-01	STATE 1 PHASE 1
122	-1.000000e+00	-4.883619e-03	1.000000e+00	5.000000e-01	STATE 2 PHASE 1
123	-1.000000e+00	-1.126324e-01	1.000000e+00	5.000000e-01	STATE 1 PHASE 1
124	-1.000000e+00	4.438139e-04	1.000000e+00	5.000000e-01	STATE 2 PHASE 1
125	-1.000000e+00	-1.125878e-01	1.000000e+00	5.000000e-01	STATE 1 PHASE 1
126	-1.000000e+00	3.166305e-03	1.000000e+00	5.000000e-01	STATE 2 PHASE 1
127	-1.000000e+00	-1.125012e-01	1.000000e+00	5.000000e-01	STATE 1 PHASE 1
128	-1.000000e+00	4.723961e-03	1.000000e+00	5.000000e-01	STATE 2 PHASE 1
129	-1.000000e+00	-1.124008e-01	1.000000e+00	5.000000e-01	STATE 1 PHASE 1
130	-1.000000e+00	5.185596e-03	1.000000e+00	5.000000e-01	STATE 2 PHASE 1
131	-1.000000e+00	-1.123036e-01	1.000000e+00	5.000000e-01	STATE 1 PHASE 1
132	-1.000000e+00	5.358154e-03	1.000000e+00	5.000000e-01	STATE 2 PHASE 1
133	-1.000000e+00	-1.122154e-01	1.000000e+00	5.000000e-01	STATE 1 PHASE 1
134	-1.000000e+00	5.114266e-03	1.000000e+00	5.000000e-01	STATE 2 PHASE 1
135	-1.000000e+00	-1.121406e-01	1.000000e+00	5.000000e-01	STATE 1 PHASE 1
136	-1.000000e+00	4.902764e-03	1.000000e+00	5.000000e-01	STATE 2 PHASE 1
137	-1.000000e+00	-1.120776e-01	1.000000e+00	5.000000e-01	STATE 1 PHASE 1
138	-1.000000e+00	4.603336e-03	1.000000e+00	5.000000e-01	STATE 2 PHASE 1
139	-1.000000e+00	-1.120268e-01	1.000000e+00	5.000000e-01	STATE 1 PHASE 1
140	-1.000000e+00	4.412331e-03	1.000000e+00	5.000000e-01	STATE 2 PHASE 1
141	-1.000000e+00	-1.119858e-01	1.000000e+00	5.000000e-01	STATE 1 PHASE 1
142	-1.000000e+00	4.250146e-03	1.000000e+00	5.000000e-01	STATE 2 PHASE 1
143	-1.000000e+00	-1.119547e-01	1.000000e+00	5.000000e-01	STATE 1 PHASE 1
144	-1.000000e+00	4.101337e-03	1.000000e+00	5.000000e-01	STATE 2 PHASE 1
145	-1.000000e+00	-1.119322e-01	1.000000e+00	5.000000e-01	STATE 1 PHASE 1
146	-1.000000e+00	4.047363e-03	1.000000e+00	5.000000e-01	STATE 2 PHASE 1
147	-1.000000e+00	-1.119180e-01	1.000000e+00	5.000000e-01	STATE 1 PHASE 1
148	-1.000000e+00	4.069727e-03	1.000000e+00	5.000000e-01	STATE 2 PHASE 1
149	-1.000000e+00	-1.119119e-01	1.000000e+00	5.000000e-01	STATE 1 PHASE 1
150	-1.000000e+00	4.141056e-03	1.000000e+00	5.000000e-01	STATE 2 PHASE 1
151	0.000000e+00	0.000000e+00	0.000000e+00	1.000000e+00	t0 PHASE 1
152	1.000000e+00	1.000000e+00	1.000000e+00	1.000000e+00	tf PHASE 1